1.7939795443379754, -1.6571913540661174, 
1.5855157939216116, -1.4585803732403972, 
1.8102449472890259, -1.673058291426736, 
0.8503588460195376, -0.7600492776593067, 
1.2710811798329957, -1.159668057497754, 
1.4969830228007106, -1.3756232913231916, 
0.17330962449350995, -0.12083585659698015, 
0.000782112152537151, 0.0411671826884652, 
1.7640991351264044, -1.628832661630304, 
0.4809564346791158, -0.40944877713468264, 
1.8693621948703085, -1.7291464589319703, 
0.1898222472796317, -0.13739781383690952, 
0.2594714396910818, -0.20374094758059602, 
1.7989058574124004, -1.66246956125797, 
0.5161209783036222, -0.4424054293245898, 
1.267444479365298, -1.1563317656193757, 
1.1711766055510502, -1.0647616686028507, 
0.6507433543869096, -0.5695781470060486, 
0.919916571225196, -0.8297928460216272, 
1.6601321919312024, -1.530047261778718, 
1.5135155351591467, -1.3931451325595, 
0.3688602978727747, -0.30764303137487103, 
0.3187542909923044, -0.2600969011036982, 
1.8194765730687568, -1.6820321446399786, 
0.17517115444328446, -0.12243157077821454, 
0.15346713715488758, -0.10469597119450824, 
0.23831714636928325, -0.18061994382764124, 
0.12107731182219722, -0.07213361829991394, 
0.8470342716802808, -0.7601587613872252, 
1.0660024704059607, -0.9621451380105297, 
0.19278250766893468, -0.1416284127434847, 
-0.08747435380681529, 0.12359194062014689, 
0.3451310536586558, -0.2812143871391939, 
1.5331184955731625, -1.4118211190590457, 
0.2257920663776123, -0.17217134643796117, 
1.1196385769812205, -1.0133356300441059, 
1.8542292305552373, -1.714834316592321, 
0.7944894699729494, -0.7051518465439139, 
0.7627132211140811, -0.6795501927639962, 
0.23320346659553526, -0.17598195237611958, 
0.7846286167596161, -0.698253430261039, 
0.33238748846570815, -0.2730776093661611, 
1.7630908033945942, -1.6291660101820675, 
1.0476352686667474, -0.9474302991384982, 
0.16143407051007086, -0.10940858716379309, 
0.160833886434397, -0.10983123479229295, 
1.7384095887653879, -1.6043908760969399, 
1.1873389610712262, -1.085043772427316, 
0.20674571582645906, -0.15086296531980226, 
1.7258638138132685, -1.5923314010197145, 
1.9103905380016648, -1.7680572911974812, 
1.5983901224762136, -1.4732496381570404, 
0.2042721092624199, -0.15055320352864043, 
0.9123148541928858, -0.8163429366227294, 
1.8192347218652252, -1.68178585108119, 
0.2067929047501198, -0.15558788227186926, 
1.5306703783658522, -1.409528898746558, 
0.07187102579150223, -0.02420828019236021, 
1.1212095984387231, -1.0192863266501135, 
0.3173827641956443, -0.25839641286187776, 
1.1939067969857404, -1.0882419674141557, 
0.7216432924413645, -0.6361170955319349, 
1.6523398113948602, -1.5222555611615123, 
0.12578162370064078, -0.07617421003834457, 
1.0553552879519164, -0.9547812798961696, 
0.9552267951833017, -0.8622526545133602, 
0.8880747374168477, -0.7935658530789929, 
0.8203208278436572, -0.73495975767255, 
0.1200974491701714, -0.07275689729515122, 
1.5347895710693351, -1.4117815867337349, 
0.12975541278016933, -0.07870854586227782, 
1.3874285059042153, -1.2701414019787765, 
1.8210920118496094, -1.6834440733060514, 
1.744219019363709, -1.6099364580375612, 
0.08351195593781702, -0.038554847673742954, 
0.9293760991860289, -0.8379539614152439, 
0.5059797250031224, -0.4367228077473332, 
0.06243372782466061, -0.016152419759230985, 
1.8800403356306647, -1.739225806869694, 
1.8465821997940983, -1.7078075781843511, 
1.179655177540988, -1.0705469430348638, 
0.29179945935620805, -0.23400014739172692, 
1.7824624703893526, -1.6470166787530376, 
0.11670514516286395, -0.06682021259060489, 
1.0613798641596064, -0.9625772261729819, 
1.8177143201741244, -1.680137924744744, 
1.1089452006985698, -1.0056280833814344, 
1.8463617790694091, -1.7070863375899858, 
0.707981562860616, -0.6229269245171309, 
1.7923680904663093, -1.6566494081040686, 
1.465323284291308, -1.3457819673511078, 
1.4904844413960252, -1.3683243886893939, 
1.6834870553896848, -1.5519229681858149, 
0.3319976819797688, -0.2689191359927726, 
1.8467742807378529, -1.7076873012152862, 
1.7901127139872521, -1.6535493224602287, 
1.7497561999219176, -1.6152068645556532, 
0.4512116792235516, -0.3859426334495677, 
1.8408073947532078, -1.701782515292328, 
0.7115684533072524, -0.6295235823190386, 
1.7939116823850831, -1.6579398713704525, 
1.7734567593129942, -1.6380256979200918, 
1.3378726657244342, -1.2252515581190258, 
0.054276143515070985, -0.008150819987488678, 
1.8166695152986283, -1.679065074766966, 
0.1121001449269951, -0.0650076202719514, 
1.7959299462197973, -1.6598202175204406, 
1.1766615444864008, -1.0697097136093014, 
0.7222734845696192, -0.6396408870251095, 
0.022865020449618023, 0.020860465729830246, 
0.9111950285009807, -0.8208251663002256, 
-0.19730269861482508, 0.2261313672674612, 
0.8201598558193162, -0.7324947737718931, 
0.19071505350821283, -0.13613867176010586, 
1.7971062829492364, -1.660689134123688, 
1.362620222595347, -1.2485054103243902, 
1.4584718115347015, -1.337962373516465, 
1.8692311586991184, -1.728877751954596, 
0.1017673879147411, -0.05449340891442045, 
0.9238951466438716, -0.8295082611695317, 
0.2897467726644086, -0.2287922778972794, 
-0.18471498986582846, 0.21451419972850205, 
1.6348424541639757, -1.5078802568430283, 
0.17491010005160923, -0.12282945235009779, 
1.108153892591004, -1.0069573926877742, 
1.737905613155625, -1.604936500895234, 
0.05749584125119839, -0.01136861456728433, 
0.47254097273839507, -0.40102061719751936, 
1.8259570101076585, -1.687714205424063, 
1.848978443405981, -1.709529106263512, 
0.39219505974328617, -0.3301828854880221, 
1.6518220357028497, -1.5238255272541505, 
1.5705140669970599, -1.4443866255571, 
0.2030020462013229, -0.14929127422261335, 
1.5251747370985824, -1.4014114986003596, 
1.4626431536047555, -1.3417784349715685, 
0.03026012416780105, 0.012933740940955563, 
0.9701255109248239, -0.8717838728944625, 
0.4247570725064414, -0.3609614278651241, 
0.006664431382564173, 0.03543892389401315, 
1.8161468153289617, -1.679037046973314, 
1.6754562528526227, -1.546366667443223, 
0.9356093005643372, -0.8413045830606627, 
0.2165726573009502, -0.1617689785442178, 
1.7057649477617, -1.5732651600237872, 
1.72707606037347, -1.5950166277769893, 
0.6483828192369268, -0.5717103363794347, 
0.9589740894611135, -0.860524947943636, 
1.6842257852954123, -1.5535497006788959, 
1.2007778055015028, -1.0947369400452938, 
0.5444227548388787, -0.4727926639886749, 
0.43589308188219245, -0.3707793247308466, 
1.3821969712261724, -1.2651382396286701, 
0.9849502282096203, -0.8905313749949733, 
1.5089695259126994, -1.3874419743424673, 
1.719335452248116, -1.5874627691007468, 
1.7752105281742454, -1.6394590902097408, 
1.2843818362335846, -1.1745773082442317, 
1.5948405566212847, -1.4702079708182998, 
1.0073895401818436, -0.9118184847771833, 
0.5854850598896579, -0.5076491772715834, 
0.5817046501295504, -0.5038130761727491, 
0.7964056819908447, -0.7098719330783934, 
0.004633328213331012, 0.03538906905908934, 
1.7713791503892922, -1.6364592955103985, 
0.9013020466993893, -0.8085512832498378, 
1.8257588498507862, -1.687402252475588, 
0.36711481238593613, -0.30702867450901694, 
0.9817920663096809, -0.8852463129383409, 
1.8047005758457177, -1.6673227099866126, 
0.357456667454051, -0.29658360524427807, 
1.8056566015120217, -1.66842035519598, 
1.85282275899754, -1.7135293916518555, 
1.704215178403627, -1.5717964146477224, 
0.6446818012195901, -0.5632398312738324, 
0.9083689720037676, -0.8178643959835274, 
1.7941146394489726, -1.65733702111391, 
1.6362118472259692, -1.5070661125326792, 
1.5208870746979728, -1.3972685509906393, 
1.700468648111821, -1.5695472344614627, 
1.625298547443213, -1.496781575220855, 
1.8495529839815052, -1.7101672969156803, 
0.9028673008068624, -0.8125405001500259, 
1.853452327708846, -1.7141376136046884, 
0.18714328352591747, -0.1327858602110379, 
0.02581584515871227, 0.017458644401403323, 
0.26274272743018534, -0.203511658068814, 
0.8899791667762523, -0.8008457988014215, 
0.4478965050600401, -0.3823867547104911, 
0.30755986555035136, -0.24589568971136266, 
1.289855984178719, -1.1795130309888417, 
-0.03716885586693919, 0.0762284272573367, 
1.5753067512238381, -1.449395153912408, 
1.8166675617861907, -1.679305459794043, 
0.38815348918530845, -0.3219235780710965, 
0.09890387871930045, -0.050218400974733624, 
1.5727406758021856, -1.4490577132893936, 
0.07397326152289563, -0.02747078069195985, 
0.9797455375623675, -0.883761581290841, 
0.7998995304331803, -0.7152445058325314, 
1.2071668031854588, -1.1007481728463846, 
1.6278978268578954, -1.5002503666029638, 
1.1657946072227616, -1.0592976995526844, 
0.18410948574941322, -0.12971248434053395, 
0.9513083140641136, -0.8536359222602837, 
1.8088457252300165, -1.6714445465782612, 
0.06756431506808042, -0.02234792295049215, 
1.5829261046679273, -1.4587810928951883, 
0.9415538827186151, -0.8444540779070623, 
1.3677745202772007, -1.2533579782113848, 
0.7767403661344623, -0.6878525935108335, 
-0.06290714132344005, 0.09984259777658244, 
1.2393056778102594, -1.1296692165013968, 
1.6397805203798639, -1.5127277443536065, 
1.779560869750505, -1.644547723803281, 
1.7945474400974526, -1.6580278258131935, 
0.042500911386866125, 0.0017625096518012473, 
1.5577363070990953, -1.4321577430613235, 
0.971575913122912, -0.8778915185623297, 
1.4256277961524129, -1.3082953286339363, 
1.5229766186023004, -1.3993536743279875, 
0.1831679513618779, -0.12997736999482445, 
0.7874426860046857, -0.7031656841305371, 
0.5890425665191565, -0.5156006764115995, 
0.3506654397708024, -0.2861844676953309, 
1.6379561695695481, -1.5086291084743184, 
0.6827299120762361, -0.5999134918982469, 
1.7883878739904757, -1.6528326487277067, 
1.8326821389339425, -1.6942341558894731, 
1.6759951486164504, -1.5462681999619026, 
0.13234592284366065, -0.08509724249116646, 
-0.06946436359793645, 0.1063329530906642, 
1.7653247958269738, -1.6301853910860264, 
1.8136269887832221, -1.6759835088731212, 
1.4273179758973047, -1.3079132967265428, 
1.0661761574214514, -0.9675366755409515, 
1.702769864136556, -1.5721373510478076, 
-0.1722686710610573, 0.20365756461026174, 
1.73214494174641, -1.5984306268258335, 
1.802173894374826, -1.6652704402572613, 
1.825199425304259, -1.687356897753348, 
0.4995186037466855, -0.426755474034778, 
0.9337000836076744, -0.8369032907780695, 
1.5015615166775254, -1.3804528677918517, 
1.0593475129248602, -0.9585193782384952, 
1.7428545344509399, -1.608559052708636, 
0.9341995085124639, -0.8373800875702858, 
1.862882000137374, -1.7228508439934846, 
1.846886617705574, -1.7079296118625753, 
-0.11909446892998204, 0.15212057276135926, 
0.04636039907557571, -0.0016488693045704217, 
0.5197157157639585, -0.445595066971913, 
1.7903936766504418, -1.6545920333122326, 
0.7257133399556313, -0.6399121960553269, 
1.8378672564440008, -1.6990566424128586, 
0.07286369536424464, -0.026439308513222293, 
0.9778428694027537, -0.8834886969057645, 
1.7659987919429863, -1.630554211437371, 
1.8182071192305185, -1.680621361117772, 
1.465701755994328, -1.3480135147984988, 
1.7857447807614855, -1.650229371756394, 
1.7729071646700199, -1.6372864580239206, 
1.8246682275225468, -1.6864376450491272, 
1.607368059440805, -1.480701776956847, 
1.424835629986366, -1.305599908921557, 
0.3883773067408951, -0.3256842539728194, 
1.6663227143596966, -1.5356477101289947, 
1.696787191107027, -1.56620041642288, 
1.4867073010374527, -1.3676708923422336, 
1.7746969037738847, -1.6389748113254574, 
0.8476903730594133, -0.7599390662680511, 
-0.04911681903393217, 0.08675687555827849, 
-0.17245940136253385, 0.20376532553801152, 
0.5185482119423406, -0.4452726119664935, 
0.27282146691170284, -0.21557365232227377, 
1.0201229408081818, -0.9213664207825787, 
0.08754293369616123, -0.04051779032914882, 
1.7295272865222118, -1.596971864312966, 
0.32251523329275555, -0.26124393768845977, 
1.0088109611618261, -0.9105072101909503, 
1.558364652190329, -1.4340865734710175, 
0.006744427134935171, 0.03379452002274874, 
0.25398368059415066, -0.19852574694208336, 
1.7810029185814846, -1.645568725234702, 
1.80264304347161, -1.665566804455637, 
1.8381239347802198, -1.6994140534208677, 
0.016650240607724354, 0.024456130584770586, 
1.523198783069566, -1.3991351743123301, 
0.8450661090051698, -0.7580305176711961, 
1.8453226574506603, -1.706373076851462, 
1.7314630630102499, -1.5976508344044977, 
0.9665277933737777, -0.8707025211803551, 
1.3359870634721789, -1.221106684466442, 
0.6084322520156994, -0.5290253260740005, 
1.4689773685953627, -1.3493708767625918, 
1.7973385309405159, -1.6610646265442075, 
-0.0679514231834249, 0.10594751314062334, 
0.5847386133658528, -0.5114413860580678, 
1.6541686229581765, -1.5240856660185904, 
1.8161855794679718, -1.67904186212416, 
0.19175982564987726, -0.14064773639223094, 
1.7547756337981957, -1.6210117669949333, 
1.400670158324158, -1.2845411548775552, 
1.4296958796018278, -1.3140810621197232, 
1.2346906159624427, -1.127135378869295, 
0.8305277690561098, -0.7433804909715007, 
-0.08394486689382197, 0.1216534389348316, 
1.793238963290087, -1.6572433706252867, 
0.7097152429694844, -0.6246951817725366, 
1.7913462276676397, -1.6546707085966286, 
1.5514123039159111, -1.4289605956490348, 
0.39534962567172827, -0.3284660690239267, 
0.9272701991210912, -0.8309091568317645, 
1.6740360048021334, -1.542871936894595, 
0.7665821572641157, -0.6785695853624704, 
1.7971654612966217, -1.6602731350365725, 
1.5117585300627294, -1.3914720373128633, 
1.8126265108953836, -1.6757962553577848, 
-0.031607892807830884, 0.07186065242322115, 
0.5702070230609008, -0.49774731071662237, 
1.5228864997083549, -1.4002511948747416, 
1.8258927539521057, -1.6877165601311133, 
1.826064874639254, -1.6879045323383233, 
1.686932466415995, -1.5555887370017416, 
1.6324951846975777, -1.5034458300725322, 
0.03309240442391098, 0.008703130427438976, 
1.1133415458427174, -1.012180624260627, 
1.6818071037638442, -1.5505076608808426, 
1.6057414616411623, -1.4778139670481316, 
0.8250286634539665, -0.7364605969792132, 
1.8287909625307952, -1.6902389606064094, 
0.5517321907398628, -0.4806415209530015, 
0.4361801977031906, -0.3665254916135522, 
0.8457723371793604, -0.7566796572284444, 
1.5035423529806597, -1.38212194483157, 
1.5700869629002583, -1.4440961378063244, 
0.21807345450317073, -0.16476076939485051, 
0.6480999137568375, -0.5665772499369798, 
0.5105966008853984, -0.4366398628373812, 
0.38427781516263143, -0.3182149301814976, 
1.5416575098395766, -1.4199227488192774, 
0.34732036721556353, -0.28675323202904, 
0.012038271721698135, 0.03011638685163609, 
0.12586111207933848, -0.07696435821154068, 
0.3704650773120179, -0.30525661950842675, 
0.043494213017450545, -0.0006608423490489512, 
1.4687767020631173, -1.3506736168600408, 
1.3554264298147536, -1.2438767369323886, 
1.1895546570071387, -1.084277324220496, 
0.2800036802754159, -0.22297772201045207, 
1.8184499117245174, -1.680548709640096, 
1.6730601228517212, -1.5437746247873914, 
1.6929710355139718, -1.562561159244523, 
0.15515707288715352, -0.10231314154978755, 
1.8383177580924546, -1.6995917502513078, 
0.613288900614257, -0.5379179029668599, 
0.46106971378376477, -0.3903546221085523, 
1.844427005702527, -1.705534455644726, 
1.841790736886429, -1.7031535105271132, 
1.863947681115686, -1.7237864393350024, 
1.60319420978476, -1.4764484903179347, 
1.790278025573977, -1.6545167377733248, 
1.5927245066439257, -1.4678089360454682, 
1.606183728429421, -1.4809024132784785, 
0.38798415376487616, -0.3227962334554273, 
1.7159583221129795, -1.5845177024736672, 
0.31805914076323394, -0.2590065476823892, 
1.1152969964829613, -1.0092389852847714, 
0.36813266856389, -0.3073777656001955, 
1.2250100889979707, -1.1160330626437625, 
0.3164251709224853, -0.2576502458429467, 
1.7381399163045717, -1.6052917495981904, 
1.8312449226521683, -1.6931749589206875, 
1.8402840238288252, -1.7014465699113022, 
0.8941183761710678, -0.7993497055412677, 
1.8414246001988497, -1.7023946684621845, 
1.5554608293558732, -1.4326118836705302, 
1.7765042685747439, -1.6416320371562976, 
1.598062784275544, -1.4722475633255716, 
0.22516579094161426, -0.16998385889766376, 
1.779937314322268, -1.6441059237920257, 
1.4138940030968687, -1.2969581246251263, 
1.146905430617395, -1.041621694267708, 
1.8246911253187996, -1.6871925552444416, 
0.5948742529732247, -0.5214914451215721, 
1.39592140060308, -1.2780647526082616, 
1.0015454869240163, -0.9064693710279598, 
0.08891763451429008, -0.04328732603022567, 
1.6354102636780299, -1.5085478344743077, 
1.8248619219974531, -1.6866123337109662, 
-0.050545518798367495, 0.087956149726657, 
0.5730563667380819, -0.4963135668828452, 
0.014168600823769806, 0.029132742451957072, 
0.2689843407497544, -0.20963203477963432, 
1.5565739363309838, -1.4312141388467305, 
0.05657343225693312, -0.012328437047266716, 
1.7782688593123943, -1.642269344207545, 
0.879938648319383, -0.7859860848355451, 
0.2253183018370043, -0.1689254747556549, 
1.7643717272123922, -1.629960064486788, 
0.7509938845635773, -0.6666324508847707, 
1.7707175277096834, -1.635216731206754, 
1.8497873645500642, -1.7107228898559028, 
0.22806345070666112, -0.17537704242819874, 
1.8738588323273362, -1.7332377708592035, 
1.066062193251007, -0.9669801912953948, 
1.7592209068040177, -1.624456955283057, 
1.8672412252785184, -1.727002064348766, 
0.6695218406029804, -0.5895933179321983, 
1.2637032883472563, -1.152556647832889, 
0.9816407486284635, -0.884920624576044, 
-0.11678803278528804, 0.15135570234803902, 
1.8196200775305202, -1.682130813528528, 
1.760673400401879, -1.625715646995935, 
1.803207027323341, -1.6664210104124462, 
0.8608787136060048, -0.772609932862132, 
1.572503302625115, -1.4491907393629624, 
1.6381540877542573, -1.5087179005487696, 
1.7828328005899263, -1.64760720372511, 
0.18952025863777466, -0.13497511103520776, 
1.2206896303787138, -1.1135096467758903, 
1.8854025363426938, -1.744245511815297, 
1.384492687499975, -1.2672807278913996, 
1.8835400792121766, -1.742561706345549, 
1.8751427832221743, -1.734625954590197, 
0.9825553423397022, -0.8852500394343366, 
1.336703962501976, -1.2238854609601457, 
0.579493826482989, -0.5061204298227584, 
0.7954702498569559, -0.711342032378085, 
0.15324047071355268, -0.10366564934259215, 
1.590255445232045, -1.464355386109394, 
1.8339962270165207, -1.6958597437232634, 
0.8500783884079719, -0.7575857916489491, 
1.6567421148886066, -1.5285507246988295, 
0.506709771852346, -0.43852848478657613, 
1.5999240883578585, -1.4748502746590018, 
1.5709481212704075, -1.4473560263429701, 
0.18482102603175643, -0.1309480861518535, 
1.8673339536618312, -1.7269444795421824, 
0.6878948631576368, -0.6067663649215205, 
0.2675755467016676, -0.21191270500474524, 
1.379978432341186, -1.2651757465234255, 
-0.13390483544286164, 0.1673207574748059, 
0.23286971212207408, -0.17802717212272468, 
1.7381243090855834, -1.6052968870082136, 
1.4840223210765537, -1.3656653228097009, 
1.8113240301361966, -1.6738614962484453, 
1.8169201197682947, -1.6795983996580117, 
1.677010126284995, -1.5475692824511071, 
1.108207293305671, -1.0023004808768086, 
1.428579485259867, -1.3095959605698306, 
0.5398974475103371, -0.4638745148063176, 
1.803739623513282, -1.666519711124542, 
0.9268351165384081, -0.8335039849755319, 
0.5299031326328962, -0.46001607913117826, 
1.595877490573283, -1.4696358640750655, 
1.6071231309739382, -1.4815122501431017, 
1.6727233302852957, -1.5436198560049808, 
1.119678136660789, -1.0183043279217265, 
0.12818379971203214, -0.07879141802184919, 
1.8137171446805618, -1.6767337316430466, 
0.6770209796084075, -0.5936753641786507, 
1.784000846200206, -1.6484927727928702, 
0.5988994387626103, -0.5208170850864812, 
0.07065023238663992, -0.02471975507574853, 
0.9102293205022608, -0.8192135324200819, 
1.532517362815057, -1.411200737922073, 
1.7746780788648762, -1.6399059198117043, 
1.6073237845692496, -1.4819400054316625, 
1.8189817698374418, -1.6811945158997188, 
0.6854904314257628, -0.6020310487322001, 
0.8341303124375967, -0.7477844659661598, 
1.8010016009684124, -1.6647557861870443, 
1.4638671442225402, -1.3442980124970423, 
-0.10641879418677758, 0.14127985944159394, 
1.3113069838390143, -1.1999939476379557, 
1.5291335619697173, -1.4063873339382171, 
1.603619861869912, -1.478417835376964, 
1.553732788370442, -1.4286960800282016, 
1.5139102409926566, -1.3920294682119732, 
0.3205973581872527, -0.25913644987806683, 
1.5792869007866441, -1.4527264592673677, 
1.797993309073728, -1.6614185581995984, 
1.6854368662195753, -1.5556318702621579, 
1.3133631831736852, -1.2015072787684504, 
0.18294617282172976, -0.129279327172522, 
1.2927612700602815, -1.1802001738149672, 
-0.0055018600019562935, 0.04664592381307975, 
1.7920441485764822, -1.6555333040953908, 
1.8085929439270858, -1.6710909358217054, 
1.6166374165143602, -1.488424260434162, 
1.1994919688429326, -1.0917118483672372, 
1.8192683504432607, -1.681739826149298, 
0.66180327703168, -0.5793649224496047, 
0.8418008898122155, -0.7494967068870965, 
0.11528724303648169, -0.06621924405356672, 
1.504590477130165, -1.384824675640684, 
1.752070649016837, -1.618538917625403, 
1.7385330089600846, -1.6058006254801058, 
0.10232321941582528, -0.05343357605573118, 
0.011809782976514138, 0.03023096897574551, 
0.943607222152521, -0.8491211501576218, 
1.8227268860991805, -1.6850018304386531, 
1.7938840923841841, -1.6578874531128482, 
1.2115827315535195, -1.1006163625257341, 
0.8177860922553275, -0.7323987593100142, 
0.1160693981716614, -0.06950446440957436, 
1.5437275403450055, -1.421942921682646, 
1.8066809869413403, -1.6696574851713455, 
1.3025616473425432, -1.1918624552547659, 
1.7563249584000324, -1.6215457824679278, 
1.6485620110453865, -1.5210312567822846, 
-0.22589832838410956, 0.25303006140156326, 
1.8438318944307783, -1.7050708567097559, 
1.8078584291351754, -1.6710286714326448, 
0.1930048761195664, -0.13906418019240596, 
0.28206692677412476, -0.22668531199510067, 
0.22654207481195932, -0.1708960173780446, 
0.5858003208913409, -0.5117128562977927, 
1.8700946009090924, -1.7298180976305464, 
1.6732929297987273, -1.5441716892567272, 
-0.2059935048201662, 0.2353803604667134, 
1.7599536085001257, -1.6255949972537742, 
0.44984934997459214, -0.38478289419837064, 
1.7241544195612115, -1.5921886745754157, 
1.8616805004943062, -1.7218137171208412, 
1.7868166691628318, -1.6506800327741789, 
1.7906287889294281, -1.654211226930173, 
1.8182720357207396, -1.6807280450863287, 
1.8447617305003359, -1.7054199673841703, 
0.29809631283822235, -0.23716613584803015, 
-0.035523814189113545, 0.07535471516277947, 
1.8150059632692215, -1.6771974207541551, 
1.4931107843288962, -1.372191303688024, 
1.4480598538593208, -1.3278991918529215, 
0.33415540517002756, -0.27450018265297693, 
1.8373389340971467, -1.6990305413530136, 
1.723664030946738, -1.5904400570942774, 
1.8157504810160798, -1.6784642877767295, 
0.8843472436633883, -0.7954146236409952, 
1.8531624424532127, -1.7138694010502142, 
0.11713208161956867, -0.06819348238359035, 
1.80251495103253, -1.6654878405047704, 
1.4995390088145477, -1.3783868018642673, 
0.33138281943869, -0.2708351745125732, 
0.13188472204008084, -0.08413905668204058, 
0.5095491602967426, -0.43703993195578617, 
1.81725116869076, -1.6791891823541731, 
0.21285792322224173, -0.15628424776625505, 
-0.13015526108128067, 0.16418474717785608, 
0.29589648863798745, -0.23552893022084254, 
0.9902556512051988, -0.8907198365548687, 
1.8204117040321726, -1.68268611415083, 
1.4225989599440014, -1.3039184954984937, 
1.6422889715930913, -1.512865904368445, 
1.544207569974803, -1.4207772882428875, 
0.13669420582119335, -0.08725895721031318, 
0.24166732222801046, -0.18415122983877985, 
1.3507475893115686, -1.2370991945924863, 
0.71421260052166, -0.6287752699613991, 
0.04274001707943209, 0.0009383916925606028, 
1.6886822737812568, -1.5585870770148182, 
1.7249915028249645, -1.5913936905385793, 
1.8328188631731546, -1.6947711621690122, 
1.8232162413231081, -1.685515573174085, 
0.6640710268232402, -0.5817133932473004, 
1.7790661275956672, -1.6430342491590264, 
0.7050736122651566, -0.625927333170368, 
1.847154283927005, -1.70817438674381, 
1.544794266484045, -1.4230077325848578, 
1.2156832677866283, -1.109143450176497, 
0.7481764033380875, -0.6660628057450956, 
-0.06459859179597699, 0.10336768808453678, 
1.5441550961891553, -1.422120837330289, 
-0.1791996625167902, 0.20884232102263983, 
0.237717510836998, -0.18066812043116853, 
1.21361034066768, -1.105177635823731, 
0.3721332236856969, -0.3067426333352702, 
1.488676121571701, -1.3666008903742402, 
1.756140362911168, -1.6214610372774043, 
1.1576028839154395, -1.0538495218483561, 
1.6142456616695182, -1.4861060317569232, 
1.8450902959254745, -1.7060978029699267, 
1.777817933040338, -1.6421113728329102, 
1.7633271677061788, -1.6279808960276931, 
0.08968748842144453, -0.04217946421398666, 
0.561142291599505, -0.4850332236541596, 
1.6484807534257864, -1.518947890443724, 
1.78795452358862, -1.6515456809029343, 
1.8535587580467583, -1.7143262115403666, 
-0.0616155922230619, 0.09920435402734884, 
1.0573230430926897, -0.9565439237723006, 
1.8223533451076377, -1.6840122758893163, 
0.2363556099354297, -0.1794105277339414, 
0.9568038630738993, -0.8610929738322677, 
0.9616034484444337, -0.8684906127645309, 
-0.024570416631896685, 0.06497109736681428, 
0.9636014374928727, -0.8651493138043864, 
1.7990513797080936, -1.6619545383769372, 
0.5700682652347842, -0.49744611678064166, 
1.5605711830382938, -1.4375729033464946, 
1.0429054751958202, -0.9408036099016286, 
1.8316035650071227, -1.693115037380234, 
0.3079854407754176, -0.2503392267098703, 
1.026198864765162, -0.9249995721671738, 
0.2094155763048815, -0.15453377995140816, 
1.7720893510038356, -1.6364558624175152, 
0.03019460123137463, 0.011776647943345875, 
-0.007911361327294197, 0.04933268097189347, 
0.9631299054194709, -0.8675756734024491, 
1.8662108587471224, -1.7259815388659108, 
0.4653475764610876, -0.39448129355575745, 
1.8232147073873426, -1.6850300247038994, 
0.33155489371190494, -0.27250818387361975, 
0.10988138934989977, -0.059824240110852855, 
1.8204612065423311, -1.6829969177992137, 
1.8490165141065644, -1.709946575473785, 
1.1211011471987198, -1.0194458936786939, 
1.741162101123627, -1.6082710041087318, 
1.8555537492740757, -1.716024182329824, 
1.817964525660611, -1.6800027656968546, 
1.807142033117883, -1.669848313554598, 
1.3357527124667739, -1.2213745440516361, 
0.2441307932906479, -0.18951902387419628, 
0.6622959633607746, -0.5844610267219733, 
1.623934629322941, -1.4963744952585876, 
1.5666388004774232, -1.4435601447880249, 
1.8381862373311337, -1.6997788391552715, 
1.6823989320244306, -1.5528288022409482, 
1.4788611235452256, -1.3586377718223903, 
0.13635281939501664, -0.08619884847606862, 
0.2926538675555759, -0.23165583906027853, 
0.04639758151108608, -0.003865699479015716, 
1.8711145430148877, -1.7307449429332018, 
1.8001201140045247, -1.6632133678267986, 
1.833472110437551, -1.694665688386803, 
1.8509263720204243, -1.7115774750588524, 
1.4009531780309956, -1.2849775080218908, 
1.802905654626993, -1.6664110041870246, 
0.5806746100830467, -0.5084338256714049, 
1.1711607719834205, -1.0648388226242484, 
1.110281776982949, -1.0093224748963259, 
0.8263452160787563, -0.7398115527579808, 
1.5278434933594993, -1.4038015636527936, 
1.5006306134757272, -1.3775701226735846, 
0.8994953108664105, -0.8044820889812831, 
0.8890061308610113, -0.7997033965584132, 
1.0894012239729145, -0.9893606445158137, 
1.8116868089151188, -1.6742923048431582, 
0.9282274230664664, -0.8322212523201652, 
0.8932192206188014, -0.8012186021656916, 
0.9762369371306492, -0.8825828652252894, 
-0.14813670756272024, 0.1804363958492492, 
1.8348641989878995, -1.6963049053676307, 
1.7789430345106074, -1.6434613725014027, 
1.8151895349751808, -1.677970589703625, 
0.803516473719945, -0.7134738530048691, 
1.8177103193090436, -1.6803818070301604, 
0.31514492759050466, -0.2525601204656027, 
1.7629845461996643, -1.6288506859325573, 
1.863926376690725, -1.723816119588533, 
1.334641909059443, -1.2244355365648265, 
-0.11285182058226834, 0.1459462355553055, 
1.7456313217625699, -1.6124457354501336, 
0.6003715194477284, -0.5264046804211772, 
1.4326747628716001, -1.313583204436056, 
0.3756666824165923, -0.3093306959977151, 
1.8126996992975313, -1.6756759254623357, 
0.8143290023306391, -0.7239769780117321, 
1.8508467219362594, -1.711489660521015, 
1.8062957552393422, -1.669636759483681, 
1.2484210058827592, -1.139832252608888, 
0.7321964843280225, -0.6461407682512822, 
1.7229145986431988, -1.5895755269273015, 
1.61883055937952, -1.4911833204374652, 
0.9266021812019636, -0.8332708462997488, 
1.1446677490298787, -1.0388304085883049, 
1.5877072824576262, -1.4608307185146143, 
1.7278490369901833, -1.5942858076579616, 
1.5421712517364696, -1.4185621023337427, 
1.3233598528452313, -1.2090621570122386, 
0.44337489495498494, -0.37807730503345127, 
1.1692574510230795, -1.0623852953104453, 
1.8173066364425323, -1.6792741201093433, 
1.7912123011394478, -1.6555217868857175, 
1.4704181048948781, -1.349089935121666, 
1.6561076610430607, -1.5260407945082446, 
1.8120594151689413, -1.6745623307804864, 
1.5681029281293108, -1.4420072343090113, 
0.5495081517363738, -0.4782739650255784, 
0.7255653443208749, -0.645002934620472, 
1.1610179330911004, -1.0573359837436753, 
1.7846323816719845, -1.6483422776308279, 
0.5235792780044655, -0.4488780060139992, 
1.358113392433251, -1.2438634862246352, 
0.03871829483326855, 0.006259948599750653, 
1.8487605963743932, -1.709288978525128, 
0.4188163009742195, -0.35278258730090994, 
0.7917998132607316, -0.7072525566808816, 
0.6692622770143153, -0.5867324462368015, 
1.1497106390194627, -1.0440753189630159, 
1.052483394388723, -0.954336549414533, 
1.0448279222811352, -0.9445890204363095, 
0.16731507675819113, -0.11678569538545158, 
1.6265443816766876, -1.4986643109241766, 
1.6707330596211105, -1.5417631142913997, 
0.7024005122536918, -0.6181301107811559, 
0.07570568183597476, -0.031411098900121504, 
0.2149504421269811, -0.16274706266184413, 
0.6443019646947701, -0.5634914450235677, 
1.7388663666922226, -1.604629692843835, 
-0.07779928578598089, 0.1137106380295515, 
0.0022367462873196797, 0.03840235412141124, 
1.0577690522613439, -0.9570678513095543, 
1.3004272532795058, -1.1875234289145529, 
-0.006677263079869489, 0.04729462608971802, 
1.0046365556100505, -0.9065802290184093, 
-0.15146036404375457, 0.18357080910453466, 
0.3012611760032916, -0.2433627248641007, 
0.1441051802523493, -0.09270973375195357, 
0.1721411468120162, -0.11885831948024195, 
1.7672444444821045, -1.6328056677905687, 
1.8382704812696067, -1.6993610531147456, 
1.7284061975866623, -1.594798061540629, 
1.2505337790752886, -1.1419600396218765, 
-0.15937216995305764, 0.19065849383076233, 
0.314070594405118, -0.2553896810078845, 
-0.3973557850561884, 0.41464042312222854, 
0.016959023484205193, 0.02551385796923722, 
1.7263752661956688, -1.5942512661072517, 
1.417958886098973, -1.3007135981999396, 
1.8360317707262355, -1.6977821599828313, 
0.8200651055151718, -0.7321043257575528, 
1.6863944045186152, -1.5565261329062086, 
0.14110601165007164, -0.09164548359406677, 
1.8074345829436935, -1.670179687330482, 
1.8605253521708587, -1.7207290199714502, 
1.0323027537459608, -0.93282337682972, 
1.8624371985004977, -1.7224668494509707, 
-0.21335905220426937, 0.24160209390498416, 
0.29823316231194696, -0.23666115034397983, 
0.8068245600885988, -0.7167732792403533, 
1.4478457896009722, -1.3276264720346387, 
1.4743490568337785, -1.352990941758248, 
1.580711938936308, -1.4539374904748896, 
1.500340504953219, -1.3808806669399467, 
0.7570298646582921, -0.6746414766623599, 
1.5970292918008728, -1.4697599300753097, 
1.5923190297219199, -1.4662396539136662, 
1.8562530200387146, -1.7168452746461145, 
0.015605773853411331, 0.025296648255663134, 
0.9292408572006259, -0.8373312832804213, 
1.7401338129009765, -1.607303233202488, 
0.6732130039267753, -0.595073573772348, 
1.1502275692820083, -1.0471902094296044, 
1.7235971487812503, -1.5902466259044439, 
0.7381512657282984, -0.6566181035481211, 
1.4626811130367292, -1.3449621152937086, 
0.9946811744962505, -0.8952638669461579, 
1.6358285216740072, -1.5065131837249939, 
1.0725953386096143, -0.973352520749001, 
1.6320240363860736, -1.5051725045130362, 
1.7312743405443565, -1.5987930629701301, 
0.1913336546610921, -0.13739074633807635, 
1.8058928545217057, -1.6692276669910315, 
1.5887725155787182, -1.4631163759347217, 
1.8240111570799915, -1.68583704625001, 
1.7029902651865685, -1.5708050565519849, 
0.4356538908999914, -0.3684177819927008, 
0.4638992124280451, -0.396467554127103, 
1.3625968135113957, -1.2486227288604679, 
1.7658212442286652, -1.631286070388925, 
1.7694321049350312, -1.6346644873155238, 
0.532960161632185, -0.4631529835756115, 
1.7920951215637095, -1.6562651243722897, 
0.2994001528820728, -0.23876676717949596, 
0.5229383713963554, -0.44889407637576606, 
0.8344632528383598, -0.748345572890606, 
-0.0033850093875392173, 0.04427934497623376, 
1.8547858188508057, -1.7152336464307267, 
1.7682463980649845, -1.6337889122036473, 
0.36823267435654716, -0.3026646166854913, 
1.6453951830141387, -1.515740225275914, 
1.7508260095304116, -1.616085501276635, 
0.2328198159474425, -0.17939049594180234, 
1.1597646902967456, -1.056591353247991, 
1.4612803608252563, -1.3419834817385912, 
0.3301480772060682, -0.2675597627377808, 
0.35712652388298893, -0.2961542750051004, 
1.7732082622847136, -1.6374143251345084, 
1.8302587976240854, -1.691867045114157, 
1.522186426031195, -1.3984303359995467, 
0.02214063228005797, 0.021038502271098825, 
1.901537251933779, -1.7596089867788378, 
1.812986769829164, -1.6760127758093935, 
1.4780954471452705, -1.3565212880296726, 
0.068527306345679, -0.024444397725134626, 
1.4640764608839782, -1.3466160949184478, 
0.43128875704117103, -0.3672518225979201, 
1.8547338775563915, -1.715189715130409, 
0.612077717451915, -0.5324562139503293, 
1.5730481839305153, -1.448245989919276, 
1.0022991955333111, -0.9044741046919229, 
1.8621265866837222, -1.7224177774757994, 
0.5291338531337229, -0.4600900388045217, 
1.0556529572115825, -0.9553266472834452, 
1.4544964291722318, -1.3335904401920893, 
1.8184951077331406, -1.6810121914453795, 
1.5735748771393323, -1.4474802776091051, 
1.1862141758865914, -1.080822520207838, 
1.6480653076349754, -1.5202913122090744, 
1.826363651112733, -1.6880961028213575, 
0.028350584020434444, 0.013566761560696028, 
1.49893922275811, -1.3779320857484947, 
0.07415655562255496, -0.02739432882033921, 
0.4233803154982854, -0.3547066618591951, 
1.7507258491417057, -1.6161468347323387, 
1.854836679706411, -1.7153226377534299, 
1.8671565358145437, -1.7271797344164053, 
1.8423770016502639, -1.7033981278673518, 
0.32950759085684433, -0.2696254843268703, 
0.41740918786296277, -0.3488398779705548, 
1.6539894071237584, -1.5239384034041548, 
0.5320517691830746, -0.4574868833843899, 
1.4596405059928155, -1.3421472481821408, 
1.7418479262989333, -1.6074733723423398, 
1.3294112207617677, -1.2150911703094152, 
1.516669430009442, -1.3935258994761448, 
0.04234208029512937, 0.0003919942904688778, 
-0.039020016825070836, 0.07908496961343525, 
1.147318917771694, -1.0395680465301562, 
0.6202477019785178, -0.5448733948489779, 
1.4144539149851068, -1.2959393207330225, 
1.8228480761362702, -1.6851536844573058, 
1.2184558962072225, -1.1116017999849275, 
1.213281150193147, -1.1065578991163627, 
-0.12431906021702138, 0.15719706409308098, 
1.0166661388720604, -0.9154478022979555, 
1.8520695508744556, -1.7125057427984438, 
0.053861912409580215, -0.00835322733087418, 
1.8189662207899817, -1.6812758603833113, 
0.9591205718593014, -0.8609384859995913, 
1.2250394409410454, -1.1156777958778854, 
1.3087472485044604, -1.1956067643799235, 
-0.11671231160469697, 0.15202695718361348, 
1.032091859471643, -0.9328684753894494, 
0.3503258900444396, -0.2898188411682334, 
0.9985287248520223, -0.9009202332968874, 
1.516096872950925, -1.3936624219791867, 
1.3498902941857223, -1.2367667783464649, 
1.5120001741382705, -1.3887753116416663, 
1.7068945511560094, -1.5757367483748872, 
1.0477444261944766, -0.9498319193462321, 
0.011137869692120328, 0.03316697539852864, 
1.2332536532096379, -1.1236016413816885, 
-0.03825887507343606, 0.078022580113704, 
0.951006452978671, -0.8553201464562148, 
1.2970019367021774, -1.1846000513999086, 
0.2928824665670732, -0.2344565631062494, 
0.19412909640484688, -0.1422162151243066, 
0.8963243095204501, -0.8008653609406098, 
0.20940945472201722, -0.15380137943408945, 
1.729122216110954, -1.5953050709086118, 
1.6082280551488366, -1.4801348580034968, 
0.383965318649297, -0.31836120218428676, 
0.17826460535170352, -0.12459571884427345, 
1.8697524986842575, -1.7295032874694836, 
0.5471434318462629, -0.47169177362613035, 
1.5525516572246127, -1.4301271944008787, 
1.8506030506517401, -1.711128441444682, 
0.6804772808951822, -0.5971807369657893, 
1.5430818245788687, -1.4197595391720703, 
1.6321290285592163, -1.5031201598045092, 
1.4652427112439164, -1.3475834643084896, 
0.11234947322842076, -0.064152636210833, 
1.7652945632027608, -1.6308317530981156, 
1.8467263339626618, -1.7079386875125646, 
1.6140121215509704, -1.488110143613719, 
0.0021078718675354158, 0.0396966358939842, 
0.9513114312495947, -0.8531821780526764, 
0.23917402454646441, -0.18193841196935612, 
0.4085113284505712, -0.3409790260816262, 
0.23344886840992984, -0.17639441577969295, 
1.4269842990260062, -1.3097245980072034, 
1.7957740344720103, -1.6593610365452927, 
0.30174549286571095, -0.24033446978494788, 
1.8842986898595395, -1.7432045738212747, 
0.4904750151199727, -0.4186204422876352, 
0.27648618406718695, -0.21726391588634886, 
1.7055215966682002, -1.5727758196080197, 
1.4736390349855726, -1.3535670382290725, 
1.3536593465324207, -1.2399166021377483, 
1.7004378100672248, -1.5682091070699946, 
0.9818073954195651, -0.8872723293408813, 
0.560515559189509, -0.4891085398350661, 
1.8214380116203577, -1.6835399454697626, 
1.6981627560950927, -1.5660881303371033, 
1.779530369290212, -1.6442604951166548, 
1.7371493528699335, -1.6044855023360556, 
0.4186648339480312, -0.35450391286806227, 
1.1179488827440436, -1.0139149820939064, 
0.0521163062531117, -0.008722462775759054, 
1.3042068985124984, -1.190966223735032, 
1.2601852638413429, -1.1492938097163958, 
1.788623880335143, -1.6530805581226904, 
1.8445874122086876, -1.705644151042351, 
1.3759315115114037, -1.2593579682187146, 
1.2586549218733174, -1.1476322755401172, 
0.05406564291725252, -0.0090441580346734, 
1.7112269379134242, -1.580142890840559, 
1.0069547198640096, -0.9112544771212875, 
1.0714322798566376, -0.9725796515884749, 
0.3095544751240742, -0.25184559968229436, 
0.9546714296577056, -0.8597689650360301, 
0.19035863853985902, -0.13842667211918402, 
1.6746938046165365, -1.54364673933989, 
1.6994420414489655, -1.5673225348792121, 
1.8278453743662957, -1.6895021800986258, 
1.8502624809372157, -1.7110765670310055, 
1.361004948444012, -1.2451024097343757, 
0.17672714187260197, -0.12467935876321068, 
1.7514097357248852, -1.6168212028135382, 
0.3504872080596102, -0.28867580184324526, 
0.5385576930786601, -0.46841182579158236, 
1.8127900926478948, -1.6759504520070676, 
1.7253946672329925, -1.5919688716640312, 
1.6368404661353309, -1.5086829129457988, 
1.291343557558724, -1.1788910135200403, 
-0.12139202495716106, 0.15453119313502628, 
1.6928263805894233, -1.5611016918528404, 
1.4729363601936427, -1.35309336133081, 
1.5357216812654277, -1.4141057115417703, 
1.837851624557712, -1.699324189900219, 
1.6711254178132398, -1.540515905096361, 
1.62959437710971, -1.5027855798188035, 
1.824916366577109, -1.6867327473427256, 
0.7336092025993108, -0.6519404619186956, 
0.16294870801330896, -0.11333362872615105, 
0.11713759801859691, -0.0671054092869161, 
1.8071689729655245, -1.6698250508304358, 
1.651367977902229, -1.5215169291310437, 
1.7727700774411779, -1.637894211377915, 
0.4956942345568596, -0.42290827829246336, 
0.8344447560442483, -0.7480149521773795, 
0.04914248586532671, -0.0065378022875708375, 
1.671285819495897, -1.5405602073215867, 
1.4963023523356154, -1.3734030752422801, 
1.8209539588974268, -1.6831283716848549, 
1.8499783062100832, -1.7106097063478725, 
1.471519499503307, -1.3534648958768059, 
0.07061429174290978, -0.023726246798160044, 
1.1602302524166161, -1.0562739138723376, 
0.5402410166623941, -0.46503704752161745, 
0.873592973327288, -0.7856678206534536, 
0.4082757619562995, -0.3407951968465419, 
1.6993707612739883, -1.5670455368626164, 
0.27737565816435694, -0.2176807444839447, 
0.2079550247427736, -0.15462441432515273, 
0.2505959212523837, -0.19551531560241364, 
1.6438998814248236, -1.5167367525067619, 
1.8792960939247432, -1.7385828563875716, 
1.5103515742019389, -1.3902353780796406, 
0.07178541512607628, -0.027132502673749004, 
1.24059106038878, -1.1325710123881203, 
1.588338951200322, -1.462461553084475, 
1.8763608869402613, -1.7358763526960077, 
1.5015724985232417, -1.3802038300087403, 
1.8293297189973146, -1.6913297432632, 
0.8449719622740155, -0.7532085521379428, 
0.38143951304927604, -0.3193628741011779, 
1.0930917950170818, -0.9881187171207093, 
0.047385338641354524, -0.004106185936964435, 
0.03091518757563788, 0.011064225831105778, 
0.9267814396755838, -0.8302046457472677, 
1.2639597016623105, -1.1528321596657491, 
0.006463216361090318, 0.033842027120285834, 
1.1629112439040854, -1.0590060840117337, 
0.9320196204516922, -0.8381835302143248, 
1.7847999520330693, -1.6494416082835177, 
1.8304450961367373, -1.6922685064682201, 
1.7760805178970807, -1.6405928585707663, 
-0.02975070793113277, 0.06810045921984909, 
0.14315184707104855, -0.09132951476532836, 
1.705595820627535, -1.5749085922734487, 
1.8288248682314174, -1.6905250996859134, 
1.8525369264937046, -1.7130009544916256, 
0.6408470782816292, -0.5616984557623125, 
0.6649808159929256, -0.583046768528435, 
0.8841776794481354, -0.7898977146424891, 
-0.07590008526060338, 0.11309701101571534, 
1.0691051597957995, -0.9654581455028278, 
1.5180728037329967, -1.3946572222029612, 
1.8600155047756228, -1.7202800643487293, 
0.2422593454560127, -0.1880672363225867, 
1.8218906668212362, -1.6839201921595515, 
1.5082242995812223, -1.3850176937262333, 
0.15243219755336262, -0.10272884308191177, 
1.1586896200830186, -1.05016548506147, 
0.3275515147855132, -0.26518506265804365, 
0.2897877495859511, -0.22989874333337879, 
