[-4.712770420783826 0.28161424126948864] 1
[4.290024427105678 -3.3975677570269944] 0
[3.2914705688480996 -2.699069646327197] 0
[3.076828662243509 -2.5837347516392146] 0
[3.3642662233264096 -2.8495138869531176] 0
[-0.8294868010239884 0.365192297688818] 1
[-2.1653120819034726 1.4525898068777396] 1
[4.108441200111985 -2.9368468922201223] 0
[3.046907920971552 -2.5786078584517487] 0
[3.8857210022619624 -2.86235071359076] 0
[-2.049676338678873 0.7854659035634546] 1
[-3.281094219993852 1.3157466815803414] 1
[3.522402308579199 -2.80085783646654] 0
[3.2129250429941374 -2.7635539474840054] 0
[3.3169495200469363 -2.5029091646948496] 0
[-0.2330564474301311 0.11778327103827593] 1
[2.868539341297451 -2.376466572382564] 0
[-1.051114525645274 0.6782356404994987] 1
[4.514596756478088 -3.540478265460364] 0
[-1.672403502504793 1.0565062014259885] 1
[3.565918228798124 -2.9272132869199643] 0
[-1.845148533829533 1.0005701938878415] 1
[2.9800831027426 -2.5061040564725032] 0
[3.6256249847088684 -2.9975883054007983] 0
[-2.9969346135619106 0.6028948368797398] 1
[3.0762023883898837 -2.583622394808729] 0
[3.0880839749607114 -2.6270972807996356] 0
[-1.4968632162444715 1.2449953575937722] 1
[-2.1447682645017223 0.4280441207346444] 1
[3.0516873398768256 -2.584457708004822] 0
[-2.3339462887519336 1.2261103727444769] 1
[-2.4904232486693534 1.7060924263824981] 1
[-2.839954690530526 0.8590654203706886] 1
[3.2283762870499784 -2.769431968708531] 0
[3.5316324245687643 -2.6539085845310497] 0
[2.997859810064212 -2.5341953936403097] 0
[-0.03980846706149161 4.72225270436142] 1
[3.175527128386221 -2.719148151491738] 0
[3.038263081884694 -2.5700798501111914] 0
[-3.771856316997257 1.9415293388077037] 1
[-1.6164300927238413 0.15266560005226154] 1
[3.1873249766719565 -2.7327435520111685] 0
[-0.6068807946170407 0.38918351763566694] 1
[3.810653632087752 -3.175336415174127] 0
[-3.4431252166432538 0.9940220820698735] 1
[2.932281768318563 -2.45754500636193] 0
[-2.1154186746990162 1.6575859387487926] 1
[3.8178511695699413 -2.955083107145294] 0
[3.0426501699073647 -2.4903896000179424] 0
[3.2322781787640587 -2.7571778171031855] 0
[3.5261331780209666 -2.8553951739707104] 0
[-3.3094489881256974 1.7537365654698671] 1
[4.563650470470066 -3.0354706380306835] 0
[-4.7325884148489195 1.2741741557632573] 1
[-1.873266210468227 1.6210641050306118] 1
[3.3140615568580367 -2.703142736274053] 0
[3.015376851546889 -2.4919343730849475] 0
[2.989320331562208 -2.5207197900611105] 0
[-1.7157275710473485 0.38232519649350205] 1
[-2.554133833406049 0.9843209362522118] 1
[3.988550321315118 -3.014751228351928] 0
[-0.33858952956023713 0.37638109924758417] 1
[-1.8253279790433883 2.3304278123960196] 1
[4.3061126343240375 -2.9021937489990295] 0
[3.5619662899482645 -2.711050241182232] 0
[-2.7382278745961894 2.013410193250782] 1
[-3.0405838148746844 1.5833555995204878] 1
[-0.7886997059476595 3.182032202490354] 1
[-0.6744967143191187 1.5741762802231316] 1
[-3.960808906032768 1.728680773760429] 1
[3.218234454519629 -2.652014805865692] 0
[3.24105243512477 -2.787795086989094] 0
[2.9056903207344646 -2.430058016395506] 0
[3.1544409849621893 -2.6928641598354917] 0
[-2.3202640649181356 1.1233759048091985] 1
[-2.8017070773710984 1.3791743113901225] 1
[3.366186066807808 -2.7871922853009257] 0
[-3.4267565511716 1.6457794576776505] 1
[-1.5446019117279275 1.4312166572230662] 1
[2.962597803768481 -2.3381074074730366] 0
[-2.464861190393203 1.183747516734547] 1
[-0.6932580042706076 0.2984764133001565] 1
[-2.0342554977582905 1.4052895859923233] 1
[-2.7376529919205117 1.0411040627973178] 1
[3.1148016435180095 -2.639507829725132] 0
[3.533877328011762 -2.840391439938588] 0
[-1.5546608231860044 0.7227478930817206] 1
[-0.5036285691068206 3.3602332740057657] 1
[3.4860543102965 -2.7684942109446213] 0
[-1.2459162051298707 2.3734106432008444] 1
[-2.232222283622658 1.8489429238229245] 1
[-2.3050682450253737 1.1522633859480957] 1
[-2.580133327054284 1.092695642559877] 1
[3.3915111105880973 -2.6581070867866896] 0
[3.3412810051720063 -2.8000546931580903] 0
[-0.5845386174747368 1.244476994664382] 1
[-0.33044541623202883 1.7340994119280517] 1
[-1.6796755941530885 1.1991021874234618] 1
[3.375305156072344 -2.83199035360808] 0
[-1.822685721982944 2.10224262955637] 1
[-0.6226275461838542 2.4532795030460433] 1
[-1.412872826832949 1.261375132167497] 1
[-2.1080007331850386 1.280289906799534] 1
[-3.4979229279393547 1.6534165971934305] 1
[3.486315065569295 -2.834514138306923] 0
[-0.723456479862732 1.2617953014055043] 1
[-1.2139183841072052 1.1888400327510047] 1
[-1.3407337308192289 1.1271088557881435] 1
[3.5863189736776357 -2.929992789496085] 0
[-0.1546331003235361 1.7054154458948312] 1
[3.4012885826163988 -2.8381108273243836] 0
[-1.2030848217571295 0.47798928358575166] 1
[3.337875587245478 -2.8912290433058256] 0
[-0.227580503767621 0.5580881613580335] 1
[-1.7223849885135643 1.478176223756455] 1
[-2.844036957691709 2.0447095298703397] 1
[2.8224635077373046 -2.3556191453223327] 0
[3.5480875138901995 -2.5997267697345086] 0
[3.435638599790083 -2.7156663382920048] 0
[-0.8719465294929238 2.0896416150507857] 1
[3.051703283052497 -2.5512539939826344] 0
[3.2081960185926275 -2.6942488841746206] 0
[2.7593658584545144 -2.2597244849713376] 0
[3.170951481932681 -2.7160574979587135] 0
[3.2866829686056986 -2.5593200426440488] 0
[3.461637552625901 -2.9515790101947417] 0
[-2.225178715211376 2.0761228352867973] 1
[3.4980622453556682 -2.847729542321285] 0
[0.4402461098168107 -0.4276231128918304] 1
[3.102717095780039 -2.6286837118682147] 0
[3.1550781364293186 -2.6498036242693894] 0
[-2.2166932097058556 1.4830640518324885] 1
[3.4936432827258406 -2.7752184207950945] 0
[3.050208505713405 -2.5873630408039494] 0
[0.33386746633848946 0.45240687238085087] 1
[3.026162428875982 -2.5647510949901657] 0
[2.9187062562291866 -2.449973414800011] 0
[-1.4182951828255392 1.8578559314765906] 1
[4.154254697229824 -3.216914891006361] 0
[-2.509590023858104 1.355432441898539] 1
[3.2870037333909505 -2.733181526188482] 0
[3.7851232395871968 -2.961120657719943] 0
[2.979663082072382 -2.511730395937673] 0
[3.131358590816199 -2.611566025036116] 0
[3.3404781868150355 -2.6096268510020253] 0
[-0.24840761587035087 3.2002214664139172] 1
[1.0027256139604224 -0.8582584451747362] 1
[-0.9186562025629326 0.6688829268573506] 1
[3.048121823168106 -2.584704806991521] 0
[3.1031325248637773 -2.559110787714904] 0
[1.1260287951335708 -0.9132825960195841] 1
[-0.7191697889213013 1.1372838618222056] 1
[4.100698293977912 -3.2579108374316803] 0
[3.3932003634179004 -2.882622534069885] 0
[3.022333902425867 -2.5609095659390317] 0
[-2.6918353152332117 1.7534367840530316] 1
[-2.683914729773954 1.7433920977885604] 1
[3.655505736746064 -2.670263706692899] 0
[-1.9777407014876933 0.8303290058914518] 1
[3.961696148500148 -3.1140376341195695] 0
[3.3004621407368933 -2.7594389079173363] 0
[-4.211632017799329 1.579218943933351] 1
[3.8816777144284558 -3.3153577998541746] 0
[-0.19857781205610908 0.2398530888471118] 1
[3.3461381216961747 -2.771202768829579] 0
[3.4316775573087615 -3.0013557303783167] 0
[5.593132263494851 -3.409534601540412] 0
[3.1531276551117626 -2.483795882143446] 0
[-0.2619450455364553 -0.31257529014455315] 1
[4.225554630821476 -2.894697758657969] 0
[3.062223123589075 -2.5113720720027572] 0
[3.0859852302051323 -2.6279543547884217] 0
[2.8215288399588907 -2.336081544989445] 0
[2.9441195349879488 -2.4764833489096496] 0
[-1.6320269691942848 1.3655945261344486] 1
[3.294893181570024 -2.5430666378231415] 0
[3.683690570026676 -3.174525947237986] 0
[-1.7455142678403004 1.5378111794113511] 1
[4.1998012261758895 -3.2995395395990474] 0
[-1.4354054217398886 1.2670065126565355] 1
[3.133808017666759 -2.6056038707263784] 0
[3.1259136834779837 -2.533201656914023] 0
[3.118743744689507 -2.6443949573005967] 0
[-1.8543344504212944 0.6779433650280723] 1
[3.253322307427702 -2.4944712193958942] 0
[-0.4514783638503992 1.2088964183508732] 1
[1.4559491561369293 -0.7442939063982656] 1
[3.1400392084542057 -2.6092389666667595] 0
[2.934610229541752 -2.467239697121821] 0
[3.3421804652828806 -2.751158527471791] 0
[-1.3169713063275041 0.2064982231656516] 1
[-2.920071758511444 1.14153902987421] 1
[3.7070325305307366 -2.747172692628764] 0
[-0.8735446498960936 0.8428021994532469] 1
[3.196884594187524 -2.719500154884882] 0
[0.7246787843903852 0.5957665960686751] 1
[-3.9262661958910563 1.2267440053755176] 1
[-1.707869811089716 0.9276325379216318] 1
[4.7978905245956165 -3.266865328111477] 0
[1.0974238143890644 0.49405857690631516] 1
[-2.6347480881108387 1.9464447322110476] 1
[3.0987911657783815 -2.639357475094791] 0
[-2.479189415387264 1.2716373695017569] 1
[-4.932952908478356 1.6828887597919029] 1
[-1.5173877023247428 0.9567474425180276] 1
[2.9895790789026044 -2.450242949790726] 0
[3.1856915916029607 -2.6755068827143025] 0
[-1.2486172800600444 1.0259826334586317] 1
[3.18868801873917 -2.59141325368791] 0
[5.234376395587102 -4.099722534998147] 0
[3.1454327666954303 -2.689600156872115] 0
[-0.8545900379993145 0.4615487362651842] 1
[-1.987704450133271 1.4741155134446808] 1
[3.696115878479413 -2.961967404147771] 0
[3.186924287614453 -2.691278880868354] 0
[-1.3311874887160906 0.36741624285163027] 1
[-0.8810915589765302 0.3581354651661669] 1
[-5.438360923741225 1.4382426006112237] 1
[-1.005522084562568 0.7560408446771947] 1
[2.966196592435542 -2.383975934317025] 0
[-2.06472510510223 0.4547723616648434] 1
[-3.2532791729548745 2.0576296343306852] 1
[-1.0027034069980554 0.5001839483180097] 1
[3.534827696356997 -2.7814967389039946] 0
[4.212350675584196 -3.237598389721638] 0
[-2.113903562692612 1.1589292087740701] 1
[-1.6164494565894667 1.020060581949192] 1
[-0.6498590457898024 1.0085609347036313] 1
[4.238521885890215 -3.1215452423444465] 0
[-0.3522701478992121 0.21167101528139765] 1
[3.107428208970857 -2.6203061807875203] 0
[3.1118558858345162 -2.652280971787842] 0
[3.188183303562866 -2.704867501300453] 0
[-2.5417186829040777 1.201154091514998] 1
[3.532410279856218 -2.996756235938154] 0
[3.348605697492565 -2.876186416598604] 0
[3.6486982184403596 -2.9347270781670893] 0
[2.9246551822967612 -2.4591389674767887] 0
[4.139871035707918 -2.9965477325871284] 0
[-2.251755069454199 2.1453482028405095] 1
[3.046680739638117 -2.5780175347454715] 0
[3.0376653039255928 -2.4905448872500155] 0
[3.082893519303944 -2.5444825490667062] 0
[-0.6779382272216237 0.949193117323509] 1
[0.10973110862648003 -0.17227244774218545] 1
[-0.8951087161498443 0.1419454206542513] 1
[-0.870096656847361 0.3027552850390617] 1
[-0.19043860182990052 0.339037608761873] 1
[3.884619335804967 -3.245488679605133] 0
[0.004961795735645421 0.1709695399605953] 1
[-0.8295286114606335 1.036176363080735] 1
[3.1866978025041446 -2.5742150048025505] 0
[-0.5811931790725093 0.22540255232068812] 1
[3.1551341585532677 -2.5550374745365523] 0
[3.6402927796992737 -2.9017221938467] 0
[-0.5805119112962713 3.398925161081351] 1
[-1.7882299300581064 1.236777134862717] 1
[3.933578346701343 -3.0387993164881335] 0
[-2.660469648014982 0.6626798961426908] 1
[2.985168553825016 -2.5118411130178853] 0
[-0.7512461589639822 0.12457777943503999] 1
[4.276963541459647 -3.1771718318154494] 0
[3.297489052623794 -2.8466415408514645] 0
[2.910682673833592 -2.388380531085142] 0
[-2.327849198368435 0.3840639212282472] 1
[-1.9475204079622546 1.3468609291780669] 1
[-2.4285308328688338 1.4621436428183958] 1
[3.1019171509136063 -2.601065367461597] 0
[3.1694764123667754 -2.7135734590078244] 0
[2.961127343581154 -2.4947234629343638] 0
[3.1057230776562665 -2.566405327936586] 0
[3.17985377708195 -2.6790954929101174] 0
[-1.0224892436319721 2.2265866866663693] 1
[0.7452921368203642 -0.0061244241048912275] 1
[-2.7961790589861795 0.8765509055423892] 1
[1.7876739167017353 -1.2147290270999567] 1
[3.52875279286035 -2.7648796310343116] 0
[5.028921602167092 -3.534281035702417] 0
[-3.347071542390272 1.8266104204727602] 1
[0.08037605621580962 -0.15774441435860131] 1
[4.137879401040145 -3.051733557019473] 0
[-1.1216328712920627 1.090507710697896] 1
[-0.75491036269423 -0.3817327495609552] 1
[-2.8426947486695573 1.0290416064873942] 1
[-0.22371109611561638 0.3575704349159008] 1
[3.26728716816688 -2.794088010575626] 0
[-1.7742708442595858 1.5695746055119988] 1
[-2.8624894806363743 0.9766945156537801] 1
[3.192110952003211 -2.7240496988947287] 0
[3.147846748475933 -2.6886650210590863] 0
[-1.730435056864282 1.5707617861206535] 1
[3.0166970405563145 -2.476758346913477] 0
[3.9436512035930456 -3.0480270934213975] 0
[3.4977696345396456 -2.9216737596365547] 0
[3.2119422383146836 -2.6371644667064063] 0
[3.542901443420077 -2.9386818984972867] 0
[3.506149646226932 -2.7162369676069424] 0
[-1.493326156305698 0.608326035508769] 1
[-0.6281845951572427 3.1380667719023925] 1
[-1.0287529970903777 0.24424550488150276] 1
[-1.2751818040958685 0.5390321964625691] 1
[4.04856567234858 -3.2047859844259468] 0
[3.1922028567623566 -2.7128601986451786] 0
[4.554505906782282 -3.1827488385945975] 0
[3.6870264555506997 -3.020292188061516] 0
[2.9942425466327407 -2.53103429627125] 0
[-1.4256402113318876 2.578521020325936] 1
[3.277508510204433 -2.8291771955900593] 0
[-2.386014813876836 1.2269288418576623] 1
[-0.10685251996155298 0.7924975277707169] 1
[3.399000870064002 -2.9313539607556507] 0
[2.892359333805265 -2.3952063842431106] 0
[-3.1975017236574175 1.3234995882345908] 1
[-1.7502848689371218 0.8966585120991081] 1
[-2.2927686997305177 1.3273483922058325] 1
[3.945533123060444 -3.0003181026006267] 0
[3.4541840980187417 -2.703266764169708] 0
[3.6130455649420528 -2.84449804615364] 0
[-2.4274239903607446 1.6399992876797742] 1
[3.8927103606352524 -2.7893478076831877] 0
[-1.4677429520908407 1.419744309710381] 1
[3.3140584840268694 -2.6734639142895515] 0
[-1.652398485994321 0.5664730146329011] 1
[-2.938833002838306 1.1163821068033564] 1
[3.3906749528297317 -2.917515966915488] 0
[-3.34289346127199 1.6177627932870347] 1
[-0.6759488450657128 1.3151508690632168] 1
[0.455158532377383 -0.3174000847628019] 1
[-2.2729463435450596 1.3376873002510772] 1
[-1.7800891651797177 1.2346505779100416] 1
[-0.0012224106768531553 -0.34225992178448283] 1
[3.5587999634361474 -2.9765460922638165] 0
[3.676645082881551 -2.738714619705502] 0
[-1.069490910996966 0.8711475246878804] 1
[-3.390555098160319 1.9033489115206699] 1
[3.081319507907015 -2.582654503565554] 0
[-0.7092252805896035 0.6783364589963006] 1
[-2.3033883305861944 1.1841254717898133] 1
[3.551058637845289 -2.834807334419722] 0
[-0.6259957550187889 2.7013126950705466] 1
[-2.172620054327983 1.1349279014151312] 1
[3.9138482679897297 -2.965825769244656] 0
[-2.1981907844820867 1.0267472366425092] 1
[-2.7260475793228145 1.8578241884899693] 1
[3.170180017955194 -2.7178788441510937] 0
[3.1338140372523915 -2.6055079590105934] 0
[-0.3892052730144461 0.3642487581604069] 1
[-2.279704989401582 2.154075946962005] 1
[2.7003696997255737 -2.2281658075031556] 0
[3.1122999396486724 -2.653861217276828] 0
[-0.8622258301785721 0.4158144019657509] 1
[-2.2798279431284962 0.65666748420913] 1
[-1.7941609910958443 1.0704757045062991] 1
[-0.21527413144496754 -0.19113926097789552] 1
[3.1997776822219004 -2.5405164922122774] 0
[3.87681650086682 -3.014213138466271] 0
[3.1508003590137625 -2.697104700146391] 0
[-0.6205756359154295 0.2980332813242955] 1
[0.9800507050606988 -0.481748429923902] 1
[2.8995830873593986 -2.4329506911364858] 0
[3.542957491086984 -2.885817856191018] 1
[3.6421116403233427 -2.967445638650457] 0
[4.115180047550163 -2.9487109036170946] 0
[-1.7779139191851852 1.3479652415557333] 1
[3.425471153893545 -2.8060408393044476] 0
[-1.0000633473908123 0.8673667452658007] 1
[-0.6285100558457744 0.3613519577798229] 1
[0.5581120250197075 -0.57284541826538] 1
[0.03439294934728377 -0.21214806592715504] 1
[4.85805382792102 -3.109285321282267] 0
[3.4771525239267493 -2.685265516306749] 0
[-0.1049778757837112 1.6016649770103157] 1
[3.3445770243667443 -2.7136437377759925] 0
[-0.7754571987070171 1.4290551893584187] 1
[-3.006350485446192 0.34407088764308125] 1
[-1.501673235743528 1.3255888544865355] 1
[-2.1831492356675524 0.87688504915466] 1
[0.5303656769994425 -0.37927790849593035] 1
[-1.8806674035658397 1.746461092777355] 1
[-1.5195850128507509 2.1900232501496424] 1
[-0.9114854495833555 3.0120666216462126] 1
[5.070267381570505 -3.1989067587671753] 0
[-0.8451327522211463 1.1802442318094304] 1
[3.208801057495429 -2.744226086008191] 0
[4.024068025718486 -2.834541767039762] 0
[3.124563389667456 -2.667473493628335] 0
[-0.2805815884924607 0.09389953127154418] 1
[-3.4932076991997683 1.2046616062896551] 1
[2.9467962165583286 -2.482043585950568] 0
[-3.0645399647067326 1.6353356448235932] 1
[-1.451148953274414 2.555152154917428] 1
[-3.2452960144634915 1.047498300071862] 1
[-0.8813378261802708 1.007346696422042] 1
[3.978106605739803 -2.778820351221049] 0
[4.019635585746753 -2.7991105688231697] 0
[2.9936180082246193 -2.5093362628671896] 0
[3.597803876071832 -2.781055173191403] 0
[-1.5092251770083616 1.3331946047900929] 1
[3.071130129152318 -2.603544125018776] 0
[3.977032959568449 -2.923192572191986] 0
[3.3207539964702244 -2.8616623727581896] 0
[-2.515611721931335 1.5408352901370108] 1
[-0.9436233592531507 0.8281832284031101] 1
[-0.8110389898424051 1.4471057794000919] 1
[-4.015893555533927 1.7835677091844522] 1
[3.241024989961513 -2.7697745317685936] 0
[-0.4415992617513848 1.0640827637825119] 1
[3.273129191084256 -2.537393961656304] 0
[3.171088610154732 -2.650932915847145] 0
[3.063007350308161 -2.519700225031499] 0
[4.755967207226723 -3.251524652663807] 0
[-0.00764154428449682 1.5290327103925525] 1
[2.87132250039515 -2.3967468081273933] 0
[3.42466656250675 -2.8629192994856196] 0
[3.425688542644571 -2.9748862327568517] 0
[3.4159157253905073 -2.7735234127292845] 0
[-2.0236562818591755 2.0778523106303926] 1
[3.465222365420619 -2.839966147987414] 0
[-2.719877128540009 1.0751871340893315] 1
[-1.6773081868781974 2.2691253441962793] 1
[3.2082276194117068 -2.7581829836354324] 0
[3.4177213612415462 -2.7892641708022343] 0
[3.119847194538976 -2.492461366155643] 0
[-1.446016478950668 2.563743183050141] 1
[-1.1284204319110667 1.644679731716519] 1
[-2.613390793552553 1.0151539957518438] 1
[-2.2960749559268985 0.7859902697185684] 1
[0.22717589954520534 0.265156331671855] 1
[4.662481810092888 -3.464938593611783] 0
[3.7393592457272136 -3.072587292694204] 0
[3.2354014490819907 -2.7468748631762514] 0
[3.573476615758934 -2.98521262397505] 0
[-2.3561898571867177 0.9126619738641342] 1
[-3.6789953224733294 1.5558772405975057] 1
[2.8702497971029217 -2.39768986171841] 0
[-2.03202674822373 0.9470005233963652] 1
[3.405096998746734 -2.943131915811057] 0
[3.013187129494548 -2.5052598490062064] 0
[1.8757332628987546 -0.45583331614449313] 1
[0.2871467374670796 0.01690762831343772] 1
[3.2867211749484397 -2.774269247125451] 0
[3.0550667831821317 -2.368880660399797] 0
[-0.145205114636217 -0.19624791666047256] 1
[-2.4034975426040974 1.626485853945547] 1
[-1.0818154853793631 0.7910526442374894] 1
[-3.2377074954973977 1.7653559309212157] 1
[4.689317138009157 -3.69749030165626] 0
[-2.112970360722092 1.464497801169828] 1
[1.9118581663196086 -1.334390317666874] 1
[3.1028789060685718 -2.6446244540796036] 0
[3.3566723464646104 -2.6973985050238296] 0
[3.529178521349453 -2.7199721243448183] 0
[3.812795113108754 -3.0673595023096265] 0
[-1.8914253145364899 1.2903850764944687] 1
[-2.3334295407779804 2.1107988235986697] 1
[-0.035359781336734813 0.11072588533907865] 1
[-2.8336562325866756 1.064433088735449] 1
[-0.9465466401837831 1.2156926343890724] 1
[4.081610270929791 -2.989213407885555] 0
[1.502384746841029 -1.0500837065816775] 1
[0.43400134050892314 -0.4904553585010439] 1
[-2.51704607665155 1.2438741396021955] 1
[3.3590444850554237 -2.751815234653415] 0
[3.5125953000065704 -2.704030559403872] 0
[3.408536245914571 -2.910505400256485] 1
[4.025375136241255 -3.1590542844967215] 0
[2.967576134841506 -2.422383369468365] 0
[3.147811651887403 -2.6579392888587767] 0
[-1.4503647268080568 0.5366599209423881] 1
[3.220733700963569 -2.7389239865858426] 0
[4.270410992897665 -3.246209875468827] 0
[-1.5702985807026064 0.786075196937287] 1
[3.3602722846365585 -2.907406151117891] 0
[3.2075116713314276 -2.75633420729073] 0
[-2.24967338511782 2.0868263526546684] 1
[2.818339979201534 -2.3476696763541742] 0
[2.7991782775801615 -2.309190007553681] 0
[3.1855016645595695 -2.723317084204643] 0
[3.3126050512487635 -2.7523436737935016] 0
[3.0483184885510513 -2.5152994332585763] 0
[3.113028984705087 -2.656618348620367] 0
[3.2113403244596865 -2.6264968655830154] 0
[-0.8899365634740899 2.079078024481852] 1
[3.0333580228861705 -2.5723034021013813] 0
[-1.977420428438776 1.5765624320152907] 1
[3.7356196860741866 -3.189469822712638] 0
[3.0870485301350916 -2.62876750162559] 0
[-0.907719397594664 0.9153850811851201] 1
[2.930699278445698 -2.439884488447478] 0
[2.975706881071855 -2.497100804338409] 0
[3.411064347310483 -2.6175845667905735] 0
[3.252328945033322 -2.6639810014397804] 0
[-2.076214059738337 0.9450485604787314] 1
[4.0760857738209895 -3.3531132292296704] 0
[-1.3501259103295338 0.7358260469771158] 1
[-1.1934603519283997 0.7665148974819607] 1
[1.6026212737825394 -0.3448905855653832] 1
[-1.1018678511271642 2.083730152085366] 1
[-1.2272974366029132 1.5292260335636314] 1
[3.0623827022651042 -2.5272801215591376] 0
[-3.0691033984424405 1.4819164124418611] 1
[3.1320913420950713 -2.649222249257334] 0
[3.6491917521359714 -3.1577616074538732] 0
[-2.7342693608201896 0.7331911073977794] 1
[-2.191300576970637 2.133179974464411] 1
[-4.3122308718567695 1.7468740715786213] 1
[-1.0370749436832398 0.17972942057273347] 1
[1.2798366569447803 -0.8786963193139379] 1
[-1.7407171940973831 1.0962232430780956] 1
[-2.4696700983035695 1.4094270464638234] 1
[3.268016823795942 -2.822407013628073] 0
[-2.712632540113132 1.3326006806682518] 1
[3.7729667240248714 -3.2803087675195055] 0
[-2.5236593812104067 1.1508079918985445] 1
[2.910590544710937 -2.4451179597184893] 0
[3.1279438543349216 -2.566900604962913] 0
[-0.20561858034469935 0.4280793035694147] 1
[1.7328555203658569 -1.0551165771745823] 1
[3.028390123603148 -2.507304988766055] 0
[5.568103983111408 -3.1851629371808943] 0
[3.000401566704115 -2.5233722136207053] 0
[3.040898435142453 -2.580305921505563] 0
[3.024329531520888 -2.5583384613715063] 0
[-2.017256517330873 2.2205754046636867] 1
[-1.016963313769414 0.6315030735110334] 1
[-1.660895902063435 1.2797333707674303] 1
[-2.409167146423436 0.7372680241782121] 1
[-0.7877192872996222 0.8269041345919519] 1
[3.737442421904502 -3.166025385243709] 0
[-1.007789942150317 -0.11682015485202732] 1
[4.028494739149244 -2.9428482900259594] 0
[-5.002922100957651 2.076554200259622] 1
[-1.9912519608345196 1.1103843757553205] 1
[3.0912849849413417 -2.6240435238260496] 0
[3.1371623158580446 -2.6824904909971554] 0
[3.093556658946507 -2.610311294882184] 0
[-1.1270299401128911 2.0126604795080416] 1
[-1.796594235476606 1.9149876424195758] 1
[3.1807547989425906 -2.728355638216799] 0
[-0.3262867140777493 -0.1477378830868196] 1
[-2.320093185518858 1.0585413575621154] 1
[-3.1074369832256328 1.0849103702587566] 1
[2.925451396402896 -2.421028904973994] 0
[3.1818785697040526 -2.5595333041793302] 0
[0.13866206961275948 0.4272471470559134] 1
[-0.36980099880002415 2.0783019622154475] 1
[2.9743936945749705 -2.460670790725286] 0
[4.036771690208359 -3.1366365047631373] 0
[-4.010752243889004 1.7687304584558468] 1
[0.5007968367737246 -0.05443633420767581] 1
[4.0021397847011855 -2.789197026222699] 0
[3.614813664775759 -2.841437746890276] 0
[3.238588714634238 -2.774879772552811] 0
[-2.117310802231686 1.298466713656057] 1
[3.2136285345005042 -2.7334074156050345] 0
[3.216425699254005 -2.7252191892447257] 0
[3.047873980466509 -2.584227878463645] 0
[-2.005311273529802 1.0084993019301542] 1
[-2.047462407743857 0.9821349234665627] 1
[2.7962075465389997 -2.3236763678721495] 0
[3.4043752890401238 -2.8307571867615096] 0
[3.5575023516554527 -2.7906033017007013] 0
[-2.6872226588705894 2.036379104999777] 1
[0.5186725472973823 -0.6081484277906501] 1
[-1.4950008636746066 0.4202003114499975] 1
[3.5770463007751916 -2.989705629614127] 0
[3.1179452393458096 -2.6537534547676236] 0
[-0.6784549119469312 0.2501776301104004] 1
[-4.248224540495041 0.457305347043945] 1
[-1.5358862265923479 0.7878238216295288] 1
[-1.2328186743548204 2.287442143667972] 1
[3.160513126578553 -2.4659151748226042] 0
[3.5783419820304836 -2.7568462046939333] 0
[-1.7994198881564132 0.6943223175507495] 1
[-1.3070774555070233 2.4480577693213785] 1
[3.957548031600421 -3.0119340633876854] 0
[-2.3869679552045286 0.6123055502199639] 1
[3.279371794651871 -2.7101573229228446] 0
[-2.540219248043545 1.627836106253168] 1
[3.3924289305770854 -2.8190647959954234] 0
[4.016061825552123 -2.948778893323097] 0
[-2.0906569372735926 0.223800745376145] 1
[-0.38178417822763083 0.001501976982150068] 1
[3.5146812325997083 -2.8867336457272756] 0
[-0.5937004474916383 0.3361962719641651] 1
[2.969555327633169 -2.46022175728097] 0
[3.377837410090734 -2.7507333741494326] 0
[3.2870395236167256 -2.6927214392595435] 0
[-0.9120893597991877 0.5391971771059333] 1
[3.1279078351195118 -2.5463838810911783] 0
[3.020122693306769 -2.5583102020334008] 0
[-0.7309507088356629 0.892860650718831] 1
[2.7972259382723914 -2.3281360925253827] 0
[-1.733722802167709 0.05265816290696422] 1
[-0.8593577260933591 3.089882917326436] 1
[3.5109041790382376 -2.7456148804624902] 0
[0.4546126317326119 5.816207592675243] 1
[-1.5028017982330888 1.2922747229364402] 1
[3.2918341792019277 -2.6899432730810595] 0
[3.0780103393803833 -2.51719953307789] 0
[2.8272922226762827 -2.274451346211299] 0
[-2.2401170260329777 1.6643433875354572] 1
[3.3718632380466396 -2.701402262755746] 0
[0.04998030544391515 0.48062125782152665] 1
[3.2649148434767654 -2.676484331941773] 0
[-1.3713733456010377 1.8134796685945385] 1
[3.320390011946613 -2.6683879353070212] 0
[3.5772173125119955 -2.9801943065115157] 0
[-2.9307194716037155 1.6054846304296788] 1
[3.441707841833425 -3.0138618222384554] 0
[2.9438999146958187 -2.4636862986990136] 0
[3.452040210873914 -2.821357397818452] 0
[-0.7160816039968378 0.7310076134379784] 1
[3.3851268476264016 -2.7214659077541423] 0
[-2.422062151936399 1.435579331930041] 1
[-6.143769269170926 1.070276393862243] 1
[-3.2889031068197436 1.2580636617080898] 1
[3.0451510682156937 -2.537643682145015] 0
[-2.3940125428053958 0.9811961430108457] 1
[3.214969487620749 -2.7452000963116197] 0
[3.326064283094203 -2.884420424991096] 0
[-0.39266639203617304 -0.07792928826876189] 1
[3.3528238668134756 -2.7347391370025322] 0
[2.9530145347424854 -2.4674868103984844] 0
[-1.314977812932707 0.543563712548583] 1
[3.148051384782617 -2.644768650800659] 0
[-0.7236244868231407 0.5582611844150587] 1
[-1.4743433938931187 1.1144419275505046] 1
[-0.6783654862962303 0.23789260380807173] 1
[3.477330780474068 -2.881034254613847] 0
[-3.0212484529253523 0.9031644458540657] 1
[3.2002296139442796 -2.7503844091984586] 0
[2.9448013015557604 -2.4425226605883514] 0
[3.3440707468420543 -2.8505148329209202] 0
[4.685658062051874 -3.4656605420277753] 0
[-1.309175762859248 1.8133351603150865] 1
[-2.480274063547434 1.0324545432534245] 1
[2.9092046155251285 -2.432029024747303] 0
[3.0260568698975536 -2.5597234328922296] 0
[-1.1952107466562207 1.1776993584936724] 1
[3.813159736059169 -3.089010021332987] 0
[-0.9337703487183702 0.6474013797374598] 1
[-1.1926993401608974 1.454833337879677] 1
[3.9192830019514444 -2.889229994792668] 0
[-0.7491086595711798 0.8186839113776639] 1
[-1.7204180368753166 0.7238570609532353] 1
[4.4284850671916445 -2.9238148630088725] 0
[0.39866683045388757 0.40227458677316685] 1
[2.9560048643771033 -2.3705534918460525] 0
[4.270290831304537 -3.581895787839626] 0
[3.465691258554836 -2.5658108056534896] 0
[2.954730505216048 -2.4482049845775227] 1
[-2.073114684997078 1.8139055897290155] 1
[-1.137250142339104 0.3291963018472072] 1
[-0.7622995110803841 0.515928400968079] 1
[3.2146975942524634 -2.766068685828868] 0
[3.5214435060124005 -3.097346496338484] 0
[3.4178399091996035 -2.962419475276116] 0
[3.3965961874298247 -2.9605233306860503] 0
[5.469990184347523 -3.5385987540411232] 0
[-1.8214555372839492 0.6394962216097557] 1
[-2.353594404016693 0.7865998787575962] 1
[3.4550288967632943 -2.8602432907744983] 0
[3.151753792889658 -2.589185609239842] 0
[4.275741576799996 -2.970213029022487] 0
[4.600717196838213 -3.130186404892344] 0
[-2.1967134205038574 1.0605544847131139] 1
[-1.8622011369808171 2.3115405745959974] 1
[3.4464429971401365 -2.9839860249306867] 0
[-2.7190966759662407 1.4125620928281655] 1
[-1.645498029474195 1.9428824209647109] 1
[3.1201020041927583 -2.6092365933856767] 0
[2.9115511198467106 -2.410852018237358] 0
[3.0741863664649887 -2.593147671376066] 0
[-4.791197844876285 0.9212711942171239] 1
[-3.203360046914264 1.3320293486090058] 1
[-1.524942130732041 1.0591778868297674] 1
[4.247367103456223 -3.5483967225604065] 0
[3.552732282084447 -2.856572738202882] 0
[-0.11679794256877865 0.13796381031438876] 1
[-3.7458606692812078 1.459398957586254] 1
[3.3069941925828825 -2.806730839075749] 0
[3.154257435904632 -2.7006227988293823] 0
[-2.020934828579964 0.5908519784989776] 1
[3.3623314295457547 -2.9283378087032985] 0
[-2.7232571364898455 1.4736669050923974] 1
[3.660286852026949 -3.163755282649797] 0
[3.766359305860264 -3.0043387165006425] 0
[3.3738247905591363 -2.58176093173042] 0
[1.0043324889909506 -0.6914545607571645] 1
[3.3398400565016093 -2.8023478369042625] 0
[-1.2697301044931648 1.6952337562210906] 1
[2.706886794607507 -2.2372002368291364] 0
[2.8739940468944716 -2.4073633853731162] 0
[3.6665599829600204 -2.816370821868209] 0
[3.660645852308501 -2.8688514475468194] 0
[-1.1727981318399259 0.40362480163210623] 1
[-1.4170099851121707 1.1932506733465504] 1
[3.115194711345596 -2.4734643797167157] 0
[3.802621108170814 -3.1189861036674733] 0
[-1.7305041645296912 0.4747162728417411] 1
[-0.20208702119378721 0.10049805801865072] 1
[-1.8147137923497052 -0.21814951914761685] 1
[-1.6479189674064818 1.416296232920696] 1
[-0.3465599531766886 0.580522716505461] 1
[-2.0434107136350304 0.6768203335286501] 1
[-2.45205760997609 1.453706999220024] 1
[-2.3226451047990864 0.37429759235343285] 1
[3.4380494241340918 -2.8566692586272606] 0
[3.054252370578028 -2.589969430553378] 0
[3.0860644737775784 -2.6249192499470784] 0
[3.229607310201404 -2.6331277649259137] 0
[2.822934779174787 -2.3043293776963543] 0
[-2.3445714655892966 1.5912681910524569] 1
[3.626908193208375 -2.938179158871107] 0
[-2.1354595109726335 0.947192403813665] 1
[0.11115274363281208 -0.26103169146635646] 1
[3.1223975338526815 -2.590719364465725] 0
[-1.3732634033395525 0.8087814449132056] 1
[3.032867008692226 -2.479492722919204] 0
[3.0717421120043134 -2.553771872993423] 0
[3.9437086716436873 -3.1599950029791186] 0
[-0.9059311472951432 1.1191322544263853] 1
[3.822621157371391 -3.015267921121955] 0
[3.9085938738961934 -3.1470445255852395] 0
[-1.1850831989668702 0.3968285889959562] 1
[-1.8606584445614778 1.8435673037961702] 1
[-1.6924627164053456 1.4702108990183345] 1
[3.082864638263798 -2.574803806316706] 0
[3.0176639428540564 -2.4667270151282974] 0
[-0.6489380741813049 0.19485888621422714] 1
[2.998898156136832 -2.53451196148412] 0
[-1.7041629519193546 2.3473672807007384] 1
[-0.38071245826626937 0.5775266975922471] 1
[-0.3455068306276925 0.4473496877857548] 1
[3.0849472618834364 -2.585661198574307] 0
[-2.57281426291538 1.2959303601002055] 1
[-2.0931269610829135 1.3061042491456236] 1
[-1.7782626928467002 1.029431493172622] 1
[3.424453769735388 -2.6681466183684543] 0
[-0.7187102003655719 2.1698862405821773] 1
[3.426565236611019 -2.9852110839855355] 0
[-1.4679234639058583 0.8597734679361415] 1
[3.2500506727738827 -2.7754057948770874] 0
[3.100705251854272 -2.5138719764016297] 0
[3.111064172694647 -2.6322546813967667] 0
[-1.0410171890670399 0.8006959089035877] 1
[-1.4080811006489395 1.1102240969407084] 1
[2.778661186921143 -2.26228890440564] 0
[3.2276409861440722 -2.721322275453364] 0
[-3.187142953504506 1.3981536971149144] 1
[3.301518747836222 -2.7100246804221855] 0
[-3.0538761124491742 1.561854207656952] 1
[-1.3578171471106526 0.6925301564304958] 1
[3.25156389018182 -2.688810104003389] 0
[4.443561016468864 -2.9910716495916656] 0
[-2.1419038426589476 2.192182986560786] 1
[4.197715834519963 -3.3414007323393355] 0
[-2.710554558792513 2.06503792352565] 1
[-1.0107530495492991 2.2201533101206787] 1
[3.247934253472004 -2.7210918210016004] 0
[-2.6270806442302526 1.3235025799388858] 1
[3.096890889829763 -2.623117608268343] 0
[4.381696881317446 -3.046203267600911] 0
[-0.8546437242743946 2.1301663399397217] 1
[-2.342717108101088 1.0970543214846604] 1
[3.2511094246619305 -2.60673889682887] 0
[-1.764624720702698 1.0842138624815751] 1
[-0.16216167049448016 0.3396132536167752] 1
[4.0291786743279 -3.1722108432188443] 0
[-1.264811329780109 0.9561933532356777] 1
[4.311731882862269 -2.9087038719176057] 0
[3.028092033554522 -2.4883479690489074] 0
[3.1295941849360256 -2.5604795606472113] 0
[4.626659659096482 -3.224902134382755] 0
[2.8995064761159925 -2.433136468293216] 0
[3.1292583638976135 -2.57092888355164] 0
[-1.9604090000249008 1.1778798864370743] 1
[0.6847284806075766 -0.5738349725019167] 1
[-3.198646864869728 1.95947207058197] 1
[-2.2750883928645367 1.9987584342224658] 1
[-2.118400779146385 1.0276926159571753] 1
[-2.655393372147528 0.6369703046123973] 1
[-1.702552200260201 1.2277552447696647] 1
[3.417085683359958 -2.7568325812845256] 0
[1.401865188655579 0.0012443023170364052] 1
[3.02647528671404 -2.5580302230243577] 0
[-2.3924647031466018 0.3763636377687078] 1
[3.1593675569336446 -2.696876357604257] 0
[-1.5739073210735186 1.3359852284769815] 1
[-0.060722485962207 -0.1355154346961887] 1
[2.924565157805544 -2.4497502482539057] 0
[-1.589572315042422 0.7344361576368108] 1
[-1.5831346541707079 1.3678990130093327] 1
[4.4667434204532235 -3.1575196113583415] 0
[-0.28380030554041835 0.5798183561305231] 1
[3.59063538410681 -2.865676674895176] 0
[3.440465711121875 -3.0074193102884355] 0
[3.4675708754639105 -2.552872112805221] 0
[3.2125903356105816 -2.7085815933514934] 0
[3.6321841780539805 -2.8454060396238687] 0
[3.2755107346409607 -2.4129506659721236] 0
[-0.9060180591211103 1.0884210279439386] 1
[4.499010634553757 -3.2781445470228117] 0
[-0.817175242340175 1.5202319528181687] 1
[4.407773185804273 -2.9653475477387747] 0
[-3.973606499455278 1.6362738157406551] 1
[3.0939867993627868 -2.596388064124488] 0
[4.724123412586211 -3.3781042457677746] 0
[3.2096037453296953 -2.7338285623763263] 0
[3.473102486302049 -2.6485155300594387] 0
[1.2498304757986127 0.05008146846143602] 1
[-0.6019805383415919 1.1567395764476558] 1
[3.137190668549973 -2.6787579086380395] 0
[2.9994636339534715 -2.514017509088198] 0
[2.9898337005592865 -2.4294550595441438] 0
[3.6673245613061267 -2.8716638936905277] 0
[4.41636211936363 -3.20555430738846] 0
[3.2098901238127087 -2.759704995453965] 0
[-2.352345956148618 1.803258548732269] 1
[-0.019567043624741664 2.458291062169954] 1
[4.556471939901924 -3.585361796915743] 0
[-3.359587027924537 0.6661667073775948] 1
[-0.5324677007071075 0.8281703933550608] 1
[2.1747587398651698 -1.6360494899774745] 1
[4.808584484724495 -3.6373576613707854] 0
[1.1806202564952892 -1.0342135734319224] 1
[2.9960215526416234 -2.2654522263838333] 0
[3.645432147034189 -2.9972820477353292] 0
[3.0999641339005244 -2.638109375223] 0
[3.170676227567877 -2.718416358349251] 0
[2.790415374605252 -2.3003964940012964] 0
[4.245195226147393 -3.10524155614329] 0
[-2.4315525788196912 1.007089932862356] 1
[-1.65567789968999 1.4146222483978117] 1
[3.210764098690862 -2.698463565729025] 0
[3.586720742790065 -3.0307180401849214] 0
[3.2946693593841694 -2.6739298058577896] 0
[3.537806186819073 -2.7612386736370773] 0
[4.591437268615211 -3.1911616823830142] 0
[3.179794469566703 -2.538103376013101] 0
[2.674340619872214 -2.188268751043239] 0
[0.12848655014473348 1.2527911048322284] 1
[-0.1771384684089553 1.0262346671939042] 1
[-1.56531247362698 0.32545578738027503] 1
[3.095518169673938 -2.606749417405048] 0
[3.53460344078945 -2.795630787723711] 0
[3.52188061900081 -2.6368673177900446] 0
[-0.022991057126503876 -0.08865847643202338] 1
[3.8712527379158916 -3.046990380840066] 0
[3.0853070006511105 -2.563542003901266] 0
[3.381543018640351 -2.8309758613143936] 0
[-2.70720959994799 1.4341674358448495] 1
[3.4048065702166888 -2.756327218657202] 0
[-1.5807471040876964 0.7093886197822463] 1
[-1.116315398363053 1.0765039834061407] 1
[-1.4373474295561413 2.1124510281018516] 1
[-1.7447880754166953 0.739214895117591] 1
[-0.6822382449683941 0.6409568543528249] 1
[-2.6309125241909523 1.1676300379252127] 1
[-0.6955963295200198 1.6854476624132244] 1
[-0.5381911694533313 2.0303461821134343] 1
[3.2406891476621817 -2.585490662860652] 0
[4.225642472683127 -2.8493535677242448] 0
[3.407125630293804 -2.7775251751937606] 0
[3.060620538648852 -2.524083368368187] 0
[3.2148013722786493 -2.6316197901919014] 0
[-4.111166920738677 1.773389138049606] 1
[-1.2112401125367898 1.0843038167604404] 1
[-1.9895807063810758 0.9046083912807947] 1
[-4.578657123734452 1.659851706683228] 1
[3.47830517802795 -2.650482733286802] 0
[3.582521356396895 -2.784443478242877] 0
[-1.1671481086214799 2.5026929569881418] 1
[3.4250213060155477 -2.759301476535173] 0
[3.8406068506318576 -3.01009188273526] 0
[-1.7288817107691927 1.428548443681187] 1
[-1.9553459428061997 2.137677901131819] 1
[3.534381719406422 -2.8573497175606164] 0
[-0.9524898750104791 2.1741491855038126] 1
[3.2286660166644037 -2.5489810110948588] 0
[3.169480213259107 -2.703290283921528] 0
[-1.8302735023683239 1.529472593308645] 1
[-3.007701421539446 1.4243755331040107] 1
[-2.05524235869919 1.1852807415534126] 1
[3.5864445700341046 -2.917691899081311] 0
[3.413846389561926 -2.8097572770088157] 0
[-0.7341307069649694 0.8415568410503784] 1
[4.128862290625801 -3.129060414770781] 0
[-0.4334845052147908 0.0599341067411147] 1
[-1.9320346088085176 1.342972514878361] 1
[-0.5797776464866579 0.407167866632515] 1
[-2.5353491704727285 1.3718126409159175] 1
[-2.6650711470188813 1.8108788531846616] 1
[3.989936457855591 -3.0476486069798017] 0
[-1.0008356674624403 0.9395879817809123] 1
[-2.264470826938978 0.6631936190042965] 1
[3.422600060131038 -2.8902325045113484] 0
[-0.827598790198006 0.12146668107307941] 1
[-1.946252656163907 1.7735644789991993] 1
[-3.545122352107605 1.2615523677143143] 1
[-0.768767115335482 0.36368225243931485] 1
[-1.2074904391370498 0.8720656596146668] 1
[0.4396335521899657 0.8339539723094093] 1
[3.3846992556352338 -2.512178733202929] 0
[-2.7049281278522175 1.092343443497486] 1
[2.8231187410481136 -2.3514786631808704] 0
[3.973616763537639 -2.930373702611865] 0
[3.203444528319634 -2.6774039126977227] 0
[3.6641016745419037 -2.9129653353162173] 0
[-1.038079799395558 1.1026266338801076] 1
[0.9693932219128177 -0.0870155728834539] 1
[-4.3273351576764885 0.650717917494912] 1
[3.295940365594059 -2.729055845747596] 0
[-0.983875959679696 0.8135171982433238] 1
[-2.3564715150422693 2.0069262643763417] 1
[3.3707453300970576 -2.937618580989361] 0
[-1.698569669860536 1.1751471909646607] 1
[-2.2801456280993464 0.6848158535328271] 1
[3.294700339401306 -2.667832666628211] 0
[3.562488756435696 -2.921720061611782] 0
[3.2063724296092038 -2.74027151785668] 0
[-0.5611339172823527 2.9351717447548182] 1
[-2.3346193373715987 1.2972687613215355] 1
[-2.2759496843430886 2.132710883873285] 1
[-2.234546835004135 2.024253663778352] 1
[-3.7278188753543535 1.6651188665523575] 1
[1.6997656272819048 -1.320225138534553] 1
[-1.6396842035779757 1.6437666378534914] 1
[-0.6749932573371821 2.933456064638926] 1
[-1.034211531575023 0.816084517744002] 1
[-2.4387514766007428 1.104469719262294] 1
[-3.3394121829899808 1.0285026451558776] 1
[-2.0584412169396717 1.821484989265222] 1
[-1.5706863840416316 0.9320271205486486] 1
[-0.33777328794297257 0.7131671603856293] 1
[3.518342458554196 -2.8654573851543974] 0
[4.196513835699637 -2.8857727497451187] 0
[2.8877802031662343 -2.331910185022732] 0
[3.4169887518645616 -2.7600407988720232] 0
[3.7392048976556556 -2.9262718795827767] 0
[-1.2866575847309374 0.8545520967074052] 1
[3.5663523309306915 -3.0271699135943297] 0
[3.2431047501624857 -2.750410441965911] 0
[-1.438651096283023 0.589803134320172] 1
[3.613774807289417 -3.1083049069281925] 0
[3.500350856260094 -3.029034887408871] 0
[3.0875417685383697 -2.614716951400842] 0
[-1.4829854826368112 2.1752897600538805] 1
[3.7107990241915294 -2.920307939438415] 0
[-2.391108600927651 1.1199267693589756] 1
[-0.5097232005321608 2.111269075558497] 1
[3.2263116397284994 -2.7439768244941245] 0
[-0.1535110586975388 0.9933381094281941] 1
[-2.328910086752188 1.8479245281878127] 1
[-1.6339336215764955 0.6883732095216265] 1
[1.1197548859196749 -0.1590205712389957] 1
[3.568155725824444 -2.9995403306314143] 0
[-2.313573308422103 1.1635334363006633] 1
[-0.5365993010724013 1.8719397122014625] 1
[-4.084740112941655 1.8658473216164166] 1
[3.2576937922190625 -2.773073767802553] 0
[-1.4337051811670125 0.394990349847355] 1
[3.2723573304649287 -2.766056048296557] 0
[0.7657988225430776 -0.5282340798663879] 1
[2.899394523829668 -2.418348232604667] 0
[3.1510728438544087 -2.5894863625955833] 0
[-3.2403569844972893 1.631458634565782] 1
[-3.7525038623538327 1.6908748534069025] 1
[4.325943999291682 -2.980466139803305] 0
[4.065343230240879 -3.239145891589427] 0
[-1.8179941098203842 0.36588990264389754] 1
[-1.5709441233674208 1.8235781926360741] 1
[-1.4941822646998366 0.9009694745836894] 1
[-1.3250768336446361 0.7041469431139458] 1
[-3.5218038994805867 -0.1759445407233493] 1
[-0.5602612304537049 0.412889424562083] 1
[2.926632167930805 -2.450033395290176] 0
[0.6991411867660965 -0.3426940591341484] 1
[-2.4197680263485704 1.5104486616467252] 1
[-0.342662945759732 0.5260065672183996] 1
[3.1953994156135526 -2.6680415100886967] 0
[-2.2429250172587025 1.257746926337172] 1
[0.4208851449319266 -0.48653480779216973] 1
[3.152004705555528 -2.6362178463373245] 0
[2.78316000667954 -2.316248249828366] 0
[-2.153813402253771 1.4037955401777649] 1
[0.5608576884668941 0.4445601885370662] 1
[-0.9594728068549567 0.35299481214867756] 1
[2.9988055709957067 -2.4367943991905583] 0
[-1.83659440528 1.4766578051468415] 1
[2.81196609844247 -2.319733026319543] 0
[3.1955412163883654 -2.642081324273594] 0
[3.155665638271001 -2.5737698186267157] 0
[3.7629460894116766 -3.02772699753038] 0
[3.6635446926789985 -3.018887359365789] 0
[-1.131689118766078 1.0925829351932719] 1
[4.4957353019708375 -3.430085971454502] 0
[-0.3529257430036229 3.6267103909859735] 1
[-1.9517097795125702 0.9378529315097629] 1