[1.7121680216005388 -1.592262984274448] 0
[1.5788792167336496 -1.4546516877885445] 0
[1.7125979056064922 -1.5971829275037175] 0
[0.8511309598257983 -0.7599306171114595] 0
[1.2701919391446173 -1.159561608117299] 0
[1.492760800208776 -1.3743360242890015] 1
[0.173119969871185 -0.12030623644940383] 1
[-0.0005241523016614939 0.04178413307172587] 1
[1.7087142759670049 -1.584673970859535] 0
[0.47996442518931803 -0.40852568949238843] 1
[1.6569576673069562 -1.5558773527498395] 0
[0.18926575352664987 -0.13597466727547527] 1
[0.2600254324238923 -0.20657354337866995] 1
[1.7182245026676564 -1.5976690156824496] 0
[0.5162913881894174 -0.4433506266776411] 1
[1.2661155614241038 -1.15794110298464] 0
[1.1696889143284002 -1.0643019956254085] 0
[0.6511648639581891 -0.569639875950215] 1
[0.9198892503352991 -0.8304890439198339] 1
[1.6446112627952005 -1.519172444573802] 0
[1.512036643962702 -1.3911001419555287] 0
[0.3701116391075761 -0.308346783417997] 1
[0.3186292639964624 -0.2624380213024049] 1
[1.7125670012138623 -1.5972696461746654] 0
[0.1748118980790379 -0.12279312654269162] 1
[0.15699824004809443 -0.10680725019773239] 1
[0.2389439435028564 -0.18148761506365876] 1
[0.12005914773192636 -0.07568351338949957] 1
[0.847624956092842 -0.7609224251374649] 1
[1.066857737261865 -0.9618972964991463] 1
[0.19295598654862317 -0.14092217498847787] 1
[-0.08828971356693138 0.12371783983089044] 1
[0.34395916989891717 -0.28006674170924367] 1
[1.5311591849335575 -1.4089343126682303] 0
[0.22508225559442852 -0.17181345344424045] 1
[1.1192604017794137 -1.012173982173731] 1
[1.6850885646915668 -1.5758817287658204] 0
[0.7959358037851609 -0.7052675475944274] 1
[0.7616023112345276 -0.6809716670113515] 1
[0.2329960619212841 -0.1754264947271495] 1
[0.784936682125454 -0.6978181113670905] 0
[0.33292982208327604 -0.2731879393973269] 1
[1.7144546914032643 -1.5911022143215416] 0
[1.0500774430302688 -0.9470622990230785] 0
[0.16166698580327363 -0.10840218401959231] 1
[0.1592475197682013 -0.10987936350822347] 1
[1.6982820688181324 -1.5721579967459722] 0
[1.186961763925656 -1.0852855278931002] 0
[0.2057286349507807 -0.14985001117747426] 1
[1.6888061157816996 -1.5649495847459716] 0
[1.5241524896739196 -1.451618668105622] 0
[1.5932145365469264 -1.4662965061722346] 0
[0.2033995004482821 -0.14967358957793914] 1
[0.911741201493879 -0.816563340780713] 1
[1.7133460118584054 -1.5959807423015444] 0
[0.20786444534193166 -0.15677870982742523] 1
[1.5284133027338083 -1.4068523676136273] 0
[0.07189152253468148 -0.02383595793086623] 1
[1.1188073661839568 -1.0176300748919063] 1
[0.31834695781536415 -0.2581448950660467] 1
[1.193759215799445 -1.0886170265578001] 1
[0.7217035779472449 -0.6355479381869553] 1
[1.6367094512289417 -1.5120571293050866] 0
[0.12543469437550692 -0.07771002762831228] 1
[1.055835217546216 -0.951178620011071] 0
[0.9542939718912465 -0.8610484140794898] 1
[0.888713744020033 -0.7942936095793531] 1
[0.8200650165470285 -0.7346297046893322] 1
[0.11686266330734427 -0.07206114928085641] 1
[1.5320041151570298 -1.4098380958082544] 1
[0.13055296723584098 -0.07869422115244244] 1
[1.3863809338017812 -1.2684313566446086] 0
[1.7121258130264705 -1.5967007124255037] 0
[1.7018453491916663 -1.577190904279798] 0
[0.08330883908062962 -0.03770522805020134] 1
[0.9278309622490875 -0.8373200926628744] 1
[0.5068413182042389 -0.43581386826455437] 1
[0.06279813287257857 -0.015566946361448897] 1
[1.6311810740725892 -1.5350796871531407] 0
[1.6968411055461234 -1.5885107823406788] 0
[1.179549796261321 -1.0715261321745646] 1
[0.29499143363055286 -0.23629473367665588] 1
[1.7181885378133077 -1.5966950666448252] 0
[0.11863359313978132 -0.06736046871913479] 1
[1.0607442703820138 -0.9606918536982709] 1
[1.7120497612343546 -1.5963464981649347] 0
[1.1090648534843215 -1.0045063185617629] 0
[1.6865844713461091 -1.577822077629032] 0
[0.7077654815757526 -0.6226345207254239] 1
[1.7193586578863231 -1.5999115599324556] 0
[1.4654096160773378 -1.3463840077414955] 1
[1.4908022775394447 -1.3696941740367738] 0
[1.6632723542526735 -1.534550784856699] 0
[0.3315362374952604 -0.26767956397844694] 1
[1.6902984196373094 -1.5812013969375325] 0
[1.71198621159329 -1.5920795287783331] 0
[1.7040539382837656 -1.5788624158425417] 0
[0.45088166844660654 -0.38493967504161736] 1
[1.6914359783220212 -1.5819585172987025] 0
[0.7097992213942123 -0.6288925350035037] 0
[1.7176127966779575 -1.5983091398099298] 0
[1.7139330062664757 -1.591682118894175] 0
[1.3367405884862804 -1.2239606449985523] 1
[0.05549600102081493 -0.009042299512738827] 1
[1.7124969229071112 -1.5937963270742204] 0
[0.1132488514813054 -0.06497637939033023] 1
[1.7206015254501015 -1.598911916748286] 0
[1.1750029981465613 -1.0677562938703016] 0
[0.7226786944705763 -0.6384699920490391] 0
[0.023145841893975727 0.0203791173208075] 1
[0.9113692660701779 -0.8217484986472255] 1
[-0.1981827133053437 0.22392730639331565] 1
[0.8204338936892498 -0.7347276711660946] 0
[0.1904960980404061 -0.1355293627530481] 1
[1.7146148328847106 -1.5978006774016524] 0
[1.3625417883902555 -1.2485543331827635] 1
[1.4577656926170972 -1.3380790841797907] 0
[1.6522265475800881 -1.553357824230809] 0
[0.10303272075688064 -0.05507515087555977] 1
[0.9252323915528773 -0.8316609511284865] 0
[0.28806532273972507 -0.2273352395252245] 1
[-0.18461091666224366 0.21343879815097233] 1
[1.6255737645562642 -1.5017167249311147] 0
[0.17633880934251522 -0.12300430846042777] 1
[1.1094105508958607 -1.0063302079455463] 1
[1.7023666060134106 -1.5777372462809067] 0
[0.05840724106727202 -0.010859533518178414] 1
[0.4733909110711356 -0.4022375466672636] 1
[1.7032957363713503 -1.5910489296972998] 0
[1.6803918125109463 -1.5753916508304533] 0
[0.39175738206167127 -0.3297606836301257] 1
[1.6391525406286758 -1.5156839875245351] 0
[1.5647125539421496 -1.4401556663435011] 0
[0.20324884298280443 -0.15000944877618913] 1
[1.5229568711954387 -1.3993757507772462] 0
[1.464764274126406 -1.3432942265028038] 0
[0.030564358386957 0.013586676643712079] 1
[0.970492350298978 -0.8717649203221101] 1
[0.4256292312774328 -0.3615437685144971] 1
[0.006503063883595653 0.03657169987113059] 1
[1.7171180349669741 -1.5987890501558633] 0
[1.6594964116348794 -1.5352068025747863] 0
[0.935437763099709 -0.8410010746402828] 0
[0.21653161911578972 -0.16169504769254683] 1
[1.678994152336384 -1.5521628090990172] 0
[1.6967975463891183 -1.571330562535941] 0
[0.6505019119053528 -0.571779299439752] 1
[0.9586611174809931 -0.8607367303340452] 1
[1.665453983453407 -1.5395286308278673] 1
[1.2005668334649897 -1.0952198478694748] 1
[0.5429865428349291 -0.4724062569527259] 1
[0.4361170158255381 -0.3724450347818858] 1
[1.3824612895778512 -1.263786715629607] 0
[0.9859819608343385 -0.8897927200720981] 1
[1.506907150701132 -1.3854703430000452] 1
[1.6907154502901625 -1.5651404725223812] 0
[1.7108480143402596 -1.5890569487049255] 0
[1.2856063907601127 -1.1761687124052638] 1
[1.5889963045456874 -1.466492009675656] 0
[1.0079813930824257 -0.9111924544526648] 1
[0.585125519189913 -0.5074079769018699] 1
[0.5813826913865021 -0.5043065924166151] 1
[0.7952939306539772 -0.7120907450978404] 0
[0.005631891281227719 0.03280066466714164] 1
[1.7135315350653804 -1.5905686910439063] 0
[0.9009725097456751 -0.8090739933516027] 0
[1.7014843714225325 -1.5897748633979591] 0
[0.3662504927254253 -0.3068730743960351] 1
[0.980898850674869 -0.8854971276067772] 0
[1.7090785783135993 -1.5930192255971833] 0
[0.36005132582179866 -0.29670807733155774] 1
[1.7122114297762483 -1.5965443228612275] 0
[1.6852355053563155 -1.5780968167908935] 0
[1.6781296057767756 -1.5515161692800912] 0
[0.6462309528850599 -0.5636600467580383] 1
[0.9078302537791756 -0.8177443989580512] 1
[1.710730125352061 -1.5919006183110287] 0
[1.6268581938549997 -1.4991850133587312] 0
[1.5168008193618263 -1.39521259971866] 0
[1.6791398364703722 -1.5530249555517128] 0
[1.6162327243256196 -1.4891923655292423] 0
[1.681495818107325 -1.5750696613142439] 0
[0.9015621291463154 -0.8123098748173441] 1
[1.6838325688933051 -1.5770669544163338] 0
[0.18604436042567676 -0.13057686216767977] 1
[0.02422708702068279 0.018524590823373287] 1
[0.2635929869171453 -0.20588391528528316] 1
[0.8897953549273089 -0.8012372407921411] 1
[0.44977964326362724 -0.3843287687903929] 1
[0.3090866372258788 -0.2460781800647534] 1
[1.2899098047934874 -1.1793236724121445] 1
[-0.038324302174575206 0.07684924253522443] 1
[1.5711388694025554 -1.4468094117801509] 0
[1.7153543153398216 -1.5986735942199868] 0
[0.38809134932212824 -0.3215876025352824] 1
[0.09862395927783707 -0.05022913300680912] 1
[1.570466040965425 -1.4450526775255503] 0
[0.07423251086106186 -0.027301026041544926] 1
[0.9791339553065239 -0.8834739193106936] 0
[0.7997297257927332 -0.716522696797931] 1
[1.2065849747682185 -1.1009324474430597] 1
[1.6192724008684318 -1.4939575516601842] 1
[1.165268604755918 -1.058662417129638] 0
[0.1840612743806154 -0.13186672322526993] 1
[0.950639738399887 -0.8544277386061587] 1
[1.7104336196286363 -1.5932464484591051] 0
[0.06885754707763721 -0.02384872107190421] 1
[1.5774235374866064 -1.4543580136769387] 0
[0.9410899543959288 -0.8430890968703432] 1
[1.3696245691005704 -1.2540899291999787] 1
[0.778115884741766 -0.6878319779268469] 1
[-0.06334968465090363 0.09947812174926494] 1
[1.2407233185451467 -1.1297992676891582] 0
[1.630580270989082 -1.5049917339151628] 0
[1.7193958527474384 -1.5973082699558785] 0
[1.716139907294622 -1.5950147527070682] 0
[0.04248182615306144 0.002255929141196925] 1
[1.5543593734646874 -1.4298159976107145] 0
[0.9725010166190983 -0.8781321449403112] 1
[1.4259745024383106 -1.3083339433826748] 1
[1.5207440744435676 -1.3979629387583312] 0
[0.18217156784021066 -0.13002727606105463] 1
[0.7874102317697523 -0.702911365148103] 1
[0.5877170118932071 -0.5166409551121243] 1
[0.35199913134583277 -0.2864142686907536] 1
[1.627193296254171 -1.5001526175894986] 0
[0.6842257282274534 -0.5984713158033956] 1
[1.7208538316420694 -1.5979492234676584] 0
[1.7029044430100497 -1.589975274695854] 0
[1.659233026931315 -1.5347790932858498] 0
[0.13279120527384228 -0.08526755507197364] 1
[-0.06731301156822186 0.10651321617947761] 1
[1.711409474136735 -1.5861916759667163] 0
[1.7086492258452364 -1.5934601488061222] 0
[1.426610639436766 -1.3064817660283343] 0
[1.0658376209582046 -0.9641534269136469] 1
[1.6809117288234119 -1.5543448356293017] 0
[-0.17264052299026833 0.20343744050032797] 1
[1.6935453989799216 -1.5687802108026565] 0
[1.7132780745171656 -1.597079067122255] 0
[1.7103221744594692 -1.5956448417887348] 0
[0.5004373818906 -0.42522246090650406] 1
[0.9324604381191641 -0.8364411559010276] 1
[1.4996242835918083 -1.3798521019194543] 1
[1.058907162307143 -0.9580046945946128] 0
[1.7000988905649126 -1.5759043304905935] 0
[0.9331776701501595 -0.8387924673453075] 1
[1.6646540214479324 -1.5613500174910064] 0
[1.6914538404822648 -1.5828999075207502] 0
[-0.11991282241680343 0.15241667246707163] 1
[0.04607768423821827 -0.0002644922802797506] 1
[0.5194506015712113 -0.44463221355315174] 1
[1.718613037832215 -1.5969825818526795] 0
[0.7227648867666023 -0.6405471068096646] 1
[1.6952853503106264 -1.5865580103953558] 0
[0.07276713231719387 -0.025250177096647633] 1
[0.9789412347352233 -0.8844925796821725] 1
[1.7083684365580298 -1.5854799641691777] 0
[1.7110963974808835 -1.594797802548162] 0
[1.467001018746878 -1.3460882507386491] 0
[1.721235649348659 -1.596426697397317] 0
[1.711535898426575 -1.588776985840818] 0
[1.704770800772035 -1.591024405904227] 0
[1.6009502702020022 -1.4756749400969442] 1
[1.4234850112687298 -1.304915468839143] 0
[0.3874997872984176 -0.32657784113255384] 1
[1.6498980855025986 -1.5199931917229423] 0
[1.675672731935321 -1.550405423767807] 0
[1.4857199144150166 -1.3667606401669277] 0
[1.712756100174592 -1.5885307261714847] 0
[0.847696908747382 -0.7595667580849421] 1
[-0.04900248065491921 0.08706222430253216] 1
[-0.1720978270820238 0.20393975008319426] 1
[0.5193317304539402 -0.444738221540232] 1
[0.2731854266581944 -0.21608894563000863] 1
[1.0216328094160718 -0.9222749632480365] 0
[0.08983963773422662 -0.04315302247032998] 1
[1.6960638984277367 -1.5714165073938304] 0
[0.3217599625504123 -0.2613252691046385] 1
[1.0093605926445823 -0.9085509303693513] 0
[1.5546429250083411 -1.431760703760171] 1
[0.00767009961037822 0.0331560659531739] 1
[0.2538224332219265 -0.19816453503973838] 1
[1.7170098156590474 -1.5948057502288453] 0
[1.7137797358597688 -1.5943824039641807] 0
[1.6962923922233304 -1.5839554672858163] 0
[0.016209355617215725 0.025667875744272747] 1
[1.5200186210033997 -1.3945914766798968] 0
[0.8436289054450665 -0.7579715306420076] 1
[1.6949016801203247 -1.5835898698339612] 0
[1.6936164432061336 -1.5696903719802429] 0
[0.9665414142524451 -0.8704884804469228] 0
[1.3378453929355907 -1.2219140785669684] 0
[0.6067790334479168 -0.527169423247486] 1
[1.4685535005412884 -1.3487792493524347] 1
[1.7186577086110937 -1.5986472161439247] 0
[-0.06831492735839245 0.10629510415924891] 1
[0.5851373104112294 -0.5135336874379337] 1
[1.639933282779014 -1.5141791781317442] 0
[1.7178064786381815 -1.597065130209942] 0
[0.19341537875295894 -0.14135459159378733] 1
[1.709905964262707 -1.58503440098394] 0
[1.3994767137284743 -1.2854709157008397] 1
[1.428952850469274 -1.3139698778521502] 0
[1.2339330578056038 -1.1276258123335832] 1
[0.8307309259388265 -0.7419286742389519] 1
[-0.08427804461528735 0.1189099980315095] 1
[1.7201087845083036 -1.5969183200394892] 0
[0.7106298496043683 -0.6260724250216976] 1
[1.7138285494821175 -1.5926106875587476] 0
[1.5496722528675169 -1.427489241546732] 0
[0.39414753299643746 -0.32873685639205064] 1
[0.9275278953222156 -0.8317471813140138] 1
[1.6556306137931966 -1.5260029322827995] 0
[0.7646217837591369 -0.6765153533113222] 1
[1.7124575089511733 -1.5938732822504078] 0
[1.5095528602536876 -1.3896257470066269] 0
[1.7180628950038297 -1.600728161193143] 0
[-0.03130161828019155 0.07002488714773134] 1
[0.5707719004255862 -0.4978159869454617] 1
[1.521305980911587 -1.397387277131366] 1
[1.7055414358321868 -1.5904171823120774] 0
[1.7057518140398469 -1.5912206870295336] 0
[1.6652620414653214 -1.5367874381656086] 0
[1.6207830616619816 -1.4964319441829819] 0
[0.03480657113651632 0.006239155921284211] 1
[1.113066619135672 -1.0110189051212923] 1
[1.659184320811171 -1.5339364227211085] 0
[1.5977304577387805 -1.4717593435935874] 0
[0.8265460836481636 -0.7390036601137505] 0
[1.6981914702307868 -1.5868333885402468] 0
[0.55293864454774 -0.48245471878152885] 1
[0.4365891961073682 -0.3680390220283275] 1
[0.8442642926277008 -0.75694744425959] 0
[1.5016857842630555 -1.3809507849820106] 1
[1.5642328408332822 -1.4393370074102294] 0
[0.2173542060763491 -0.1652635883607726] 1
[0.6492547298915876 -0.5659201487433161] 1
[0.5109582997704493 -0.43642849304080744] 1
[0.3835523579707002 -0.31891949347249937] 1
[1.5399277595385699 -1.4177749137117792] 0
[0.3485225028170926 -0.2874522539990621] 1
[0.013078971431923008 0.028995256056097457] 1
[0.12573021410297658 -0.07509062186528775] 1
[0.372316931129709 -0.3050419840869839] 1
[0.04182922273934585 -0.0009932317341714639] 1
[1.4653887835561643 -1.349817488978134] 0
[1.3539821403767272 -1.2429868552513894] 0
[1.1896788029473488 -1.0830723228465455] 1
[0.2802596525436315 -0.2244706217807406] 1
[1.7089202663634555 -1.592737234254808] 0
[1.6601262399785022 -1.5327771295610018] 0
[1.672790229002855 -1.5470654317698478] 0
[0.1566865313275847 -0.10228962336266745] 1
[1.696734954998084 -1.5861458310560117] 0
[0.6149452307732389 -0.538510867553943] 1
[0.460971200331926 -0.38863328012559073] 1
[1.6922759055954382 -1.5837484183177635] 0
[1.6977336870195643 -1.5873527655934982] 0
[1.6581863627178266 -1.5593721838049714] 0
[1.5954208611796687 -1.4707191635125887] 1
[1.7204191137379556 -1.5973220698092545] 0
[1.588896503668207 -1.463419717602436] 0
[1.6004953561050943 -1.4769184506777093] 0
[0.38691911513125277 -0.3225527359348844] 1
[1.6888822195113853 -1.5637333157352975] 0
[0.3174627591985536 -0.2577158816222642] 1
[1.1146640233534986 -1.0087890258905348] 1
[0.36955793639297685 -0.3065876509966712] 1
[1.2245456976102063 -1.1178812802130869] 0
[0.3153595174918843 -0.25584824210189294] 1
[1.705117665244431 -1.5753860713475045] 0
[1.7071782377839275 -1.5940146920416518] 0
[1.6971893130486975 -1.5854203625406513] 0
[0.8941807624498861 -0.800408953024] 1
[1.692559167083943 -1.5828661281641954] 0
[1.5541836122321369 -1.431046094760696] 0
[1.7178430072770006 -1.59613015411658] 0
[1.5931537822967405 -1.4688092638315762] 1
[0.22545586614174512 -0.17189833040862906] 1
[1.7131883903385206 -1.592175221261075] 0
[1.4147980076942162 -1.2960578094448136] 1
[1.146380450306391 -1.0418282723350967] 0
[1.713343288975889 -1.5998413933208644] 0
[0.5951566554898255 -0.5240060042233636] 1
[1.395517999626985 -1.2776584994776354] 0
[1.0011285646163182 -0.908474735485971] 1
[0.08954191526345179 -0.04469402837736061] 1
[1.6259738532363808 -1.5011411863747774] 0
[1.7022518306349643 -1.5897937770078412] 0
[-0.05102362165037001 0.08743119854030088] 1
[0.573176047290779 -0.49672748647221265] 1
[0.012779805584108801 0.03202245586285901] 1
[0.268158466698565 -0.20970007838176702] 1
[1.5530013691662372 -1.428333640467037] 0
[0.055982527314808926 -0.013889272389093571] 1
[1.7108128589699096 -1.5882663049703472] 0
[0.8801096405555324 -0.7857555703499473] 1
[0.2267045483141609 -0.17139771540875148] 1
[1.7136834516938988 -1.5924529164583268] 0
[0.7496193482178991 -0.6655860804996847] 0
[1.7107410554487288 -1.588324987062793] 0
[1.6892830175039575 -1.5811814131926512] 0
[0.22703277245980405 -0.17400533296886317] 1
[1.6413569034095918 -1.5444880324305692] 0
[1.0665121443616075 -0.967213989065] 1
[1.709914534216621 -1.5837222294663893] 0
[1.6575544593216769 -1.5566410205012675] 0
[0.6692827601046187 -0.5901720781136319] 0
[1.2641426567631824 -1.1499906473386878] 0
[0.9819114236441235 -0.8860984866591401] 0
[-0.11474033584917029 0.15153518605704397] 1
[1.7146256526829917 -1.5990482478361945] 0
[1.7087339435658575 -1.5851871981665222] 0
[1.7161910607228053 -1.598873388887287] 0
[0.860121909705742 -0.7709663709108098] 1
[1.5692239165409227 -1.446043473525613] 0
[1.625108779451971 -1.4998646446659805] 0
[1.7189785761948848 -1.5954088060443796] 0
[0.19000146116129896 -0.13679482719839098] 1
[1.2208383632142665 -1.1128191302570725] 1
[1.6109317972546426 -1.5223336681385127] 0
[1.3809471796267765 -1.268692232198254] 0
[1.6206969867782846 -1.5287715884632649] 0
[1.6449900354252827 -1.5470903389119208] 0
[0.984635698476 -0.8854991829914411] 0
[1.3373741041813485 -1.223410994770081] 1
[0.577901171120774 -0.5032910609774675] 1
[0.7948181862898247 -0.708924304283579] 1
[0.1541722468628898 -0.10470920026645289] 1
[1.5847619643083233 -1.4613232075963247] 1
[1.7074960612303918 -1.592731464644379] 0
[0.8491045814951974 -0.7583352897363852] 1
[1.644706497839325 -1.5202680132566453] 0
[0.5072130933242669 -0.4388962934968197] 1
[1.5942668490117597 -1.4708926445540411] 0
[1.5675177397889866 -1.4454580992309056] 0
[0.18571891843038796 -0.13064806411023042] 1
[1.6510457306216635 -1.5521392457514107] 0
[0.6877188077073308 -0.6076801320368054] 0
[0.2675091968642507 -0.21163843671735383] 1
[1.381211840070332 -1.2646231970207016] 1
[-0.13368193776578496 0.1669929151638907] 1
[0.23374969721646782 -0.17848658473361917] 1
[1.703182003761028 -1.5776217709451181] 0
[1.4836146515294861 -1.365835249621915] 0
[1.710379502102564 -1.5938423573810887] 0
[1.7184997012142427 -1.5978483386296078] 0
[1.6626651001065058 -1.5341939359606172] 0
[1.1087312211571947 -1.0029561947915906] 1
[1.427331411784777 -1.3092532800027294] 0
[0.5382795187723375 -0.46198669218763544] 1
[1.7108773075048835 -1.592020339218506] 0
[0.9280089504524803 -0.8347078527728106] 0
[0.531737083486377 -0.46284263951088833] 1
[1.5895945045477453 -1.4629389368852954] 1
[1.601161608831343 -1.4770712586514603] 0
[1.6574876544166273 -1.530802211857527] 0
[1.1206081077480095 -1.016574637021276] 1
[0.12858384388013627 -0.07862596707090261] 1
[1.717800947478068 -1.5981867414158417] 0
[0.6767426453970038 -0.5938613758613956] 1
[1.7175990619400356 -1.5941134256901441] 0
[0.5996623048003831 -0.5212159372137879] 1
[0.0688342729065525 -0.0228243144512821] 1
[0.9099342106893002 -0.8190602327417713] 1
[1.5298192051278423 -1.4085143700245988] 0
[1.7182252629030246 -1.595529516084825] 0
[1.6001817826981775 -1.4778257486896051] 0
[1.7110389131845727 -1.5926733015281573] 0
[0.6855688035130967 -0.6007794321259299] 1
[0.833674620515557 -0.7457911562033985] 1
[1.7192919425280495 -1.5998187610777639] 0
[1.463280342438865 -1.344009589957671] 1
[-0.10618829049552986 0.14085139313730122] 1
[1.3107264372787188 -1.2001321487366559] 1
[1.5264391123890029 -1.405218096695648] 1
[1.596547829069784 -1.472490627784468] 0
[1.550686216280169 -1.4267595359227585] 0
[1.5124413330276232 -1.389304699347516] 1
[0.32131046655397094 -0.2580844889695578] 1
[1.573461319575924 -1.4468012710918425] 0
[1.7171896360313028 -1.5971851733691362] 0
[1.6686221349750956 -1.5416968681615142] 0
[1.3114603485082492 -1.2021119872553028] 1
[0.18296800190030033 -0.12887324507192166] 1
[1.2922708421230487 -1.180487706881835] 0
[-0.007085769399079577 0.04931519748447946] 1
[1.7151898673917916 -1.5943651728870443] 0
[1.708577644598668 -1.5920720924241456] 0
[1.605962799018248 -1.4811149115217197] 0
[1.198494853000359 -1.091293219000831] 0
[1.7124236444003746 -1.5927085593689787] 0
[0.6636995875496474 -0.5795916214988924] 1
[0.8424380471500991 -0.7489366975815112] 1
[0.11575239284277428 -0.0661707545641986] 1
[1.5027622232342737 -1.3853790151839416] 0
[1.7105665756513915 -1.5864016756630681] 0
[1.7040273448286987 -1.5788596075322823] 0
[0.10259921443740043 -0.051313576003254625] 1
[0.012219572306784719 0.02909706239529907] 1
[0.9452024966878871 -0.850424335145602] 0
[1.7113099207067584 -1.5951502383009168] 0
[1.719939307724492 -1.5996876686311767] 0
[1.2098510244851624 -1.1002357622449068] 1
[0.8182258767796402 -0.7324579717622042] 1
[0.11433662735213751 -0.06948325418298082] 1
[1.5426074344349519 -1.4206306183378912] 0
[1.7151715804417775 -1.59609833596028] 0
[1.3035580555103294 -1.1917523206358287] 1
[1.7065114741568377 -1.5825664980127434] 0
[1.6384911690252504 -1.5133693676117148] 0
[-0.22691998720595974 0.25139069597709085] 1
[1.697118848899105 -1.5849786572008795] 0
[1.7173772329842851 -1.599524035677673] 0
[0.19125032000743028 -0.1387866059325908] 1
[0.2820663562423429 -0.2264236980781521] 1
[0.22620354905240392 -0.1709153296957221] 1
[0.5858044077147864 -0.510967243740099] 1
[1.6540344725415812 -1.5509342461974935] 0
[1.6578430799879422 -1.5325372516549725] 0
[-0.20610619996633142 0.23546697669459293] 1
[1.7118910755868173 -1.586203722671374] 0
[0.44846400713942086 -0.38412476843078847] 1
[1.695221891453246 -1.567544086597175] 0
[1.668808300634507 -1.566228070002963] 0
[1.7139990507781424 -1.5932453075178388] 0
[1.7133602392155294 -1.592322635314705] 0
[1.7142335222929028 -1.5961640652379048] 0
[1.683312534977123 -1.5748618861798955] 0
[0.2975136419323986 -0.23590323873318894] 1
[-0.03578318287618403 0.07652552412730822] 1
[1.7088831316725432 -1.5923043501827163] 0
[1.4907547307682376 -1.3713488386869517] 1
[1.4474310915974022 -1.3268057535198086] 0
[0.3335945132590728 -0.27480128917051083] 1
[1.7036880395682514 -1.591054139302683] 0
[1.6888418968096466 -1.5665567032134966] 0
[1.7144220049268615 -1.5966355943309882] 0
[0.8847849001066588 -0.7956154449297637] 1
[1.6847419180220067 -1.5789546952781506] 0
[0.11651158392233174 -0.06811252540786958] 1
[1.713386593939528 -1.5956560298531424] 0
[1.4989928317282957 -1.3776676095533085] 1
[0.33077403729231836 -0.26973275988336803] 1
[0.13278432607534973 -0.08421366055753657] 1
[0.5074377196202464 -0.43582766531948414] 1
[1.704563061049097 -1.587254593290547] 0
[0.2139791901539679 -0.15964546413264186] 1
[-0.12826846269854997 0.16294882421824336] 1
[0.29650674102014346 -0.23510407831341645] 1
[0.9903352278174742 -0.8918739158057152] 1
[1.709147806592084 -1.595051248129809] 0
[1.4221313890921512 -1.306017776028984] 0
[1.6301446715542696 -1.5032826561370305] 0
[1.5417157803075372 -1.418934044050511] 1
[0.13612767281353444 -0.08908459584037276] 1
[0.2412179831722824 -0.1850461671493776] 1
[1.3514748775342973 -1.2365479062659697] 1
[0.7136860440758812 -0.6278798870172827] 1
[0.044263171102374585 0.002882171458530948] 1
[1.6696507843951878 -1.54362555178262] 0
[1.688900336944966 -1.5637688535677445] 0
[1.707303433978529 -1.5959352622198075] 0
[1.71221711120449 -1.5960808613413864] 0
[0.6645824416328291 -0.5825310072380137] 1
[1.7119441927407224 -1.5870562845032112] 0
[0.7076920684026522 -0.6263239250830961] 1
[1.6924736949339443 -1.582916151747216] 0
[1.5420593558052613 -1.4199860129712318] 0
[1.21486469212557 -1.1095369086507727] 1
[0.7478958457420872 -0.6668441908587667] 1
[-0.06346666824693495 0.10236596789635968] 1
[1.5414299510736371 -1.4203400532266452] 0
[-0.1791445403840959 0.2087077644494872] 1
[0.2369472125388269 -0.1791318153717953] 1
[1.21381621355052 -1.1054577797457523] 0
[0.3723208483395731 -0.30647875159727067] 1
[1.48741543690597 -1.3648079581330617] 0
[1.7070750627125706 -1.583415545762148] 0
[1.157417514976418 -1.052925292825706] 1
[1.6024964752533992 -1.4790312027470263] 0
[1.6922992493942979 -1.579947769007046] 0
[1.7135669625703818 -1.5891615215678478] 0
[1.7083232625509903 -1.5836779568489932] 0
[0.08902786411949301 -0.040996520048431406] 1
[0.5608234429404765 -0.48460366022929124] 1
[1.6355009601962813 -1.5095841451204417] 0
[1.7132177845541243 -1.5923284182922455] 0
[1.6863715946690188 -1.5785563280083772] 0
[-0.0626161823924419 0.10269909206517391] 1
[1.0564589992862146 -0.9545998687032587] 0
[1.7007777209164803 -1.5862822825129594] 0
[0.23865136111957097 -0.17736876356246412] 1
[0.9579370979755537 -0.8602666921212653] 0
[0.9588347299737443 -0.8717890779948312] 1
[-0.02480638588328494 0.06540768141500078] 1
[0.9645361939137949 -0.8661234704867316] 1
[1.7092828088333687 -1.59180529605886] 0
[0.5685940145711919 -0.5000656773281039] 1
[1.5579251608657874 -1.4328002924207448] 0
[1.044302189667044 -0.9413346082339693] 1
[1.699382593218591 -1.5865605952841788] 0
[0.30707378237445093 -0.249260517009894] 1
[1.0244293954378518 -0.9251927260051441] 1
[0.2106956993405918 -0.15571690146567768] 1
[1.7107886652783042 -1.5871995887401202] 0
[0.028762839335198208 0.01059745782490177] 1
[-0.007905332195285174 0.050458491922785086] 1
[0.9609756224747199 -0.864856625371976] 0
[1.6565472203989633 -1.5566710410480045] 0
[0.46613477035549267 -0.3956584734495998] 1
[1.7031295875998675 -1.5894379874025697] 0
[0.3309875147348853 -0.2723555377792558] 1
[0.10937107718660477 -0.059065399105461575] 1
[1.7150841881679013 -1.5970037405458064] 0
[1.6899137763699361 -1.5810738021686976] 0
[1.1186010471994354 -1.0212535815310972] 1
[1.7054953555200874 -1.5788010794824436] 0
[1.6789991983932993 -1.5739132810061254] 0
[1.7059782281799318 -1.5933805547596953] 0
[1.709823776100679 -1.5934789518591104] 0
[1.3360036587713253 -1.2201025040763886] 0
[0.24333064053866224 -0.18952026675360323] 1
[0.6620874212361845 -0.5861456798152009] 1
[1.6142073894393452 -1.4891080691147018] 1
[1.5646211269435137 -1.4411121267764935] 0
[1.7020985140419156 -1.5887823967186958] 0
[1.665879427079084 -1.540184179957569] 0
[1.4772486849189828 -1.3587227134901856] 1
[0.1353302767210514 -0.08665827607408377] 1
[0.29217249376496734 -0.23021525625002842] 1
[0.04604787520542872 -0.003240649729395088] 1
[1.6507148757031271 -1.5512654973185445] 0
[1.7129696129659957 -1.5936292492892097] 0
[1.6942841866598717 -1.5839583784059665] 0
[1.6841336293192404 -1.5767698376819932] 0
[1.4007928628309276 -1.285546319346421] 1
[1.7189723673475323 -1.5998601521045295] 0
[0.5817641671672038 -0.5077386601833405] 1
[1.170466462690129 -1.0651947509948378] 0
[1.109266940701417 -1.0090301388333558] 1
[0.824958924494158 -0.7386346695470636] 1
[1.5247945949746333 -1.4019137785925415] 0
[1.4985293410257787 -1.3749081223639865] 0
[0.8991140117816737 -0.8028373945176193] 1
[0.8889507177839913 -0.8021057244504142] 1
[1.0881058121855596 -0.9899173156893706] 1
[1.7116457766499076 -1.5954450965122178] 0
[0.9279344080868005 -0.8334139090646009] 1
[0.8920431494383056 -0.8013738322283106] 0
[0.9760009255824721 -0.8821760381374217] 1
[-0.14847237311205239 0.18113139219318336] 1
[1.6992600520894574 -1.5880612165766355] 0
[1.7184109981643827 -1.5931514476465114] 0
[1.7152381621267083 -1.5997067978756787] 0
[0.802970053682159 -0.7132343407059597] 1
[1.7142130532821362 -1.5961759917962124] 0
[0.31212281595025 -0.2538282617057793] 1
[1.7156527946344822 -1.5910032168040944] 0
[1.6592008859623621 -1.5606728068930869] 0
[1.3356528635789782 -1.2253538078872879] 0
[-0.11223182397190795 0.14557829902421698] 1
[1.7075222976739337 -1.5806313490297685] 0
[0.5973700134839537 -0.5246092328000347] 1
[1.433180473979018 -1.3124939488466585] 0
[0.37614008056512444 -0.31029335004461683] 1
[1.717365758515712 -1.5982094568942298] 0
[0.8135361988125951 -0.7214998866583249] 1
[1.6843310615940876 -1.5766362616222203] 0
[1.720021511190597 -1.597861745871878] 0
[1.2476609974999255 -1.1399495888940328] 1
[0.7316196015518062 -0.6433287735611881] 1
[1.6893143281896945 -1.5634220000290733] 0
[1.610721067832547 -1.4848504875740856] 1
[0.927493505540173 -0.8336689164882112] 0
[1.1459872934852084 -1.0394597571313147] 0
[1.5819674734998954 -1.4564818809681093] 0
[1.6916856175382151 -1.5662528596943095] 0
[1.5372465669203974 -1.4182888594679999] 1
[1.3228850278459805 -1.2094580511498858] 0
[0.4442615914418896 -0.3792218657625738] 1
[1.1698061018361594 -1.0619937233817476] 0
[1.7047587473144197 -1.5886957361447118] 0
[1.7208643254124136 -1.5979838675972244] 0
[1.467167368990264 -1.348571823577748] 0
[1.6407398081092814 -1.5178924734681514] 0
[1.7111073618407397 -1.593850541971659] 0
[1.562417887741729 -1.437977966579168] 0
[0.5485244053519172 -0.47533859364143044] 1
[0.7246447125472821 -0.64463289758532] 1
[1.162301584854655 -1.0565740607031362] 1
[1.7120020837277599 -1.592169409541619] 0
[0.523892561924617 -0.4490924618653045] 1
[1.3567199227389188 -1.242713972631356] 1
[0.03793603820660587 0.007016175190857114] 1
[1.6784077837310516 -1.574397176366071] 0
[0.41652863099246445 -0.35284538029881257] 1
[0.7914760937834592 -0.7065654845515114] 1
[0.6679161371029115 -0.5892595119832327] 1
[1.1497988835467086 -1.0447562693110286] 0
[1.052921576129906 -0.9565729674332935] 1
[1.0431085504830842 -0.9447041977201134] 0
[0.16675182769411495 -0.1153222364556041] 1
[1.61868611562524 -1.4902413698077352] 1
[1.6576120949635755 -1.5310916068083738] 0
[0.7025970480069164 -0.6172346081867028] 1
[0.0758045112703633 -0.030257038438175447] 1
[0.2164731259647353 -0.16364485309030857] 1
[0.6434402512482718 -0.5621908187125881] 1
[1.696700953383416 -1.5727013070105396] 0
[-0.07899176625792459 0.11427268841546845] 1
[0.0023659840245742222 0.03849587158519446] 1
[1.058774583260306 -0.9577959165847252] 0
[1.3018373591429147 -1.1875483615552267] 0
[-0.008220866031283313 0.046756824085184084] 1
[1.0018469545868318 -0.9056383847695245] 0
[-0.14991248736731755 0.18227292249898153] 1
[0.30044424857855867 -0.24329763341831068] 1
[0.13879455906282284 -0.09179583672838823] 1
[0.17365470238143035 -0.12047128971245852] 1
[1.7138344337381475 -1.590627102749178] 0
[1.6925774399163753 -1.5825684841750394] 0
[1.6920791172080811 -1.5676577377687257] 0
[1.2499509825270052 -1.140336987320587] 1
[-0.16115151758631333 0.189289745852821] 1
[0.3153907505489186 -0.2563574831995311] 1
[-0.39780074048217673 0.41296229819051616] 1
[0.017529441399392543 0.024551980618868235] 1
[1.6959707843381568 -1.5702296468795387] 0
[1.417876474198029 -1.3011964730463497] 1
[1.705671668929135 -1.5911427808018188] 0
[0.819980092113799 -0.7305139181559934] 0
[1.6687030027158998 -1.5411818368691907] 0
[0.14010334150439827 -0.08958755037942269] 1
[1.7107276944727192 -1.596961889360224] 0
[1.6727770469328789 -1.5659211376981625] 0
[1.0326774948134283 -0.933401104095228] 0
[1.665078918074665 -1.5628783677866611] 0
[-0.21303210715880383 0.24127425702273275] 1
[0.297397640609959 -0.23458151443515207] 1
[0.8062548734790949 -0.7151583419829468] 1
[1.4467826698020105 -1.3276986154750716] 0
[1.4736999137491167 -1.3520457890676525] 0
[1.5755519377058231 -1.448729032947817] 0
[1.4989055067483883 -1.3800286703519216] 0
[0.7562683042244646 -0.6738297823419589] 1
[1.5904948744763594 -1.4647080223753681] 0
[1.5863197227014192 -1.46011162859309] 1
[1.681429216868172 -1.5741922290063386] 0
[0.014796937982902816 0.027331204961296658] 1
[0.9296952054940548 -0.8388227348470423] 1
[1.7038213657264158 -1.5807912430120852] 0
[0.6727791205636358 -0.5944564659747282] 1
[1.1508736215445545 -1.047175451276386] 1
[1.6897320737751278 -1.5639175423638605] 0
[0.7376300745065666 -0.6563696921224972] 1
[1.462097865287166 -1.3441209799570588] 0
[0.9961316052538478 -0.8954282737475242] 1
[1.6231214242278984 -1.4979779785578513] 0
[1.071873576258354 -0.9737416937873982] 1
[1.6241397745076018 -1.5000931859080717] 0
[1.6974112887891746 -1.5730931370831958] 0
[0.19168299375186007 -0.1398519874446173] 1
[1.719249633305738 -1.600556787224988] 0
[1.5837500405062095 -1.4615698242269102] 1
[1.7037938717345948 -1.5901379170819872] 0
[1.6770205658030313 -1.5523409522193055] 0
[0.43659248197957307 -0.37166053487487904] 1
[0.46429335035383734 -0.3966955755717074] 1
[1.36312926674561 -1.2484003350633306] 1
[1.713588393808212 -1.5898133602972964] 0
[1.7149985684405988 -1.5910554886834243] 0
[0.5333327358310476 -0.4624876235171867] 1
[1.720269908979155 -1.5982974583853404] 0
[0.3009585677846493 -0.23865857819102676] 1
[0.5235517167144755 -0.4491252746225311] 1
[0.8330579405581977 -0.7472022896194972] 1
[-0.0023651004896503656 0.04458062912049728] 1
[1.6791790365784847 -1.57309952271993] 0
[1.7162663215847525 -1.591728466971498] 0
[0.36804579592865694 -0.30049272263887994] 1
[1.632964111323882 -1.5053669772395666] 0
[1.7032819437588744 -1.5801798001098297] 0
[0.23303620514585355 -0.17825051335511874] 1
[1.1595162950818896 -1.056209116668974] 1
[1.460414729972296 -1.3410448614750157] 1
[0.3308027106150796 -0.27048271898694715] 1
[0.35733684077999417 -0.29619510255507897] 1
[1.7094724613340961 -1.589146369701993] 0
[1.7026747552082986 -1.58960671859808] 0
[1.5198665763321348 -1.3960368325177295] 0
[0.022127501925561968 0.021193882980237604] 1
[1.5605064717689203 -1.4807688117576858] 0
[1.7182733363433003 -1.5992067985207987] 0
[1.4762007498201326 -1.355714505164297] 0
[0.06855772873563315 -0.025415371323409985] 1
[1.4618810998699825 -1.3455531065067854] 0
[0.4323049274451518 -0.36776495125684255] 1
[1.6788344952996397 -1.5720175228532787] 0
[0.6105333875465229 -0.5328093415502557] 1
[1.5671136948587405 -1.4436692071053687] 1
[1.000794984968067 -0.9043164995907781] 0
[1.6737140310268017 -1.567689350275227] 0
[0.5305575647330196 -0.4615133386834316] 1
[1.055805156062921 -0.9554804370042327] 0
[1.4549665812471968 -1.3338992000942618] 0
[1.713273701625151 -1.5964046079797916] 0
[1.5676342533949121 -1.4439691641151562] 0
[1.186199506794625 -1.0800404875125085] 1
[1.6372862732727538 -1.5121591900277167] 0
[1.702736235150362 -1.5909485737408178] 0
[0.02782576115602447 0.012820411128227575] 1
[1.4971692388612654 -1.3776223703209929] 1
[0.0735286381275604 -0.025533776580956076] 1
[0.42340606955031335 -0.35467457334217944] 1
[1.703184214393931 -1.5796985474670118] 0
[1.6789388816487019 -1.5753342953670009] 0
[1.6633149365979583 -1.5605632031296224] 0
[1.692911278058084 -1.5833237683648442] 0
[0.3279353262505402 -0.27105033552979807] 1
[0.41742894661557045 -0.3486853255949611] 1
[1.6403843027504696 -1.5127338688799083] 0
[0.5336875091134536 -0.45904250163996974] 1
[1.4579159910442736 -1.3416518466647485] 0
[1.6975512018731653 -1.5736003794452813] 0
[1.3291507790417216 -1.2152371156222688] 0
[1.515580446799563 -1.3892167818358871] 0
[0.04286307871556819 -0.00045832359161003414] 1
[-0.039018035327359625 0.07980904065999325] 1
[1.147133053438934 -1.039212382227388] 1
[0.6201226400065627 -0.5460275795553489] 1
[1.4142345552947195 -1.2941166591095232] 0
[1.7112288422636401 -1.5956442021418482] 0
[1.2190614318223978 -1.1129881059859803] 1
[1.2127390567860807 -1.1065108330933575] 1
[-0.12297566285798922 0.1557767565221233] 1
[1.0167896203493318 -0.9135813089943299] 1
[1.6780212570535857 -1.5749806140797074] 0
[0.05412600206839711 -0.008016759076518226] 1
[1.7107651402834292 -1.5946109155670094] 0
[0.9607617543216039 -0.8602315919031893] 1
[1.224357395499411 -1.1170519256146219] 0
[1.3099875895799094 -1.1958512070625469] 0
[-0.11612899237443147 0.15029269642705623] 1
[1.0319572286177436 -0.9335053424052782] 0
[0.35057866506165036 -0.2905669320204671] 1
[0.9991213206730647 -0.9017568955054653] 0
[1.513701128746329 -1.392597260404783] 1
[1.3497377780779212 -1.236222153440742] 1
[1.5102313556778055 -1.3879254311872775] 0
[1.6835026515209206 -1.5568873056425947] 0
[1.0464395813333822 -0.9484459041479021] 1
[0.01037827859958956 0.03310463147601994] 1
[1.2327383289631744 -1.1231428266502266] 0
[-0.038528389793914035 0.07841937035582808] 1
[0.9509279678732157 -0.8562283550454639] 0
[1.2985921420650244 -1.1850273138302738] 0
[0.29268886574534747 -0.23426495107203593] 1
[0.19404846009528093 -0.14217061758734012] 1
[0.8957328744586066 -0.8006075789517819] 1
[0.21027635990164112 -0.15445000787459146] 1
[1.6921324875026793 -1.5681741626069963] 0
[1.6003672984087172 -1.4751314610706134] 0
[0.3826471246653036 -0.31588536233023645] 1
[0.17760751966527594 -0.12417011780366607] 1
[1.6546768547370139 -1.5553087563914652] 0
[0.5485515061326247 -0.47257603459136155] 1
[1.549326704433895 -1.4287627525582631] 0
[1.6807752722233387 -1.5739391304020391] 0
[0.6788343197046163 -0.5966673822768418] 1
[1.5407172690175934 -1.4166023288573184] 1
[1.6207365652464252 -1.4927521755543962] 0
[1.4644514399843769 -1.3467899957256948] 0
[0.11236529313726913 -0.06526959075170488] 1
[1.712940934532711 -1.5906555754566116] 0
[1.6955219395955468 -1.5850974574185868] 0
[1.6078706448356395 -1.4844645255526152] 0
[0.0018481714193695174 0.03993993208174809] 1
[0.9506796446754171 -0.8534623775258491] 1
[0.2389223678299623 -0.1831320966113239] 1
[0.40828625967198107 -0.3406518169940391] 1
[0.2317451840870078 -0.17565572282959957] 1
[1.4259010685548592 -1.307862290206434] 1
[1.7171327068916853 -1.5976383084939694] 0
[0.30187799891175393 -0.23849895553792694] 1
[1.6162582022611882 -1.5266158346593173] 0
[0.4884927097618932 -0.4178158149522937] 1
[0.27635287417685306 -0.21782525452503113] 1
[1.6801414814630893 -1.5496120122434156] 0
[1.4722127823227362 -1.3516891040062164] 1
[1.3521338695334557 -1.238855729296195] 1
[1.6752771086910427 -1.5485414158021409] 0
[0.9867230297739285 -0.8887463578791189] 1
[0.5615629389715888 -0.48907807607794396] 1
[1.7067498869137983 -1.5925661872039525] 0
[1.6738670737083365 -1.5473213396542573] 0
[1.7157385832471668 -1.595007795162726] 0
[1.702452109605424 -1.576928541115604] 0
[0.4179595627195247 -0.35338727322389146] 1
[1.1186523317360295 -1.0133301054033212] 0
[0.05292856206870973 -0.009194452342112322] 1
[1.3037677330270423 -1.1902776496264393] 0
[1.2611704762098233 -1.1506709134678914] 0
[1.720432228299011 -1.5976355959774442] 0
[1.6929982351233859 -1.5838788097729326] 0
[1.3758941287235609 -1.2597543213579119] 0
[1.2598220570439695 -1.1489063425360517] 0
[0.05384092031749712 -0.007994377554697295] 1
[1.6869782240444693 -1.5612806255449065] 0
[1.0078777496072222 -0.9115709891055442] 1
[1.0709784390460566 -0.9720388455563704] 1
[0.3086508133261133 -0.25223987450080976] 1
[0.9573586987294164 -0.8601187466079472] 0
[0.18996598551880634 -0.13746393779742036] 1
[1.655440658694686 -1.52966004726385] 0
[1.6746944746800345 -1.5493613104344361] 0
[1.7026598917634133 -1.5879000867288187] 0
[1.687436850880109 -1.5786826959454032] 0
[1.3618406143797555 -1.2442849960219937] 0
[0.17636285747122923 -0.12591673434770134] 1
[1.704657942501116 -1.5804852096128337] 0
[0.3500220564675297 -0.2875328117934563] 1
[0.5386078452020491 -0.46962290272299134] 1
[1.71792535512451 -1.6000991966052158] 0
[1.688557146182996 -1.56519437032141] 0
[1.624235689612491 -1.4999826729367598] 1
[1.291049083338343 -1.1788804794252536] 0
[-0.12082317595708726 0.15556990627388076] 1
[1.670750550756605 -1.5435784845504597] 0
[1.4720725925194873 -1.3543664048940136] 1
[1.5323520778843702 -1.412741622899751] 0
[1.699867275025316 -1.5895344838451093] 0
[1.6537634265394328 -1.528950140921392] 0
[1.6199149117372893 -1.496168354058193] 0
[1.7043076123948984 -1.5910932804420512] 0
[0.7338514319209939 -0.6500299319450293] 1
[0.1635908412409715 -0.11402744167295159] 1
[0.11745802742927045 -0.06680699026806752] 1
[1.7118848544320924 -1.593872339111151] 0
[1.6366424816817353 -1.511384729376192] 0
[1.7157804442033404 -1.5931801998339175] 0
[0.4978371114018737 -0.42634038105367966] 1
[0.8355142879554056 -0.7461333760342026] 1
[0.05116527279519388 -0.006822745779875097] 1
[1.6523743080677131 -1.5260769890314685] 0
[1.49409913513375 -1.3681196814451124] 0
[1.7074243446657975 -1.5934748281785294] 0
[1.6813607984882717 -1.5742600153400739] 0
[1.470029937104051 -1.3489520697275326] 0
[0.07122601969671094 -0.02499879446162281] 1
[1.1614543502217578 -1.0553566624130375] 1
[0.5398840423587767 -0.4649004452187464] 1
[0.8727330395349581 -0.7851001871591853] 1
[0.408401077703366 -0.34178471315526876] 1
[1.6727761735828373 -1.5479237886402397] 0
[0.2768021359075072 -0.216270987387267] 1
[0.20795104515162371 -0.15588019206025389] 1
[0.24722444983577296 -0.19623792200540444] 1
[1.6347998867291706 -1.5083349204415588] 0
[1.634956328085493 -1.5401302330535014] 0
[1.508390010004807 -1.389646687154201] 0
[0.07305611001813345 -0.02780541339794516] 1
[1.2408211731435679 -1.1332543877815142] 1
[1.5814239515963622 -1.4571178688678763] 1
[1.6449505551876347 -1.5456225468988591] 0
[1.4988735480216058 -1.3789826930227504] 1
[1.7096039506473213 -1.5944773051397356] 0
[0.846503980770981 -0.7551678113151328] 1
[0.38127470410144204 -0.31976777230639886] 1
[1.093671070027617 -0.9881149133873801] 1
[0.047500030880290776 -0.0047595547162222075] 1
[0.031279161508789566 0.009789827751924695] 1
[0.9280469208591753 -0.8284479791627066] 1
[1.2646629414662527 -1.1533977101254775] 0
[0.006685858117299658 0.034327768176240205] 1
[1.1617339112526603 -1.0586779601776093] 1
[0.9315599856055682 -0.8393098509717766] 0
[1.7203538519287065 -1.5977624973775397] 0
[1.7043120628139699 -1.5927277409234053] 0
[1.7146456623418835 -1.590848326587985] 0
[-0.03128227215880164 0.06462418998736733] 1
[0.14514962619218041 -0.0921607242613613] 1
[1.6846346071187557 -1.5564357340030757] 0
[1.7046580928167958 -1.589219442569584] 0
[1.6801414095610174 -1.57405088701733] 0
[0.6421813564571479 -0.5624629585629195] 0
[0.6656213621629985 -0.584799215786691] 1
[0.8840951596408133 -0.7888614235368109] 1
[-0.07646636015020078 0.1136796418748777] 1
[1.0678671398485573 -0.9645013090684258] 1
[1.5159419309865192 -1.3935305678516534] 0
[1.6736569597135547 -1.5677357534473746] 0
[0.24172115467539934 -0.18790082337486305] 1
[1.7054026656070151 -1.592869205342693] 0
[1.5059438544710075 -1.3843711388390845] 0
[0.15134832785033267 -0.10174811808912979] 1
[1.158489012584945 -1.050191740828565] 1
[0.32854845783623443 -0.2652259594965603] 1
[0.2914619664170973 -0.23000328697544337] 1

