[9.965745745299674 -3.5520187176191915] 0
[13.167944904154801 -6.141089929554115] 0
[4.739531987200165 -0.7082235639777914] 0
[5.935649078463415 -3.3894344335577045] 0
[8.344881008341341 -3.744200504704032] 0
[-0.7969230846332203 3.798221062779078] 1
[-27.27923995133601 -0.31583283234258996] 1
[-36.351354568554314 0.3213487284479961] 1
[7.181228667610908 -2.715379736503163] 0
[-144.98083846419348 54.20687765117924] 1
[15.291464502622688 -4.444286187746862] 0
[-8.014878973127818 1.4203107670762107] 1
[-6.3129718074043355 7.668683034606187] 1
[6.348421425373807 -1.3110025749862109] 0
[-208.77751078767653 100.0993111395118] 1
[7.017224119710419 -3.1637465415137838] 0
[7.901400371202803 -3.5258303800418993] 0
[-175.64005568551784 107.41929078464773] 1
[-1.7642325336906262 17.194122099327643] 1
[3.985765754737237 -1.6235919612770633] 0
[11.007947380593514 -3.688025800445703] 0
[-4.620769273438565 16.616639460592722] 1
[-5.423969440544742 13.249363576094826] 1
[12.21276579072601 -3.618594483704646] 0
[-36.009201825945254 0.4530877912259793] 1
[-7.050977075298935 21.589704313833103] 1
[-287.54489611393865 80.11885959628799] 1
[-17.005732873727982 -0.37258561967062354] 1
[-1.9338139637620664 16.20712958346855] 1
[-707.8994717980436 1252.899481982884] 1
[-6.699032291634704 19.117838941197334] 1
[-28.38201137989128 1.9551070702278546] 1
[-238.15605708233502 79.59462224803977] 1
[16.988401186526584 -4.959688493926404] 0
[-6.8909272373783175 10.105652481733898] 1
[-459.8752557040296 818.1144023334223] 1
[12.872546846588984 -3.720585312309458] 0
[-327.91463750065145 321.51517543926497] 1
[-2.4076275801168077 9.917652233186002] 1
[-216.05798401604562 50.32817580648393] 1
[4.884113424768366 -2.668535087140535] 0
[-5.1653294372938365 14.827781247939246] 1
[48.07890869638395 -8.681462751533067] 0
[7.706545094352961 -3.472313766744123] 0
[-45.176286328383384 1.3481284517965006] 1
[-10.544830573502118 0.18982447428095411] 1
[6.899496540508954 -2.7118631169735776] 0
[7.6493700005894105 -2.8580979191416294] 0
[-328.5880489040634 90.55433833762213] 1
[10.319192712352988 -4.1553283767271445] 0
[43.588501740897634 -10.912347522951551] 0
[9.984590743350491 -3.3423603590125666] 0
[-9.980027907979274 -0.5382524931492437] 1
[-662.6229041598135 927.3847721235609] 1
[11.238915377455726 -3.272616114511113] 0
[-4.365708026829371 31.021089769118667] 1
[17.738835393147838 -5.0900026590435115] 0
[-325.66668340034903 60.889256569727195] 1
[-1.6279238389065434 8.476406635257785] 1
[-5.463007202585434 7.971662598375797] 1
[-1.5491617626757712 8.008107839208547] 1
[-401.2356311955181 364.66160521637914] 1
[12.31942770383153 -5.495185190463586] 0
[-29.774340740277456 -0.1889129834660944] 1
[7.573238075032551 -3.407216280122575] 0
[-1.9007099409943853 12.197219389975471] 1
[-475.0767105135682 596.0617232655675] 1
[-1.923665329137354 17.177390631576614] 1
[-8.839735737523483 13.251669940720966] 1
[-1.1593700305055596 5.200603009642358] 1
[-247.22471725541988 46.03766023980399] 1
[10.611174002639327 -4.844981497012638] 0
[7.568087235516358 -1.8277396298840447] 0
[6.499296647442542 -2.5304504445530025] 0
[-9.13095745759033 17.895694380881608] 1
[-1.8948909309354356 13.910595819829704] 1
[-3.715859720051029 10.608559510335706] 1
[-81.755827860597 4.418777295689036] 1
[16.381715682884128 -4.741500243998528] 0
[31.65423741240819 -8.177981417139105] 0
[-330.250493427121 612.160331538015] 1
[-5.603241639376383 5.125242240488056] 1
[8.602256047770148 -2.391449974914812] 0
[-131.42074467050594 14.586594080653905] 1
[-1.7172787048808944 9.052088840392281] 1
[5.360757238679165 -1.0042241687309947] 0
[7.993762685170406 -3.5702896720190624] 0
[9.765146108840892 -3.1147152611479965] 0
[-620.9157913883819 621.4194844381311] 1
[30.203701802041024 -7.459576209864389] 0
[-1.2395317054777673 5.602672173386636] 1
[8.825191003125617 -4.014084294342407] 0
[12.17911503576501 -5.273944367276896] 0
[-212.6737611282943 64.74637900952689] 1
[8.792065760619533 -2.382589151576493] 0
[8.576496756104234 -3.0927966997985563] 0
[6.497616299507749 -2.508509666672162] 0
[-3.1080194630969094 22.725528962107013] 1
[10.038221795682105 -3.244326852571799] 0
[2.315377924060419 -1.4201841434859646] 0
[14.61605944098454 -4.470479491965021] 0
[2.72265940853871 -0.12245071352120457] 0
[-1.6928027322644246 9.009811254420482] 1
[-150.52466621061006 14.94706239397777] 1
[4.983588677746869 -1.0791848483166215] 0
[-9.368992303886266 9.958724581874627] 1
[13.037818764337814 -3.9812848955664477] 0
[10.122551545306424 -4.521898817290572] 0
[2.4600302594165067 -1.4717180460896446] 0
[-68.49495019663212 2.4077650913782227] 1
[-1.888813556785471 14.765601343878323] 1
[-27.327239757998687 9.264811502104013] 1
[1.970541751454066 -0.8706575106013523] 0
[-184.99583386848542 34.31430654590774] 1
[4.665669485118023 -0.5214425423334044] 0
[-1.5461143003655935 7.783131164564388] 1
[7.287122559344077 -3.3154698195811547] 0
[11.745518810876902 -3.5050581436454857] 0
[-11.660593621296924 1.7497294968316692] 1
[5.77541290906578 -3.148347877163623] 0
[-394.21262030881667 147.07186247220682] 1
[-29.778419312525656 6.223122911230966] 1
[19.459955581823877 -5.414736406841762] 0
[-12.675333738521864 -0.5790694082583139] 1
[-1.6661346980359042 8.98126586344339] 1
[8.185916940985472 -2.392926491346067] 0
[-106.63296463939534 7.712260732490139] 1
[-340.9457103791658 180.5133474052281] 1
[7.682005046814179 -2.541372549869655] 0
[11.460633729881138 -3.6094956998506014] 0
[-3.5511977760997038 23.23823222075388] 1
[15.264752317427927 -4.669037171244932] 0
[11.065502336742822 -5.053434480118918] 0
[-10.826141575466693 -0.6765105106340283] 1
[7.556493085325084 -3.416245495097507] 0
[9.66535333023515 -4.414736032267019] 0
[-17.484299929929744 1.2081779019907648] 1
[-213.27281159732453 259.8591164578383] 1
[-3.265654435331654 23.154235620118726] 1
[-27.050756646708365 0.3226004565980627] 1
[24.47009742787645 -6.758162160578587] 0
[30.74088948378585 -6.896203158412842] 0
[6.17790669493071 -2.900582666767642] 0
[-15.70601028665926 -0.9599118830690154] 1
[8.27574637335373 -3.3898687661525444] 0
[26.71268678953359 -6.631047266166301] 0
[-2.7915091701351376 14.082776660611174] 1
[-738.3637145136593 1131.2592452323722] 1
[0.02134474122466711 2.7141958680534084] 1
[-1.5276846545022251 7.781939553700033] 1
[-3.307119546636552 7.629444111480975] 1
[-4.173655621323412 14.149219446809157] 1
[10.948108325351363 -5.004210009602796] 0
[-1.843172085700444 12.781022180071862] 1
[-1.3794202136557983 6.166415673790644] 1
[10.626990737925205 -3.3815926737508426] 0
[5.946484730507087 -2.172672797562581] 0
[-1.7372584200686596 9.947091208976627] 1
[23.659829612628364 -5.985288694092395] 0
[-1.8165275243181727 12.706290481478534] 1
[-298.62780373172836 190.83152614702803] 1
[-461.97083063146255 339.3794736643001] 1
[2.608883300260193 -1.339842364602824] 0
[-9.997556469852027 25.098561866999823] 1
[5.582147257078873 -1.001826387951013] 0
[6.930043622551582 -3.3887449084692207] 0
[11.949617886465266 -3.9409266578704756] 0
[-2.623202760421157 29.456654033519474] 1
[5.389264744619325 -2.495248974164573] 0
[13.341654759680338 -4.659882241168069] 0
[-5.0052297923708675 12.6076872158276] 1
[6.5878431263339365 -2.2600290034849793] 0
[14.06527137820817 -4.110471456120438] 0
[8.101607344597305 -3.3234432174527404] 0
[-498.1433715052498 420.2675143125773] 1
[-1.9798225390888966 12.637084303163821] 1
[9.33642196375563 -3.3329148921962135] 0
[8.049316495127886 -3.49775048964605] 0
[8.641819677249984 -3.916781300826057] 0
[6.927721947188674 -1.9606790770010574] 0
[5.982814378609831 -2.611765274316526] 0
[9.026426191428873 -2.802202203304634] 0
[-2.0121692846019146 11.716686524057195] 1
[14.97219398875556 -4.394592023785502] 0
[-183.94082520809837 33.605718196563494] 1
[-25.697274557361055 0.1699051234594] 1
[-325.48242414684944 103.29364631680465] 1
[-1.8721540108697243 15.771184539404917] 1
[-3.796990590684965 17.57844106907487] 1
[-222.70080383943593 65.05321805078765] 1
[-1.6165540126771378 8.817779814340131] 1
[-21.297582316630468 2.1517542624733976] 1
[3.3558074912251117 -1.3958142956400725] 0
[8.709837660111479 -2.302612592607691] 0
[-167.64335603001524 52.429450971955276] 1
[-108.31527135761007 9.386142949270848] 1
[10.842646281197094 -3.613755073753298] 0
[-35.111216830741036 0.10791442847731059] 1
[2.1819428842418738 -0.8065872929180969] 0
[-2.1783740922747574 14.448068870854556] 1
[-1.485765355663383 7.349506978546638] 1
[-0.6857615602119923 4.0843346128372175] 1
[10.545819029233204 -4.71006381444732] 0
[-268.9937476748566 62.05495122182273] 1
[-380.6878091637311 504.39595948142096] 1
[6.898249976703301 -2.365149286442464] 0
[-13.145098805833555 2.1626020167884086] 1
[14.811271035515531 -4.554657599067713] 0
[-336.2919933251637 427.434825752609] 1
[-1.513811877991125 7.520574262263084] 1
[-745.4055707571717 872.3681458553011] 1
[-16.892311797936316 8.320308442393092] 1
[6.1863225519997815 -2.798694399509952] 0
[31.71621515782597 -6.96735521398962] 0
[28.011614159620883 -7.085639503931628] 0
[3.7736281918150256 -0.7073065930311311] 0
[-23.671340898083564 0.07875128920516566] 1
[12.411224290924693 -5.769652656649464] 0
[-1.8530701694931213 13.153199089406968] 1
[-1.489374901735776 7.06459968472908] 1
[6.996244722767404 -3.1650318458505033] 0
[-33.698427896882926 0.26532166135130625] 1
[-2.323134195318543 11.844422615883044] 1
[-3.0754800267099034 14.532821308770128] 1
[-354.3559751756129 145.20974829383917] 1
[10.395010813511806 -4.577264722989559] 0
[-141.98053958276427 86.88054017541317] 1
[23.393720694974675 -6.444013106250295] 0
[6.453268480374231 -1.7414107497293938] 0
[3.117083274969861 0.1856938358970841] 0
[-6.447480629054279 27.30266344114201] 1
[-20.30516120415043 4.3657745906922045] 1
[3.551897376813672 -0.9667654166788047] 0
[7.2681994350035115 -2.4779536218392604] 0
[13.29283880423048 -6.17970321289418] 0
[-1.767953059578545 12.076767482179534] 1
[31.278025515139834 -7.0242723245727685] 0
[-69.63922519523746 1.917958600755603] 1
[6.835858955170673 -2.7096537531179083] 0
[4.166307842351452 -0.8676039394405906] 0
[8.773150244307486 -2.3084127662037757] 0
[-205.94447908140438 94.39721054861376] 1
[-406.1857085030492 530.1329366030865] 1
[-1.4221439542369134 6.36885954555248] 1
[7.953133386232402 -3.575443206347348] 0
[8.653842516301415 -3.3794096893355636] 0
[-403.819728221779 526.8252566377365] 1
[10.58961978133668 -3.181760614514202] 0
[14.087508464752945 -4.13849513661607] 0
[-16.41410642550577 18.998632102017513] 1
[-31.470690952037263 0.020636746513290557] 1
[-294.4650709309629 163.0318637366345] 1
[12.912082508147854 -3.9574007507669164] 0
[-438.40925720079946 411.2852925405467] 1
[8.030067786612975 -2.555082083007929] 0
[-34.593798149991386 0.08188682059404111] 1
[-1.8708029606630325 10.40754237649924] 1
[9.91250215618106 -3.7308417662668036] 0
[5.570751901580429 -1.0631089638104154] 0
[11.318214474328185 -3.788589695398945] 0
[14.518978270339844 -4.457956800162913] 0
[5.510375123361699 -1.9939248847628925] 0
[9.044516103335928 -3.036999840664307] 0
[-0.847857356522454 4.324162016807404] 1
[12.618478542595348 -5.853240062034331] 0
[-4.71189734956114 11.37127588824129] 1
[10.127824717983493 -4.355542016559857] 0
[11.80019450096096 -3.7913893036887556] 0
[6.90307301264185 -2.372798736208888] 0
[5.842014034071318 -2.130628141388618] 0
[-2.1152864904849586 8.883776167741454] 1
[-15.441176953448704 10.050274321968246] 1
[-62.97458126984979 1.8092755701558993] 1
[-69.01312755808468 19.541114374616143] 1
[-5.51134248107989 1.0027196639007725] 1
[7.268565314098215 -3.2973001292049986] 0
[-21.6064268461413 -0.2645380063422149] 1
[6.42047184950807 -1.6058464612450183] 0
[-18.035294571555646 -0.8020187206680238] 1
[7.959175586773963 -3.6353454077990044] 0
[-0.9805508168792361 4.533773405599437] 1
[-11.503226654904605 17.014979098762367] 1
[-6.38903160407861 7.197918657565461] 1
[6.24122022183537 -1.3072932218505946] 0
[6.218593180928877 -2.1230572149777114] 0
[7.016205359179466 -1.8965097039242884] 0
[-11.136562939749313 17.237689379029362] 1
[14.927571241177088 -7.111316265169622] 0
[-2.0638118019055063 14.21504694136969] 1
[10.177328774831192 -2.819644174866876] 0
[10.716228535905199 -4.291938333231852] 0
[5.812537754186236 -2.6968854775513704] 0
[11.643615821732297 -5.299508826242571] 0
[-479.1289476409295 374.16593316594816] 1
[-1.370749158496241 6.248443142179472] 1
[8.790372491112516 -2.4076924995971973] 0
[-65.04577036312693 1.5966717660652439] 1
[-3.155051539914906 13.527949955201905] 1
[9.862448280971181 -4.27363507375491] 0
[21.103650102348087 -6.088488038489272] 0
[-6.751977654514289 18.847543293015143] 1
[15.52221170885166 -4.757475618218331] 0
[-1.456882840857007 6.98671888171017] 1
[13.009937858616905 -4.203379188997172] 0
[-1.6226806269329817 9.117379228577875] 1
[-1.8996223096773885 6.10011125755627] 1
[-218.29577248386926 18.002460187818347] 1
[11.004058565370075 -3.2928675600714774] 0
[-506.39183400495597 480.80548943044994] 1
[10.495292857257725 -3.7583961184899444] 0
[12.169752812798844 -3.9690147311440223] 0
[-251.87286235026176 98.14790538237884] 1
[-337.9527863756234 419.85333551826943] 1
[13.795192742653521 -6.177962106296249] 0
[-439.82127189759865 443.19514637546536] 1
[8.273694378817186 -2.9458121144996547] 0
[10.588353682943552 -3.57585174013418] 0
[35.08850967163564 -8.228256655983671] 0
[-61.50141549665693 1.4947260541946485] 1
[-3.209518409513848 14.11795094713635] 1
[-0.802984929822366 3.847017857490138] 1
[6.483698623474481 -1.990642707969482] 0
[6.192964942379456 -1.8110703286408727] 0
[3.381830559884724 -1.2338555843887051] 0
[9.986008539714998 -4.39587166440737] 0
[-9.670613631146363 22.569784119798165] 1
[-1.7312380449672626 11.13805188532613] 1
[7.099362333325727 -2.9763413753284818] 0
[13.93692484446449 -6.5256272894852] 0
[5.512352444335594 -2.8566828274921536] 0
[14.593457595503248 -4.764742778559993] 0
[-2.9645789430247134 18.359551403218784] 1
[-487.56197875524526 274.92414444218895] 1
[2.5087509269445287 -1.1778245888784036] 0
[-1.242345539341628 5.566774952112375] 1
[8.638731211350112 -3.8746848765609023] 0
[-7.055993527583154 8.36044850169965] 1
[-418.88589985269425 337.47646686778205] 1
[-520.5111329325455 348.01791164492687] 1
[-185.98638296089848 60.7504956036317] 1
[18.772748969863265 -5.261162808746939] 0
[-5.138877188386447 9.227871781702166] 1
[-19.696066879175085 1.081880703886925] 1
[-11.91710930479378 0.5534137653238862] 1
[-170.78172632082578 51.36674809242757] 1
[-10.786820130635185 14.281513623082759] 1
[5.622869445167466 -1.8324323847858253] 0
[10.633747651614758 -3.6653230128118954] 0
[-1.6332052553063643 9.240611135344494] 1
[-5.897432844257575 6.205494418857229] 1
[8.026142550016981 -2.7282631708783986] 0
[10.774176792736412 -3.5078298181511967] 0
[10.250734123657914 -3.306402033310416] 0
[-375.2370902273261 96.96581766772462] 1
[7.036120716391745 -1.9219740292258227] 0
[-2.9187943767030635 7.709974087163104] 1
[-266.96707996951227 124.7480482027784] 1
[10.380543564934136 -2.889403310182929] 0
[16.375394503337095 -4.861656592161365] 0
[12.090168887914988 -3.6900412937541014] 0
[-0.32796820798601867 2.7199245863012305] 1
[15.07415788445016 -4.60817899447754] 0
[7.306205937601597 -2.392190092310887] 0
[23.17602576112876 -5.92458607926023] 0
[-19.89036995435332 -0.20633202849738658] 1
[25.89150605235373 -6.485959961658033] 0
[-5.435676129274592 7.6429898151912035] 1
[-434.23244276079004 760.5149805760404] 1
[-3.915815656940319 22.418846996510133] 1
[6.719850308813339 -3.025958304602544] 0
[-5.530731844033241 9.910579506013704] 1
[14.498752069258778 -4.5027258733554305] 0
[14.450106620946894 -4.312947507957913] 0
[7.271100900074201 -2.037522100020825] 0
[-431.01167953563834 534.4276035195862] 1
[9.31650500153137 -3.005537671807037] 0
[7.159523520531035 -2.3904174030156775] 0
[24.680214187005966 -6.597611964539169] 0
[-0.48055199292112716 3.9035463021616703] 1
[-12.32611944055378 -0.9974079909761673] 1
[3.567502417427531 -0.8138464858322245] 0
[-1.304908814275286 6.0288173113652235] 1
[8.589322249427983 -3.8277911768296846] 0
[37.6230169602327 -8.658835412477565] 0
[-2.682732616136387 18.604295469349083] 1
[12.699463582383018 -5.858321435570691] 0
[-1.7987711603505545 13.930087417865735] 1
[-9.81015681993942 11.727268610105142] 1
[27.59853078108923 -6.497800923721192] 0
[9.36944050395233 -3.141753507209381] 0
[-14.777995978107207 12.501269322057556] 1
[-148.18140000736406 70.85906896979319] 1
[-83.7681952974203 3.8123012569248553] 1
[-213.86717327846281 54.87758375023763] 1
[9.026057956184038 -4.070376636682175] 0
[-12.06277336208094 5.036595854459058] 1
[8.734738397846206 -3.2178988757415112] 0
[-379.48862281211655 446.786142019199] 1
[-115.35070301326346 17.0130973849125] 1
[9.56690398318936 -2.860416058583354] 0
[3.634312540005176 -2.0725867922069714] 0
[5.211129562791999 -1.86772527067366] 0
[18.332642706770997 -5.3936943274616445] 0
[-4.940639927243829 26.614444500585925] 1
[12.946658189111787 -3.8618698487639738] 0
[-1.696477017610277 8.718947976758056] 1
[2.633137036817436 -0.28612572741173825] 0
[11.336209373677608 -3.370234454037064] 0
[2.6002549032649602 -1.830999966568086] 0
[9.396735409400431 -4.212531663261688] 0
[6.6646508346558875 -3.0631987152417612] 0
[-41.36168495376382 1.3552922981001392] 1
[10.326974820483816 -2.9309955295564425] 0
[4.138094239849912 -1.369987615482776] 0
[4.500043491554123 -0.512234036556442] 0
[-2.1201395499645277 10.533034647825044] 1
[26.927335336702335 -6.428688237515896] 0
[13.100672212933716 -5.966777540933885] 0
[25.05069967859172 -6.6869342838916825] 0
[-198.54322595993074 38.46042172118914] 1
[-1.4131531433767992 6.7227263177930645] 1
[15.902039374603486 -4.606708202112912] 0
[11.503223257286646 -5.274321860068926] 0
[18.68108078252747 -5.3746434391822255] 0
[17.184513006336502 -4.983233263935157] 0
[8.015508798225628 -3.8607454283712084] 0
[-1.5435594182877752 7.900627758678407] 1
[-3.2169565011844368 9.4465510985969] 1
[-2.0173743317337403 16.873464370885415] 1
[-8.433669350652695 8.534117601414566] 1
[-0.8339585664129667 4.1289959202314535] 1
[22.14572526612182 -6.347484357145881] 0
[-460.8049324277333 540.0046680650207] 1
[19.62487471676051 -5.4682513176294] 0
[-2.5668424982732096 23.466360650220317] 1
[15.84459518629737 -4.7629270040683584] 0
[10.543081408027401 -3.5300456089554313] 0
[-99.71035417276319 11.162398404530848] 1
[14.931178362281408 -4.388852872234841] 0
[3.4639446240374623 -2.357148072912124] 0
[-5.991084731520697 14.856941818058976] 1
[-1.6581794119745337 8.358299767808843] 1
[-39.01742595430051 1.7912510454315143] 1
[-6.570391815663141 1.7625194760721303] 1
[15.69557487035226 -4.800031664684596] 0
[24.504019909072284 -6.220388750571482] 0
[5.783905764807757 -1.8295576768372699] 0
[11.090830976948457 -3.2278820193831965] 0
[13.652644086793824 -4.305991111859846] 0
[-638.5964383292176 1178.5908635994256] 1
[6.336705869537111 -2.8926274885441465] 0
[-960.1213285129265 824.8970947793523] 1
[8.677205901306921 -3.046625715844073] 0
[2.687549656445392 -1.1789459481881295] 0
[-3.0731249915959635 18.648707871706243] 1
[-0.7061001340916944 3.7345827594810492] 1
[10.552078127538728 -3.5069759083132466] 0
[18.84513922002362 -5.36355755419311] 0
[-1.7430294211674249 11.744964357235679] 1
[-17.090426599948362 -0.4464697819783134] 1
[23.302788994792188 -6.529846572492447] 0
[-604.7904734280263 570.7318361712555] 1
[9.600663017883512 -2.795768007762593] 0
[-120.23579694776768 56.38547146453624] 1
[-20.676311956957115 -0.0687494320941205] 1
[-1.9659914440996782 8.934834364991675] 1
[14.929822633429708 -4.575997646496065] 0
[24.39019125931288 -6.544034989711872] 0
[21.052774258209325 -5.629119358269914] 0
[5.502899629589967 -1.515515954454553] 0
[-343.4462610641502 279.3650253066845] 1
[-2.033928299226767 15.213060690408675] 1
[25.571529497397492 -6.86866105872592] 0
[-1.0931337117316717 4.92362742997484] 1
[-27.723213419028923 2.7449277161800008] 1
[-1.6750927292802689 9.176903075941865] 1
[-1.1446902512093002 5.13674495159243] 1
[19.641867506775714 -5.415496484795543] 0
[5.755871196314501 -2.588935338444382] 0
[-1.2880139219475533 5.7582818335847445] 1
[-34.87562557250227 1.6785716413458127] 1
[11.360316906723522 -5.191781917916112] 0
[3.7373082552417456 -0.2644271655311994] 0
[19.67395922133676 -5.5223143052861285] 0
[-1.3721504009632373 6.568061421674576] 1
[-84.13622143952938 7.894660351551327] 1
[9.255611342981279 -4.1611710682901] 0
[-22.015516879948898 1.0178832544238707] 1
[5.038278557210732 -1.6346488151512792] 0
[10.496176163299445 -3.621555916315767] 0
[8.255012709622694 -3.6291752522927894] 0
[7.462357449805101 -3.340046169160562] 0
[8.040844960055958 -2.0221654978474737] 0
[-541.0162251005077 481.91987642421304] 1
[-693.2853092915325 881.2258067500217] 1
[-35.742139901621854 0.1912398566700771] 1
[14.412370603226604 -4.476068992112282] 0
[21.37752822537503 -5.967098077919234] 0
[24.439625902591224 -6.38797986702545] 0
[-107.24946159357164 9.327384921285844] 1
[-18.100035629435435 1.5836817931731386] 1
[4.65905152432307 -2.1948662547295] 0
[8.029673937912653 -2.014403294388402] 0
[12.944891929365127 -3.9575414569622422] 0
[-619.9027469336313 1315.0862021272937] 1
[-2.0170984987620164 16.084933919966794] 1
[-7.598700312304125 22.82909775263014] 1
[21.822091899493124 -5.733039449523528] 0
[4.3347597427276146 -0.5682745819271956] 0
[-1.7510941913366553 9.77662333585845] 1
[4.655424498539018 -1.6708503490203104] 0
[33.320615367346036 -7.141821453764062] 0
[-31.396878038962704 8.755585256903242] 1
[15.704132224903312 -4.654775051401106] 0
[10.271222773742025 -2.9575942972602043] 0
[-44.91968172701422 1.6385250494079733] 1
[-3.3683692478602634 30.627244619756905] 1
[-24.11908748818449 -0.46921869536308436] 1
[-2.7815746578177443 5.64905060771286] 1
[14.347826561510718 -4.1620866927968] 0
[19.706119386817544 -5.5066040004866945] 0
[-89.51845400248294 2.6220383874267883] 1
[3.897542179432188 -0.07861723216301252] 0
[-2.892047137292888 24.133918588795016] 1
[20.925579691366927 -5.8119756205942394] 0
[11.342459964919168 -3.252083367702355] 0
[3.468318765855707 -0.6034358431301653] 0
[4.62296790920835 -1.4113123018975084] 0
[6.245304149464076 -1.2920996619451914] 0
[16.316735643339193 -5.0672163551940805] 0
[-164.57758985150832 39.35448970653458] 1
[-46.75674660492825 0.7470595780763687] 1
[10.477209519732458 -3.565423100028145] 0
[-1.2297377411682473 5.521038586587485] 1
[9.686224581945863 -4.423263271380197] 0
[-5.302680468055323 11.437603802869647] 1
[24.00948256721521 -6.752452095549717] 0
[5.051319171888519 -1.9846361052396482] 0
[9.677630949329949 -2.694412976239203] 0
[-1.9166582121474454 15.20862458216348] 1
[15.329058294511938 -4.506171478467897] 0
[-23.94027926881484 -0.4237924731527163] 1
[5.401894306546386 -1.7271192074211328] 0
[-1.3204250344461235 5.9278621047919415] 1
[-4.1736030524348635 1.1309481931990828] 1
[-8.021176905512412 17.883181978639776] 1
[-39.17774435075392 7.070580465280636] 1
[18.48325948415943 -6.566297163537739] 0
[-552.2232942752275 201.9311855886899] 1
[-63.85664088808501 1.577502544021331] 1
[-73.98799014452658 9.704745784050203] 1
[-291.687439221835 390.94712384756224] 1
[5.529558154700334 -1.102727621522257] 0
[6.19770371572751 -2.830731353883108] 0
[7.712286639789628 -3.336055380480604] 0
[-1.1874909391204866 5.326095075343355] 1
[-10.640422767237396 0.9760668210504551] 1
[-149.28346341672426 28.14442582413561] 1
[-1.4445991761710095 7.070295209139103] 1
[-664.4427430768274 684.0692700996797] 1
[-14.007809390183187 2.779515917749576] 1
[13.605709812811526 -4.291760134413136] 0
[14.272873767527953 -6.044178978221799] 0
[24.707839797701943 -6.875943480984621] 0
[9.930575957126164 -2.765997216773495] 0
[-388.84732980048284 315.44395174986505] 1
[8.540944177732673 -3.1434339199627583] 0
[-2.106720011233529 19.080011053690434] 1
[13.611707624769817 -3.9832847933878845] 0
[24.71185674928145 -6.152396307701197] 0
[-1.648983085275665 9.537241548364467] 1
[-2.433322117803276 12.735819136404405] 1
[-166.2430171326676 11.615289480715361] 1
[12.566751186880682 -4.066064870632827] 0
[-22.04479349285228 14.455618096689482] 1
[-98.35269573442542 13.301302441662358] 1
[6.956831615825715 -3.1255056690862895] 0
[-198.14223245434528 64.72526958001907] 1
[8.869229530079014 -4.0351289757095685] 0
[3.2808893630463603 -0.8536258587011176] 0
[-1.6092613915677432 8.6005333893782] 1
[9.171996040795582 -4.054229637151551] 0
[8.666596711792842 -2.3264436672371662] 0
[3.30648722605953 -0.627753765647335] 0
[11.025967003067557 -4.187378199221117] 0
[-36.9913559892251 0.22792107048065724] 1
[-158.593841562112 75.70474704855133] 1
[4.187253747930736 -1.746282958803198] 0
[7.064241177122971 -2.5556751172245082] 0
[22.879969937174966 -6.5368924263523835] 0
[-23.52183742557041 2.305492837050695] 1
[8.29608396477825 -3.7351696719222662] 0
[21.232797066463824 -7.745968128802946] 0
[-94.30375832643028 12.231049146646141] 1
[7.779953396892655 -3.680297290664444] 0
[-1.8547452415999002 13.592247879350488] 1
[-39.082787436866866 0.4971056568915908] 1
[-493.9970520014807 703.475237904682] 1
[12.80036189443483 -4.526220397291843] 0
[-3.2891440479292835 12.147425115557434] 1
[11.01158454622209 -3.66688499059357] 0
[-228.41831070497304 320.3617965042047] 1
[7.3427692177051735 -2.334778443731275] 0
[-5.02766115787953 19.17412028264844] 1
[-204.67296748433617 273.60292847877577] 1
[-40.67691622765868 1.2573125132945888] 1
[6.721013565499632 -2.5016951999468406] 0
[-10.948530958575075 15.837410403680678] 1
[-37.4003107355027 0.38300550424447155] 1
[5.126762379027151 -2.3922766553866146] 0
[11.451485903566688 -3.4683353876567233] 0
[-227.37754462619586 100.21613446546473] 1
[9.851611033734931 -3.306771459018397] 0
[-4.892730263175286 17.939793172725857] 1
[-359.8003863881054 80.01879040900714] 1
[14.423943661341582 -4.34204165955399] 0
[14.566087003358943 -4.283282573461488] 0
[-1.7106363576206332 10.454580392815835] 1
[23.546237153500236 -6.271591657994467] 0
[10.621552458486287 -2.9984808353921597] 0
[10.961130302760584 -3.69731597112812] 0
[6.303279022535023 -2.124918504724489] 0
[5.772429974514386 -2.634196166622583] 0
[-6.5631667014726345 10.84143150314944] 1
[-2.798081276917333 9.59233388103774] 1
[-0.6843633993906226 3.894620582674746] 1
[21.701212752375767 -5.709447583742553] 0
[18.654784512483744 -5.504520242775751] 0
[23.974404842431245 -6.140352972119685] 0
[-1.2223938618878092 5.503396878693177] 1
[-24.992929813453223 -0.4401086127259666] 1
[-319.77548671274087 108.47000691621773] 1
[-9.176414919670325 23.264071685058994] 1
[13.125953092414862 -3.8126306492792805] 0
[5.274828730242512 -1.6838816529690395] 0
[16.526097074482042 -5.363975969058897] 0
[8.78857202969781 -2.471466305534932] 0
[-1.5839084254296227 7.766745363380544] 1
[13.411936428756842 -4.079667044294829] 0
[-2.288678558183065 22.216148740910747] 1
[7.034235112699021 -3.1525843988921864] 0
[-1.738520275526092 11.434655541144675] 1
[-2.2048621255688863 9.807943367603283] 1
[10.272793196045441 -4.695291256776825] 0
[15.84171551327979 -7.453496688468266] 0
[-404.3122193239751 498.65896093884135] 1
[-1.9577328438226194 14.257947036041976] 1
[-1.7336825359205639 10.53772098289921] 1
[4.811297145134461 -1.1664055131260214] 0
[-152.96952844821905 161.18151420660385] 1
[5.337335295584994 -2.5757030605688063] 0
[-1.7994429676948216 14.75360482546122] 1
[-32.05576795103962 3.2526002750285783] 1
[6.675237466787955 -1.8218876541441982] 0
[3.2757625976357057 0.23029223996816325] 0
[11.379279755975393 -3.3403291306402387] 0
[-478.209919952881 523.7722506170991] 1
[13.206198806644128 -3.9619826454327773] 0
[-482.7335699070587 209.56988238816754] 1
[22.44805676348581 -6.183846677509692] 0
[11.019821497739768 -3.3476741551054596] 0
[15.21599281248998 -4.740641635760609] 0
[-14.144702616159972 26.210238367422814] 1
[20.086507694974117 -5.722224254203266] 0
[-2.9457303746647643 15.495763579698473] 1
[5.163681391420864 -2.3626771566161255] 0
[-655.7836595160595 367.06498313655334] 1
[14.752015216458222 -4.465805350822556] 0
[-302.56016387231136 301.17546876212725] 1
[8.689331509928575 -2.4658130334909725] 0
[15.13028334877269 -4.593689499825355] 0
[-1.3917962767217373 6.634193124441496] 1
[-373.1027201324288 338.6438562094454] 1
[8.701522222025368 -3.4936885116694856] 0
[0.20774930082227516 1.672024104234965] 1
[2.7668850357103834 -1.2270808299765794] 0
[8.890614470447318 -2.9732180272564133] 0
[9.426840461076537 -4.221468656160489] 0
[8.326265996838531 -3.3199175809443267] 0
[-0.7446912069856001 3.6880077451507454] 1
[11.917520441138866 -5.411854588503287] 0
[-3.8805778478706543 17.114122676251508] 1
[10.925870021491047 -4.69935444925573] 0
[16.34123182487115 -5.630441459846237] 0
[25.89033297837651 -6.861903059438678] 0
[11.127483437129301 -5.132720789831677] 0
[7.231417313875154 -3.096592028129613] 0
[5.7895037452886005 -1.823183871175651] 0
[12.91584597043968 -6.028858971932111] 0
[-3.257655150300843 15.332429031260153] 1
[-2.3102541739425435 16.193231045339097] 1
[-1.6917160098283244 10.321336632970908] 1
[8.249830914580265 -3.007918996810643] 0
[-526.9364343568049 362.62832866660244] 1
[-1.1809736250462883 5.369350670908174] 1
[-109.06663519346478 7.495784820191145] 1
[12.862580856935534 -3.9989491728887914] 0
[-1.9553589827062174 -1.249741626058651] 1
[-2.3156943427712964 11.445518318636708] 1
[-321.9030483948309 248.9724948966737] 1
[10.110999806660963 -4.520797747082072] 0
[-1.7704305109359146 10.668619406543417] 1
[8.722349317927943 -3.957552038040867] 0
[-8.171037355611757 6.748849123226625] 1
[-0.3165579667522369 2.815493705389906] 1
[20.15185871847298 -5.572982968338952] 0
[-282.5450794646746 223.95230860773887] 1
[-8.67816868413732 21.88802958450465] 1
[-5.839527244380909 22.5552761064547] 1
[-176.20958199076622 106.34084339354783] 1
[13.398142267135716 -5.464824558941686] 0
[-16.861556909971032 10.494494430255884] 1
[-12.929889847998481 10.550696036258945] 1
[7.615709365717665 -3.4246619954480715] 0
[8.868999595863443 -3.989615694526993] 0
[-15.919875377562583 4.098887015709596] 1
[7.748863944505462 -3.5389780383492573] 0
[-32.88882072365698 3.1826922980686883] 1
[-5.7308864843551115 10.183533163407606] 1
[-98.51011371096743 9.287376143391675] 1
[-137.15093260188232 19.239491778983243] 1
[17.205259630329863 -5.1641394995990435] 0
[10.182935438055118 -3.306564492722324] 0
[8.858087885746077 -3.5317538685653713] 0
[-1.4928890333739684 7.565031838769007] 1
[-26.027132188612875 6.7145655395966894] 1
[-5.555370277988326 9.418939794993076] 1
[-161.65000887368308 5.4765833116219556] 1
[-19.72746076274973 0.950630440070945] 1
[18.555254926546464 -5.398447655036993] 0
[-1.162169760779074 5.264131219999633] 1
[22.313681908433203 -6.387960557610935] 0
[3.7506986712573798 -1.9319366072969675] 0
[19.083227969778406 -5.425240203516656] 0
[-9.473509072139407 2.4325946637636644] 1
[5.366468959241807 -1.647805187778816] 0
[11.387039316186392 -3.25667732582839] 0
[7.982570112537 -3.613905482087512] 0
[10.496812797829499 -3.0822527635088077] 0
[-39.2279032027261 4.385308184115499] 1
[-473.1063490336529 195.9563334283903] 1
[-360.18450613840434 369.66260071037715] 1
[10.776472302287363 -4.952818074554553] 0
[8.482503343119427 -3.857597290464394] 0
[14.743727072511376 -7.019071883160613] 0
[16.86436883427824 -4.94370463406295] 0
[-2.309122540624653 14.612610412850227] 1
[8.256950885958322 -3.663145516381422] 0
[-0.6881073938348831 3.660944558158603] 1
[20.367229782686323 -5.920733812024942] 0
[-10.654039033572744 20.063079948269085] 1
[-1.952497367957157 9.801194379406098] 1
[23.761240329768174 -6.29876361274474] 0
[-2.7421305005958394 12.59551244096967] 1
[-1.717024532245063 10.954424565039162] 1
[8.093118210420105 -3.2443763940514954] 0
[-2.4506806810288415 13.235787312944247] 1
[6.5091434819473335 -2.236526945295488] 0
[-142.43457860568822 168.63656493772493] 1
[12.813010948458807 -5.819804448267615] 0
[-1.7394458866578748 10.116435679788193] 1
[16.95708251850324 -4.988225137859002] 0
[13.507827992595814 -4.242865111600223] 0
[-54.620610003413304 2.9839059612764878] 1
[13.222966934962836 -4.009250872768662] 0
[-1.002938357683813 4.78186269312924] 1
[8.280690318133985 -2.7804222773407394] 0
[4.349505421433344 -1.7113367493770069] 0
[-2.358915267946824 -1.7765392370717465] 1
[-3.5634908723101937 5.280596682355611] 1
[-1.6354873175452425 8.403133443372205] 1
[7.8669686580454385 -2.1414043241302947] 0
[6.819409191629354 -1.63725074154106] 0
[-2.7183611627723074 21.287728203915876] 1
[17.51575002426535 -5.245557257130098] 0
[-82.73452989962392 12.170541299205953] 1
[-188.34496597853308 87.95680844344841] 1
[-1.9067432910875706 16.95681337811081] 1
[-16.39870687855835 3.3498814977331053] 1
[9.357099129241469 -2.671620300654623] 0
[20.110047947473213 -5.780537235281763] 0
[-389.5686352328431 173.33997198605175] 1
[9.668965105300924 -4.2101539623962125] 0
[10.758348808102255 -4.174863455548621] 0
[-6.064752547181881 19.035698323770323] 1
[-1.7926306349753744 12.26319694347352] 1
[-1.294754290465891 5.8837159418237] 1
[-107.41282173647438 21.563174537731086] 1
[-5.044548924743103 11.054511223828982] 1
[10.041389151074672 -3.7294087107532885] 0
[6.775567577795131 -2.069052485032096] 0
[10.011494397942432 -4.569984282432401] 0
[-30.8695762359049 0.13197495930846215] 1
[26.425746098746355 -7.2801443363272655] 0
[20.11368674997351 -5.8650981526007175] 0
[9.046484466999416 -4.12021252582681] 0
[-9.495584241681879 18.021093470210793] 1
[15.570713977380306 -4.717224259392756] 0
[-2.9988192108030454 24.430523492713604] 1
[9.40067827328247 -2.675167003352226] 0
[-488.07625846808014 385.92124125504733] 1
[-1.1116054000680466 5.131336278846975] 1
[7.055670956606306 -3.2181893065349154] 0
[23.743299478941374 -6.741269634263608] 0
[-1.9728091107370829 25.857343622977343] 1
[5.5158336739302305 -2.5125872542525958] 0
[15.673481233395552 -7.024586902133045] 0
[8.09976542990221 -2.0475968373622324] 0
[7.405049713578369 -3.3086809339846774] 0
[-1.4714816465850933 7.093542612580322] 1
[15.847795319321083 -4.786825497829907] 0
[7.817986426826248 -2.5909313072288374] 0
[-11.172975704826932 14.854197589096868] 1
[-1.4115857609952418 6.336419244332699] 1
[-53.37760674095609 1.4631997682857287] 1
[-331.21369676990633 155.58329527221298] 1
[6.0908746155387 -2.3397810071921015] 0
[9.964937425923125 -2.803273533293222] 0
[25.80174591805416 -7.210852289476241] 0
[7.6769239599971595 -2.276911280052018] 0
[-5.098016430037562 5.638172802696344] 1
[-486.96918234973344 264.1182858035554] 1
[9.26120750195631 -3.996649650530169] 0
[-189.69588217113426 90.80662248779029] 1
[7.71237195138184 -2.708442492017402] 0
[13.22475242149143 -5.351484533105835] 0
[8.801794262003556 -3.971608197785573] 0
[4.491354207292062 -2.022840566000041] 0
[-10.73237435239936 14.851075566357151] 1
[-97.58486284533262 4.359078462631203] 1
[-536.1396945984409 1017.2213948204968] 1
[-3.018677740086954 11.727280096546354] 1
[9.427094582442333 -4.292671382234303] 0
[9.334786166363308 -2.535301918398452] 0
[-1.5680492038663698 8.359869125012375] 1
[-1.4860437485043707 7.380096927923512] 1
[-17.822869522241763 15.453463915374659] 1
[-542.5659815487577 852.5234999369898] 1
[10.465793193649082 -3.293940244434329] 0
[-53.66356953676992 1.34870544734517] 1
[5.187773999966792 -1.0625895621564634] 0
[-460.8802462093612 642.7508053644685] 1
[10.454649471672347 -4.680979562720029] 0
[6.854697385692797 -3.1037675540002] 0
[-126.65546960909958 5.66190955906517] 1
[6.2555683239324065 -2.843647978694717] 0
[-5.098623113361329 12.166878849381405] 1
[6.883175286693026 -3.1440595339680946] 0
[-0.44315352526155005 2.7860695227220633] 1
[-1.7384186771464454 9.058504806611499] 1
[9.26986700231122 -4.216945763202272] 0
[11.519042177399465 -3.6929720935242063] 0
[-1.7749096748781297 10.612924362308632] 1
[-632.00591799096 149.00371242579092] 1
[9.43505359549079 -4.218537098799098] 0
[-54.97823591622701 1.1080707943750143] 1
[7.347850103235506 -3.6836270831021007] 0
[5.140218296746717 -2.345339971016568] 0
[-4.991503752943572 0.7962092652393487] 1
[-7.521103783938896 8.723130171485694] 1
[-1102.3335450384834 1676.3913559686907] 1
[-156.71673292014805 27.52979569631306] 1
[15.235060209659716 -6.514817927910258] 0
[15.171968247909962 -7.2172735299486135] 0
[-82.18237367877249 16.41565273985779] 1
[-140.94141984936 20.629476735680484] 1
[14.706571054374367 -4.26899142616666] 0
[-201.30420357307628 102.25364138258075] 1
[15.525119893017635 -4.69174318132446] 0
[9.880997376684594 -3.114828884333649] 0
[-413.45878029680955 351.9969265478105] 1
[-1.2319529467866985 5.511839924171899] 1
[9.42524721571263 -4.132161106106629] 0
[11.41252456001944 -3.8125076079025972] 0
[-13.729669919038802 0.23741939149969732] 1
[9.584572458566097 -2.863868099102298] 0
[30.889263859209315 -8.058685038104194] 0
[14.168771713967335 -4.423901719227163] 0
[-26.719387562421538 0.3915205448545566] 1
[-834.4371843811334 1295.5149647725148] 1
[-117.92133893559345 18.579822855409063] 1
[-206.66760909994454 75.79195473030315] 1
[-157.5453142596731 30.01268210925067] 1
[-1.585361395709811 7.559717806467468] 1
[3.846224465496345 -0.19879179499088512] 0
[-259.6717784001241 81.04844745204716] 1
[15.680625501791281 -4.54824660504141] 0
[-99.6110639137917 31.693371834692755] 1
[-75.19633105412636 9.257651511498228] 1
[17.11785483519328 -7.845120708988372] 0
[-1.0615710516074048 4.785814795564499] 1
[-1.4878755857106354 7.388063714333958] 1
[7.882779673983701 -3.246183673636908] 0
[-1.8659487332818712 10.605120768272792] 1
[-2.713496950247114 20.019790396772454] 1
[5.576204782563392 -1.4932933097343701] 0
[6.7956531774733255 -2.8037057664060416] 0
[9.090973475023787 -2.6083920990249077] 0
[23.625061688037317 -6.267585363075415] 0
[-4.325037348702036 14.158171232839242] 1
[9.802442020128211 -4.394970271076294] 0
[-10.674395543956415 13.283313795306885] 1
[10.590437861348855 -4.783398383219125] 0
[8.519298648081495 -3.8175236726722064] 0
[26.009125750859997 -6.864559019864564] 0
[9.099905726382186 -2.4549999526526127] 0
[8.51745959496536 -3.8603365820244777] 0
[10.624797864536504 -4.7731376153649006] 0
[-24.607084854646345 -0.05994495684488667] 1
[33.98031417973931 -7.312687214801441] 0
[-1.8288491617574687 11.612789752050148] 1
[-1.7660816894456839 12.379542902844666] 1
[-4.962748796649983 19.544889412397637] 1
[3.5856732826860007 -1.6584567552813956] 0
[-7.6364456887209755 5.886523633301648] 1
[9.335578112968463 -3.9623542906547273] 0
[6.414165808254981 -2.6414409968822277] 0
[7.966865976604112 -2.63531204438575] 0
[12.042042794793383 -3.4531392380625467] 0
[9.279991319660851 -4.2038149134425575] 0
[-10.781563011409022 -0.26080341574121285] 1
[5.567724895076186 -2.1162297823426366] 0
[-3.567900296712696 0.15742164964912359] 1
[-2.7365726268297976 20.892112498891557] 1
[35.07159468545555 -8.228446568889725] 0
[7.785981836175427 -3.11395079565649] 0
[-0.6015649803603611 3.847601441498054] 1
[8.81227217773281 -3.9602786740047113] 0
[-18.273067037090957 13.700023907041746] 1
[4.90048586760309 -1.999996392101849] 0
[-1.3278432046698443 6.023645013815661] 1
[10.843434089540025 -3.6335381520235064] 0
[9.998144141493162 -2.7560907148277805] 0
[3.853442206357716 -1.5329072793740406] 0
[12.719150569016126 -4.084213630298628] 0
[7.441926526784252 -2.4543224103908274] 0
[-2.4972256354756537 9.393232662397164] 1
[-7.579446869576779 16.37971490413068] 1
[-162.46737755918502 21.503022609175446] 1
[7.474897011030462 -2.6001244804666888] 0
[7.5075963519191795 -3.226616922457911] 0
[9.791085273478934 -2.91591607329503] 0
[-310.28833600446427 166.4366861484415] 1
[-2.066716624479154 14.665993388175629] 1
[-8.772645335132701 24.995217184988707] 1
[5.704421423254644 -2.407049429198512] 0
[16.32468868935706 -7.540535819441953] 0
[5.333125956122095 -1.2316217296008518] 0
[8.62448340837257 -2.5852939480686574] 0
[10.181522226999292 -3.4838823223972106] 0
[-97.83833264982104 6.797051316266395] 1
[-1.5709070598931676 8.052827746705447] 1
[-257.7318226390157 141.8293460329503] 1
[-1.7744252594783847 17.651632760488084] 1
[-193.4072074384594 68.64021312805593] 1
[12.307109735940486 -5.243699706170677] 0
[-162.88913642589688 36.362518762494304] 1
[-7.2409951846327285 2.341325885215289] 1
[-6.482282789828707 9.483289434439993] 1
[41.79423000383858 -8.110354122387275] 0
[20.365015026565075 -5.853720306190358] 0
[13.464792820202465 -4.27588754969168] 0
[-10.340917113807205 11.43152380618513] 1
[-1.5316737224943702 7.966068209908441] 1
[-0.7088235702988245 3.707717227070603] 1
[27.584172746932417 -7.616129356025182] 0
[-1.1860712228609258 5.3174748314119] 1
[12.128187118385208 -3.5494020831583777] 0
[-202.07221945354428 192.6811294902651] 1
[-4.66419169638435 14.414979473639297] 1
[-453.61391416767015 773.9933497028502] 1
[-11.229804085142927 10.656659662244653] 1
[-10.819684040831635 16.467911261109176] 1
[-517.8821542089302 703.5021539585277] 1
[9.058918479961761 -4.059953126048161] 0
[-10.687611988618514 21.380258090933587] 1
[-1.6534066235222034 9.46289900131795] 1
[4.286043958232629 -2.0291470832552907] 0
[22.875491767465544 -6.339609335343839] 0
[7.751307193315451 -1.9182070207751836] 0
[2.5435991987091153 0.2718305435517836] 0
[-12.611457348051985 18.00994420520747] 1
[-230.71738931073645 42.77291523290687] 1
[41.901540462557215 -7.993670718033269] 0
[6.420620994379174 -1.8877040350570464] 0
[9.390388553847707 -2.903761800575205] 0
[-0.7869963767759579 -2.3386431479305436] 0
[-170.05936281416882 106.1995400836428] 1
[-455.37739280651124 562.4628375514176] 1
[-42.06910447344568 0.8716103870199303] 1
[-357.0418749623652 564.0715470970351] 1
[7.492643672457049 -3.391164780664438] 0
[12.473852726088232 -3.5876440809212182] 0
[-6.312500589636652 15.435915079230636] 1
[6.125949711190289 -1.8603831024354807] 0
[12.272386646226217 -5.720688566160416] 0
[-8.567427993626918 6.362587766571798] 1
[-809.5523288413688 1662.8778997898944] 1
[-94.34708010747221 17.098362156559723] 1
[-58.98812404477624 5.923700774378701] 1

