[1.9667708924029819 -2.2737775544259664] 0
[1.0633217796979597 -1.2522978639347229] 0
[2.057450619013313 -2.330795363269347] 0
[-0.8390040442291311 0.9431688801798275] 0
[0.0953086550772602 -0.1318825530815466] 0
[0.8183666256870015 -0.9111600776459943] 1
[-1.8359407777225933 2.0833407737277856] 1
[-2.0479205326533654 2.3147699499305343] 1
[1.8260818481618761 -2.1025793984987695] 0
[-1.432252051634411 1.6094199024659521] 1
[2.3754101660326707 -2.7084736213927085] 0
[-1.8351527068848839 2.092432713502543] 1
[-1.7586925004065745 2.020571803951807] 1
[1.99176687591318 -2.234536510072957] 0
[-1.3871822739194646 1.5516488929583736] 1
[0.0912941854584351 -0.12413615566625444] 0
[-0.1573067006028127 0.15963563825309568] 0
[-1.1890426116168933 1.3216486582053668] 1
[-0.7034030921287818 0.876719686422069] 1
[1.3882688507121461 -1.593111723995688] 0
[0.8360284394049264 -0.8476287960691671] 0
[-1.6233618796389102 1.8842638189685221] 1
[-1.6882660284254531 1.9492682482977794] 1
[2.0858947074952043 -2.3353648234099964] 0
[-1.8332214502003008 2.07833443101953] 1
[-1.901501646571369 2.184811284806843] 1
[-1.7523359467285404 1.9739741477967838] 1
[-1.9078038622794145 2.165431506493339] 1
[-0.8491122117036951 1.0280266785284677] 1
[-0.45173677728838263 0.4363391816683251] 1
[-1.8522342989425464 2.1315654693504076] 1
[-2.1586099589952203 2.4346027059341644] 1
[-1.613811314125818 1.8159248679718476] 1
[0.8965350870666917 -0.909366245247175] 0
[-1.8025072097896677 2.069902269725322] 1
[-0.3404746748821158 0.307775295847333] 1
[2.2850322405524652 -2.5925083175126917] 0
[-0.9654902004207526 1.049451095830463] 1
[-1.0025296353311473 1.1855318447445997] 1
[-1.755513833838479 1.9790352944744618] 1
[-0.9526963611156629 1.0843757678430979] 0
[-1.6715437430981697 1.9324076503902878] 1
[1.740330873520732 -1.883844477322709] 0
[-0.4398766520376528 0.486982038834194] 0
[-1.8511898323806026 2.095300753378922] 1
[-1.8652396912624667 2.1219547055124335] 1
[1.7099167421195474 -1.9695825055575946] 0
[-0.03663867985289254 0.17562923117383936] 0
[-1.789088972832146 2.0151266868284736] 1
[1.6438531476855154 -1.9054078239634693] 0
[2.647763869346087 -3.0377996125473574] 0
[1.124504387447336 -1.1905327317421315] 0
[-1.8079251404327517 2.0593708263704134] 1
[-0.7605094947852115 0.8017113659532382] 1
[2.085222862887859 -2.3380285092177617] 0
[-1.8411280207330374 2.128733859190292] 1
[0.8917988228746228 -0.9031792124799048] 0
[-1.9504986869346526 2.1991486103121067] 1
[-0.25048648439139476 0.32636414994817436] 1
[-1.6833865568483806 1.9404443609138458] 1
[-0.06843856098459755 0.11593982755581886] 1
[-1.086441958134981 1.19220955781074] 1
[1.325403828631448 -1.5467256064914765] 0
[-1.8945744948254526 2.1492708047335913] 1
[-0.42243649047806386 0.4667425209336338] 0
[-0.6297344512071062 0.7674401281902297] 1
[-0.805905630180157 0.8558735926169138] 1
[-0.9018846892790322 1.0899685050759058] 1
[-1.9355641173669333 2.2144577801310437] 1
[0.9449202215211494 -1.045946376021573] 1
[-1.8804977277274735 2.1211522159814664] 1
[0.41174750341652905 -0.5040924910173441] 0
[2.104218242733428 -2.3741163056830366] 0
[1.7366769761960217 -1.9978285694520088] 0
[-1.981799215552312 2.265503705393082] 1
[-0.6820424442652191 0.8338539588752852] 1
[-1.4230103988978156 1.6579145911317528] 1
[-1.9658985862169862 2.2203968492694246] 1
[2.444560798069382 -2.804008606328207] 0
[2.2063325921576 -2.4637447472205096] 0
[-0.2016387287138451 0.14862593767330293] 1
[-1.7140704217106935 1.9679335894822332] 1
[1.9018133544525155 -2.1173703470870846] 0
[-1.8974761756685183 2.143515126213736] 1
[-0.39433384317677334 0.49086540202196005] 1
[2.0942187523011744 -2.375790720689139] 0
[-0.30241728144403845 0.32844214930928545] 0
[2.25041883932775 -2.5984546175419725] 0
[-1.1096334360041609 1.2163295130684109] 1
[1.9075536179117054 -2.097787797819765] 0
[0.7162967299613892 -0.7859588774548377] 1
[0.7448294165183555 -0.8815694558915804] 0
[1.4546637807416283 -1.6937471331868963] 0
[-1.6306916632162052 1.8368078739638856] 1
[2.2475570172389534 -2.5618692351670425] 0
[1.950343235533738 -2.251835020231918] 0
[1.7616644548112215 -2.027249106799635] 0
[-1.5115530242927617 1.7707385007203564] 1
[2.216652705252031 -2.5634623851553293] 0
[-1.0776969926280335 1.2390585411902224] 0
[1.9452696501293043 -2.157106749182742] 0
[1.8824538086973543 -2.1394087764721066] 0
[0.3210406226673607 -0.3189712145690576] 1
[-1.972668689000879 2.226121428762415] 1
[2.0921394333097485 -2.3827911969075197] 0
[-1.9418057799543758 2.2180834143052426] 1
[1.9597420786100601 -2.176190963578374] 0
[-0.15317243103153017 0.1453874018902134] 0
[-1.0625400564596583 1.2190756208456148] 0
[-2.014808204936494 2.275126215634704] 1
[-0.7208103772998106 0.8801618583083257] 1
[-2.291629555968237 2.574815224717158] 1
[-0.8878609261306281 1.0215652236989223] 0
[-1.807236696705815 2.039664412107367] 1
[1.989424917594003 -2.2378984100908115] 0
[0.3942471663476548 -0.4106830256561503] 1
[0.6440708061853679 -0.7619865210248196] 0
[2.383207687079171 -2.7473027972788957] 0
[-1.9407497465310262 2.2070172353624384] 1
[-0.7052810794682093 0.7803732672906264] 0
[-1.6860420212410427 1.8976875042565826] 1
[-2.274169925575746 2.5568443925209543] 1
[1.2455098328419918 -1.3205835789616363] 0
[-1.8423835464369684 2.0961259269056036] 1
[-0.2841966441885244 0.36436752306414366] 1
[1.693650689727856 -1.8663078073391368] 0
[-1.9696535647259177 2.2232950508808784] 1
[-1.4468957255622665 1.6183420371796933] 1
[2.1371864992177043 -2.4614092656889284] 0
[2.263544303262262 -2.6232817404000874] 0
[-1.5965055428285164 1.8631726477599209] 1
[1.3171239724179138 -1.408991322629276] 0
[1.0124580297792996 -1.1900355382406782] 0
[-1.8093851353419859 2.0595655567914823] 1
[0.8671258618658877 -1.0169057760236284] 0
[0.6504801381922262 -0.7731427881856194] 0
[-2.022480160076006 2.2932686428653644] 1
[-0.6516662858892037 0.6827810711880495] 1
[-1.5495125214426468 1.8126139549433207] 1
[-2.043204383453416 2.3120515749555994] 1
[2.0444343799082167 -2.2681975169571773] 0
[1.387363488456709 -1.4762151262685497] 0
[-0.6703373657088987 0.7583721601335984] 0
[-1.7869443161001737 2.0311605304561198] 1
[1.5597922135099593 -1.8040118373390372] 0
[1.6062905549340658 -1.739632069853554] 0
[-1.203450334697164 1.4193737903205181] 1
[-0.672594997117923 0.6977760791138586] 1
[1.5019969357214729 -1.6819355668240763] 1
[-0.051208453627674066 0.09542850531076161] 1
[-1.3619393194238287 1.5847112613227679] 1
[-1.529729401792282 1.7792769081603386] 1
[0.3955913682377006 -0.4875233634542401] 0
[-0.5660011426140437 0.6974332165890088] 1
[0.8566582453616721 -0.936135470110082] 1
[1.6043007684145856 -1.752341867264818] 0
[1.8830707970655483 -2.1626493182791826] 0
[0.1709171094007586 -0.14332361274522176] 1
[1.096762573831036 -1.1405088380234587] 0
[-0.5166749209266419 0.6426986257098779] 1
[-1.2895087318285408 1.4351635764838229] 1
[-1.2949066614493758 1.4374307521480665] 1
[-0.9325413450190599 1.0725758839706336] 0
[-2.077385298076553 2.3676131178883573] 1
[1.8567757217613334 -2.069274130229335] 0
[-0.737887271631438 0.8334425021169991] 0
[2.1317466688009503 -2.472417264365541] 0
[-1.6298457653398755 1.9063852516725497] 1
[-0.5746399552172945 0.6511586765266719] 0
[2.018396736168863 -2.3438334136717636] 0
[-1.6363004384124495 1.8938727707132244] 1
[2.0327366655108556 -2.3368351571632715] 0
[2.272087119980999 -2.572950084875541] 0
[1.556870807389723 -1.798446303137948] 0
[-1.2050817192750474 1.3329279604056905] 1
[-0.7249994339798627 0.8784389175965892] 1
[1.9699882805012854 -2.2762205995722855] 0
[1.2751756091765623 -1.4798958457249909] 0
[0.8464144290118201 -0.9954926938154345] 0
[1.5337083856527451 -1.6758890837295657] 0
[1.2412342953180782 -1.4351503107211543] 0
[2.268554585302963 -2.6122446535480845] 0
[-0.7362668397072135 0.8883232015169897] 1
[2.2729092863774634 -2.5727772439311485] 0
[-1.811150278531123 2.0431530736400885] 1
[-2.0214798129863527 2.28837542621676] 1
[-1.7207079222361843 1.9371522291113021] 1
[-0.7644408879690925 0.9307075253912424] 1
[-1.5136273537948834 1.765638002084775] 1
[-1.6626544313956257 1.8728381834718384] 1
[0.18398797678480378 -0.16816558146770652] 1
[-2.10197756283418 2.377363051292696] 1
[1.065616118578546 -1.2261223360917195] 0
[2.077974620851879 -2.336004753069968] 0
[-1.5568817087228033 1.7534548484331864] 1
[-1.9212566183999273 2.1685174356586154] 1
[1.0337402535335158 -1.0809616047959352] 0
[-1.9587704055565138 2.218333303136859] 1
[-0.5758049121842634 0.6629923632437448] 0
[-0.9375182485307851 1.1224445462020893] 1
[-0.03256174096110226 0.07357015664810207] 1
[1.2827658004767237 -1.4213771908777098] 1
[-0.18173015212520022 0.17732253709104426] 0
[-1.8160495756670336 2.047016061282052] 1
[-0.6885656528397722 0.7204464902279704] 1
[2.0479271755224686 -2.3565194111015586] 0
[-1.9813867900330158 2.2508820953895743] 1
[1.066300712023447 -1.110999034515089] 0
[-0.705620535079811 0.7437255387565046] 1
[0.4115567140637985 -0.428950084483409] 1
[-0.9988564971444283 1.081459556816249] 1
[-2.1393155975509024 2.4238376866782954] 1
[0.019883404998305258 -0.038933632803255395] 0
[1.2489839872443236 -1.3150417031285695] 0
[1.8470573072453143 -2.0261957783212754] 0
[1.9832384096915103 -2.2603477037563247] 0
[-2.0007719782917714 2.267174306918652] 1
[0.9628838809644524 -1.1365353364809843] 0
[-0.5951462371752534 0.7326850712662525] 1
[0.5886543090777302 -0.6310917668571252] 1
[0.8633975656094608 -1.0096960004014977] 0
[-1.8226157849807811 2.0674551583580136] 1
[-0.9568088812590947 1.136734301840909] 1
[-1.3002266648975886 1.525931378303695] 1
[-1.6088545358587192 1.807402112843085] 1
[1.2726628241977234 -1.482660112032656] 0
[-1.1378473683284045 1.264559024251501] 1
[1.8986708410628041 -2.0939941454941806] 0
[2.1750058462572133 -2.4852637582087413] 0
[1.4444597050246186 -1.581334698557876] 0
[-1.9294750965205008 2.2176454885649695] 1
[-2.1440775519367787 2.4237778889326482] 1
[1.8433770650977297 -2.1049900738459275] 0
[2.0721297781002534 -2.3852848018144117] 0
[0.5233820784268127 -0.6390918455225164] 0
[-0.38383983780269315 0.49007097702654484] 1
[1.4979482405878328 -1.606429908513094] 0
[-2.2449520265891376 2.5208469635594746] 1
[1.6808615325626586 -1.9364916056777255] 0
[2.019877340350777 -2.301685478372873] 0
[2.1244854700124773 -2.39492988194508] 0
[-1.4072152508784208 1.5775617788510012] 1
[-0.7211866428366172 0.7590165205431095] 1
[0.8330336530471707 -0.9070863731607577] 1
[-0.41452708969840524 0.45671144925535656] 0
[1.7258137573049022 -1.9936249473791272] 0
[-0.7212653610160031 0.7584248308820477] 1
[2.3452002580955797 -2.6994484676490664] 0
[2.237027378230304 -2.5255513928376763] 0
[-2.212829762987094 2.5009694759097783] 1
[-1.9926707047915095 2.2562801947068247] 1
[-1.3819075769842182 1.5435057869404853] 1
[1.9301924959418562 -2.143880223908683] 0
[-1.0791413754782018 1.1832475531554034] 1
[2.203137311420729 -2.5347206824025688] 0
[-1.9578242681418763 2.216358714871503] 1
[-0.5782361533920242 0.7071737202447332] 1
[1.8300302922791025 -2.1159039328855314] 0
[2.0964113710549 -2.3762609870768934] 0
[0.6872937036728892 -0.6726502435722116] 0
[1.9032669637589306 -2.1079989085952384] 0
[1.8722712450441203 -2.149541735591624] 0
[2.129800600578694 -2.4577439376156027] 0
[1.2064635556432877 -1.3403068075300353] 1
[0.5162719903207653 -0.6291486986444692] 0
[-1.5914824270106611 1.8436342554546545] 1
[1.389623810923826 -1.6141975662980395] 0
[1.505962515707032 -1.6343451549825345] 0
[0.753800613986989 -0.7581905567051219] 0
[1.8765719216484804 -2.1596805492482183] 0
[-0.8406067466252475 1.0000303527546297] 1
[-2.1250178756520555 2.410562364482072] 1
[-2.2455013255303093 2.5228070580796045] 1
[-1.3782389908463961 1.551459064488371] 1
[-1.7281886103073036 1.977542111053352] 1
[-0.4977003454126345 0.555783580563038] 0
[-1.9470623349097607 2.2080665876265764] 1
[1.660261360450934 -1.8298814083868122] 0
[-1.6476959083763094 1.8716426319023949] 1
[-0.5261882281464278 0.5839709023861216] 0
[1.0296439930883645 -1.1437097690340232] 1
[-2.069466563225016 2.3548596419115366] 1
[-1.7641517285703825 2.026041200683795] 1
[1.9043184163040179 -2.1246736913028332] 0
[2.0173455981808077 -2.318420753633437] 0
[2.2030292745621978 -2.5165086387965268] 0
[-2.0587112236379754 2.3450244667719797] 1
[0.8307847532401782 -0.9930078646996721] 0
[-0.8500125915433024 1.0242453108480007] 1
[2.2350914076912725 -2.53559876758462] 0
[1.6668560652262414 -1.9325646558267786] 0
[-0.6058659940635118 0.6853949621146607] 0
[0.2554631998038396 -0.3292181073250908] 0
[-1.2588442439936514 1.3950660323622448] 1
[0.7272536623153123 -0.7933860391957391] 1
[1.9762677770319519 -2.2080471713103096] 0
[-2.122611220299426 2.392336017722664] 1
[-1.3053066834408806 1.5301652540237525] 1
[1.340250361372139 -1.5593461281172383] 0
[2.047849381397386 -2.277540394500352] 0
[-1.8531661280061003 2.1303383138429606] 1
[1.7509527264033764 -1.9218922041920996] 0
[0.510221237304014 -0.5442153387688551] 1
[0.5832216769263188 -0.546609195053581] 0
[0.03676240138816622 0.001809455086297727] 1
[-0.8751457934280072 1.0317697917964268] 1
[-2.1315600693991046 2.3994899307799953] 1
[1.9493227440496876 -2.1692823451875047] 0
[-1.1047757453027343 1.2124315466439808] 1
[1.9541626800211649 -2.2613215213211686] 0
[0.95812126136906 -0.9918587581097551] 0
[-1.5483571143047827 1.74023669216079] 1
[-0.7337045240693533 0.776301379823391] 1
[1.4118746142305056 -1.649734475390624] 0
[-1.0174201212313942 1.1095493503656948] 1
[1.9863722792919862 -2.2918014936322306] 0
[0.8306232868992218 -0.8414878527462935] 0
[2.0072221252623543 -2.2136777107397405] 0
[-2.0796338766042517 2.34748397183885] 1
[-1.3291301164452385 1.556168634432149] 1
[0.9063548008825366 -1.0103571458815042] 1
[2.1402253912619504 -2.4550567292952152] 0
[2.137434838254352 -2.4485406668153056] 0
[1.4986067531914422 -1.7168563215277148] 0
[1.253289305179384 -1.461333436062252] 0
[-2.042859231173716 2.3299990320369073] 1
[-0.26923590368404676 0.3568615594776803] 1
[1.4615683331649199 -1.6886389431930655] 0
[1.1364743820866567 -1.337410234703082] 0
[-0.8802962394217917 1.000762826780207] 0
[2.1482352493156442 -2.4994327295873484] 0
[-1.3613421931891456 1.5998931334988915] 1
[-1.4992849532506778 1.6773319001504994] 1
[-0.83913528726553 0.9638705920133943] 0
[0.8404760009818424 -0.9249130215211525] 1
[1.0224440475394854 -1.195140225421392] 0
[-1.8102531634138073 2.076616301979636] 1
[-1.2003251890554958 1.3258705344248207] 1
[-1.4001284645765748 1.5599519914011544] 1
[-1.5641481587529085 1.7585147998765671] 1
[0.9242130017798975 -0.9406394043465189] 0
[-1.6467305362984128 1.899850578277471] 1
[-2.0424318213005828 2.3123649804234088] 1
[-1.906488908516977 2.169420920729938] 1
[-1.5810434785368883 1.7800284994745916] 1
[-2.025628710349278 2.3091130991234774] 1
[0.6985396199846542 -0.6955949289029683] 0
[0.37926531793414875 -0.30830219062070885] 0
[-0.08323366318703554 0.13875709956239238] 1
[-1.7315276031506313 1.9905401580316078] 1
[2.096174030428001 -2.416313156845524] 0
[1.4079798263839156 -1.5224259348594993] 0
[1.4928827560079019 -1.6236533395487287] 0
[-1.8516375169511745 2.0857073525556475] 1
[2.20378750065629 -2.5204901253254848] 0
[-1.2532904633580904 1.4639360856141983] 1
[-1.4640730871231296 1.6406239219398024] 1
[2.2298578860631135 -2.529310311364466] 0
[2.2024415311662624 -2.476943722481896] 0
[2.351295967620628 -2.72401165168915] 0
[1.1903738388074838 -1.3371603454139138] 1
[1.9258244163656373 -2.1335262371221893] 0
[1.1123149400029808 -1.1799542535104655] 0
[1.1389573063218577 -1.1900798289553125] 0
[-1.5598138275040228 1.7704121583121348] 1
[1.5616490016618894 -1.6857366423041498] 0
[-1.6833315243322051 1.9393118415516302] 1
[-0.3501048670347936 0.32064628101284554] 1
[-1.6266770242270336 1.8959542161617056] 1
[-0.016258725810535758 0.00192847501062904] 0
[-1.687616855612716 1.9468012916628172] 1
[1.676401375903247 -1.8348153337117532] 0
[2.147336540461434 -2.4080738709060823] 0
[2.2168507236120414 -2.5367928526961068] 0
[-0.7959081121991203 0.8463715555363472] 1
[2.2233389329655227 -2.564725766601738] 0
[0.9808205911165887 -1.0240207222070965] 0
[1.8376527998628431 -2.018062832547322] 0
[1.1630335172114168 -1.2710635668758021] 1
[-1.777522302902423 2.0216648586732844] 1
[1.9119610769362057 -2.179418503208774] 0
[0.5503111196811871 -0.5956993843362894] 1
[-0.21582594372112765 0.22665152603979458] 0
[2.0698828492670733 -2.2910242635549007] 0
[-1.2924878482002198 1.5262719186626514] 1
[0.4286960833864474 -0.5279763077356179] 0
[-0.5309494958182005 0.6647352907762629] 1
[-1.972264851472067 2.2507697181559685] 1
[1.2389274737791354 -1.303877292735594] 0
[2.128810214931258 -2.4598861672092065] 0
[-2.131187901465792 2.4162694029952734] 1
[-1.3017680361208996 1.4557833382862524] 1
[-2.02327595804198 2.282238639847292] 1
[-1.7112444554310784 1.9276142011291495] 1
[0.9712537538160497 -1.1397925738793866] 0
[-2.00081260613327 2.274940583226331] 1
[1.8914659520601984 -2.182810552611799] 0
[-0.8183502887301951 0.8754042842514576] 1
[-1.766142356631177 1.9952861821215782] 1
[1.8133584453943397 -2.0055775203493105] 0
[-1.0093950082766228 1.1566938018636344] 0
[1.8636958445704899 -2.1382127966452202] 0
[2.246119068143147 -2.530463780369503] 0
[-1.8155199294048743 2.0956204404374086] 1
[2.4116272738953195 -2.790267816115371] 0
[-0.38013829916912867 0.4758151122303961] 1
[1.8180750960902854 -2.0684656655695863] 0
[2.370888266975079 -2.7281777788126345] 0
[-1.1465040157006268 1.3149231511827115] 0
[0.07106918550849711 -0.10941010537023231] 0
[-0.5800488515332329 0.6526605418478966] 0
[-2.184680583681529 2.460315353030471] 1
[2.0895329319225207 -2.3453222503644247] 0
[1.8187635233412678 -2.0809610615595986] 0
[2.0202318326687587 -2.2838488804742525] 0
[-0.819847867672019 0.9772132499136295] 1
[1.0211318014776833 -1.0468597886982671] 0
[1.2651954154039005 -1.4811376799103395] 0
[1.8690451957724545 -2.0560034646182457] 0
[-1.8088484530519937 2.041057651778446] 1
[-0.002708995683396475 0.03561907974873933] 1
[2.4862694275745114 -2.8708013822950136] 0
[0.4009061789372902 -0.49433463332316474] 0
[2.466605865175828 -2.8266139369881778] 0
[2.4099354090447473 -2.7512369916925135] 0
[-0.5888181503767077 0.6466246728611161] 0
[0.32020224975502243 -0.32415905331004163] 1
[-1.310953015868832 1.5304072816431602] 1
[-0.9471898752713537 1.1387896785503824] 1
[-1.8911859996917233 2.164700340671108] 1
[1.1446927615919693 -1.2740923978932495] 1
[2.1457661462676 -2.398820434218605] 0
[-0.8732726885088808 0.9367329149970559] 1
[1.3292540605636594 -1.415700155152123] 0
[-1.4300075316884995 1.682997983811382] 1
[1.1236165657874626 -1.1799212574035187] 0
[1.0286326468022366 -1.074963346015291] 0
[-1.8163428961961272 2.052723706270659] 1
[2.373779460316724 -2.7627272487620784] 0
[-1.1137363441078356 1.2723042860201006] 0
[-1.75589096120774 2.0242407146251167] 1
[0.4475514162195803 -0.4633426665028133] 1
[-2.209030439589472 2.485405472418912] 1
[-1.7821143724581163 2.035369296788628] 1
[1.6758644563179819 -1.8330713312149656] 0
[0.7467569403476864 -0.724142237080361] 0
[2.063757197463187 -2.3662907270020184] 0
[2.072395681896399 -2.3212603889296872] 0
[1.4171287733894835 -1.5304081599745567] 0
[-0.3596150626293263 0.32845127007176306] 1
[0.5561636633784359 -0.657421806019254] 0
[-1.3633260753146756 1.5122620047282038] 1
[2.0194695508769813 -2.3294090026694905] 0
[-0.6827259756301729 0.7845614889587229] 0
[-1.3954566131342885 1.6366883880039285] 1
[1.162014014332472 -1.2993784730408509] 1
[1.157005765384064 -1.227585355731018] 0
[1.3910181559051633 -1.4922275111183871] 0
[-0.2547366922943233 0.34464440201999336] 1
[-1.8990563908549296 2.1561474932554567] 1
[2.031230219621585 -2.254115511350628] 0
[-1.157764040293431 1.2725040530626104] 1
[1.9085585077925875 -2.1203240321526593] 0
[-1.2648255545663187 1.4125318537927827] 1
[-1.9678921668623266 2.2312223976247987] 1
[-0.7178964398617167 0.8594063558624082] 1
[0.8940795402799406 -0.9111265408760103] 0
[1.8277674376311508 -2.0056232786820196] 0
[1.142915500818218 -1.1970343269991828] 0
[2.103457393905369 -2.404827404880201] 0
[-1.141959890198247 1.259016168109619] 1
[-0.8735216080180961 1.052271889794043] 1
[1.959960729723983 -2.162702290020155] 0
[0.7085170533103413 -0.7807767692639431] 1
[-2.1802013422230524 2.457849480349383] 1
[0.2454831534889561 -0.23123810615018225] 1
[0.9281634648322961 -1.0249543622138835] 1
[1.1319716445621304 -1.1865400967266289] 0
[0.9751994729959899 -1.1337450847772517] 0
[0.875034759171371 -0.9606681144357583] 1
[-1.6488872946407045 1.8668577635359966] 1
[1.0466418740969017 -1.2291922142460185] 0
[1.999273158931285 -2.2637123976377254] 0
[1.4412264238102503 -1.5505743971352473] 0
[0.2533541757722448 -0.2562111469642994] 1
[-1.8185485512688135 2.058261952567844] 1
[0.15162196354889745 -0.20104897007067185] 0
[-2.064378601286178 2.333089980358402] 1
[1.967693111272063 -2.2527299841003257] 0
[2.0408952271082748 -2.3612288264383565] 0
[1.1975269069106478 -1.3936775772079535] 0
[-0.08582642865247173 0.07919577790467582] 0
[2.093434697914521 -2.356994033649163] 0
[-1.179532659255801 1.300438173907806] 1
[-0.8883398868023817 0.9515889533029198] 1
[-1.9078861853227873 2.161113310727484] 1
[0.805552823298268 -0.8080277553963302] 0
[1.7266121683756324 -1.8876256137498388] 0
[1.6613247578123245 -1.8067788777496248] 0
[-1.9155469564172822 2.1642760222763324] 1
[-2.045228065968354 2.3168650635042183] 1
[-0.6532829991453184 0.7425313823151174] 0
[2.1143663859869446 -2.384166664543107] 0
[1.949141579261421 -2.1648985997844834] 0
[-0.11538757988033138 0.04369825516047971] 1
[-0.9030714575412049 1.0900721832888292] 1
[-1.9463898934365462 2.2321712658400594] 1
[0.9269282092343056 -0.9411745242234915] 0
[2.0404824991790784 -2.3132563459300166] 0
[0.21742687399223487 -0.1968346930471272] 1
[1.7989031991805762 -2.060683035039717] 0
[1.28213979322495 -1.3501621958783474] 0
[-2.322985387365528 2.6076520852091543] 1
[2.21527576893104 -2.4948067787683703] 0
[2.0281190660472044 -2.267884976448916] 0
[-1.809061564447311 2.049124625490496] 1
[-1.7455984634040296 2.029816811366186] 1
[-1.771078006032393 2.010939860745995] 1
[-1.2955499974991715 1.506400018714989] 1
[2.384194492992095 -2.7213123803649846] 0
[1.3936801772635974 -1.4939493966346713] 0
[-2.282987167136076 2.5583248716074065] 1
[1.810942010266055 -2.019595225291684] 0
[-1.514172222559892 1.7767240695838113] 1
[1.6030697906822033 -1.7405115703124108] 0
[2.3323801753653632 -2.666590442504522] 0
[1.9455544076905027 -2.2145480714981893] 0
[1.9614844329551935 -2.2431889655676587] 0
[2.0935587431473524 -2.3666868479242167] 0
[2.2372921539969983 -2.609880311163071] 0
[-1.6751543203110875 1.8896409778680372] 1
[-2.0865514021850835 2.3557253677426244] 1
[2.076633272100605 -2.4025548185805228] 0
[0.806058358234669 -0.8846658425698735] 1
[0.6048692677718058 -0.7202119352082796] 0
[-1.6657960064894746 1.92421338250873] 1
[2.1632398433693467 -2.4167844369149147] 0
[1.6517220999481097 -1.894633606609705] 0
[2.070351654091471 -2.3231736748579843] 0
[-0.7741025873833584 0.940154616441677] 1
[2.2728452216886144 -2.569537545443714] 0
[-1.9074226664338418 2.1623305738794083] 1
[2.020180131752043 -2.3135215157885476] 0
[0.8256589128731928 -0.9075890137748682] 1
[-1.65347714630532 1.8951194602309305] 1
[-1.927379947839841 2.2078707821817343] 1
[-1.3891940519027939 1.5681587604912086] 1
[2.0829813384586964 -2.430528256765488] 0
[-1.7841159609177901 2.006848289385801] 1
[-2.1962956157656883 2.47048953090342] 1
[-1.67601982470682 1.8962772480645087] 1
[-0.6092084989167936 0.6313833400087012] 1
[2.108139531991161 -2.394021576971748] 0
[0.5358418066649957 -0.6348151600641635] 0
[1.3000666450740583 -1.5078183276613157] 0
[0.9795156412829287 -1.081739616785437] 1
[-1.8964888166056815 2.1582930194251677] 1
[-1.743060391076419 1.9705334863495378] 1
[0.359952945544212 -0.37588195889933695] 1
[-1.1009950958687587 1.2026952917889537] 1
[-2.0110389005373954 2.284699655880962] 1
[1.4676601109394505 -1.5877539958067413] 0
[1.6326250895387404 -1.8987238379951594] 0
[2.1337467172240525 -2.3790185135785915] 0
[2.110131544482482 -2.3726744816004532] 0
[-1.1754474504681411 1.2970809439559057] 1
[1.8968851427465823 -2.188610571195073] 0
[-1.1107990353263513 1.3240076146264315] 1
[2.2393929700443373 -2.530490163306359] 0
[0.9318988036142366 -0.9434971833527126] 0
[-0.015147886585407288 0.0604487897663739] 1
[-1.0300290229768565 1.2230669049436251] 1
[-2.1112487488693623 2.376358114332375] 1
[0.9355985059183721 -0.9610462092357435] 0
[-2.2754064575870085 2.562293342770504] 1
[-1.7502015878375476 1.97814289556634] 1
[-0.04747482657044286 0.03872384593440146] 0
[-1.5789155683353235 1.7773803168878164] 1
[0.7380447199449953 -0.8716588821146836] 0
[1.8017607494981869 -2.0555349002831083] 0
[-0.16195551732880015 0.22567434512096085] 1
[1.1854146433800286 -1.3829050824361797] 0
[2.238050128793196 -2.548093454362089] 0
[1.902277912492397 -2.1685893059735455] 0
[1.8155583913887638 -2.102914728066799] 0
[-1.9381530811839898 2.1948443121080015] 1
[-1.3192080687524121 1.4764132873089129] 1
[1.3399856507177672 -1.5395231174388062] 0
[1.9412424053526285 -2.236124637637042] 0
[2.26135227132471 -2.543744605762128] 0
[-2.1283092197625098 2.405938917297637] 1
[-0.4211691687292219 0.46281465641598496] 0
[2.1103489811543676 -2.46891044754247] 0
[-1.7538213706645838 1.9815980656943017] 1
[-0.6342818467740245 0.7088422034911734] 0
[-0.6142625176784215 0.755312620891601] 1
[-2.0760532298146863 2.3448291302392574] 1
[-0.6651314601402016 0.6910971798669738] 1
[1.9903385159393199 -2.30905142151264] 0
[-1.327399854277032 1.5535262051978571] 1
[0.9901946361849541 -1.0301530861583035] 0
[-0.5043147016537715 0.5067967377531502] 1
[2.169091512627822 -2.492086805151126] 0
[-1.7064667542237921 1.976652279386583] 1
[-0.5413336116139447 0.5521866039655159] 1
[-1.7898078044394277 2.02680664134863] 1
[1.8659562164797978 -2.1482763605635053] 0
[-2.0429330046040404 2.327693912729302] 1
[-2.0583188964625965 2.3265155535968423] 1
[-0.6118020405441216 0.6951645870898338] 0
[2.365028739886077 -2.7311824633412387] 0
[-1.4557269535596054 1.6324324861536192] 1
[2.120162417597589 -2.452269358551252] 0
[-1.6752319710873222 1.941159629688237] 1
[-1.9059090243863859 2.1476782514378154] 1
[2.085842547815157 -2.3311706214672343] 0
[2.2475711510814405 -2.5409786595408894] 0
[-0.25290126963658993 0.3345949058848517] 1
[1.673484873061104 -1.8195480273586302] 0
[2.2948323303861953 -2.6182304942219283] 0
[2.0902045714224275 -2.420980945930624] 0
[2.041868995265377 -2.344784442903527] 0
[0.28340573732476804 -0.34148992222896235] 0
[-1.7821570357896812 2.0480674664528786] 1
[-1.17801480362562 1.3816192269433623] 1
[1.2695401463444491 -1.4131201150525303] 1
[1.0046230543375905 -1.0323902457612284] 0
[2.178017953435206 -2.442567406027977] 0
[1.4215740372145382 -1.524291992154592] 0
[0.7572275173070682 -0.832719448865613] 1
[-1.8847432699138458 2.137990325440806] 1
[-1.6827161814866356 1.8936097862578205] 1
[-2.0281735101132954 2.3166643827850457] 1
[2.390012662740325 -2.737172531990772] 0
[2.007192774987639 -2.300601146851858] 0
[2.1741737594722057 -2.5332110745346217] 0
[2.27338941725559 -2.60118475613128] 0
[0.5122997832055699 -0.5407234488204432] 1
[1.9931366074683057 -2.219391686159525] 0
[-1.3176276721042528 1.5596610361376637] 1
[-0.15221185560388806 0.15756300987565358] 0
[-0.27991782844302 0.3702647560139708] 1
[-0.8847026075935807 1.0507402709048548] 1
[0.8660695979410429 -1.022075514093353] 0
[0.748685145022403 -0.9033292657517724] 0
[-0.7861740819213388 0.8360122227677884] 1
[-0.7636270398456281 0.9264518484171969] 1
[-0.32733239137794407 0.42155251498117763] 1
[2.065948167445767 -2.358324815661746] 0
[-0.7280554858431386 0.7763898305467714] 1
[-0.7516868128470353 0.8532464167447991] 0
[-0.5850568447300077 0.7281029920220209] 1
[-2.2274562489114564 2.507241788266918] 1
[2.186650697139374 -2.5005022873357117] 0
[1.9026734450340144 -2.1409912262503017] 0
[2.0632478155385017 -2.3096620501700613] 0
[-0.9541970425479251 1.0334605161339532] 1
[2.0731080884680653 -2.318075391986213] 0
[-1.6562981677561046 1.8600041754740066] 1
[1.7770593149307379 -1.9464845915335491] 0
[2.3504965648046054 -2.7126878000189025] 0
[0.3340139570616246 -0.2487310203834936] 0
[-2.208686076206668 2.499897046582533] 1
[1.7022833759082387 -1.8584777494354436] 0
[-1.2815547381689738 1.5074761899627367] 1
[0.5746688927659557 -0.6738293315842891] 0
[-1.5806312557265327 1.771419560809362] 1
[2.0421011840323575 -2.276976189875662] 0
[-0.9322004313164356 1.0108780924461847] 1
[2.274221810676519 -2.6029682793825826] 0
[2.0087795759044327 -2.233995060486152] 0
[0.07268687012844596 -0.05008977051429153] 1
[-1.0679514859874386 1.1713887886487533] 1
[1.6333276230656533 -1.8899826794021948] 0
[1.2467972999969161 -1.4079365141136702] 1
[-0.6847241941225272 0.7862850856528185] 0
[-0.2495474435129857 0.24298875199989356] 0
[1.0838917773934096 -1.2663395518311353] 0
[1.6576788857139473 -1.9132041351701246] 0
[0.9723908412507182 -1.0872891634556248] 1
[0.22256492704491704 -0.292191269289348] 0
[-1.5202978540477554 1.7723196770397318] 1
[-0.1825486660308938 0.17259260199517296] 0
[2.0831847225950666 -2.4265680069259146] 0
[1.9107813331602408 -2.1037886929637013] 0
[0.6690676621950535 -0.8004526265429406] 0
[1.357180142338715 -1.5713620870336988] 0
[2.066638405470539 -2.367922128111276] 0
[0.9989483774935877 -1.179340376142462] 0
[-1.3634254229865772 1.5982837948556734] 1
[-1.0750125885786874 1.2764134938115181] 1
[-0.15473506388799835 0.22275047471949735] 1
[1.925620300977785 -2.2212200333299164] 0
[-1.3814717214075731 1.5391158121830146] 1
[0.3840018847814635 -0.41061910434585813] 1
[-1.9921564569168861 2.248335261814005] 1
[2.261251870882944 -2.6261526767423753] 0
[-1.525247620533092 1.7451568999327125] 1
[-0.9487263897362429 1.1284566548008639] 1
[-1.1660348502895244 1.2889575238884405] 1
[-0.2177093080060462 0.22089461549632994] 0
[-0.4135946169841496 0.5184343833561909] 1
[-0.4464147286571817 0.4922909314081662] 0
[-1.870297610243114 2.140405712236426] 1
[1.2770838301010585 -1.4342671986907862] 1
[1.3825966542627692 -1.478651712470457] 0
[-1.1118468250576017 1.228628599714884] 1
[-1.9937744969684128 2.280570110178142] 1
[-1.829823652327899 2.1090706548570672] 1
[-1.1992384788646773 1.3316408184111967] 1
[1.6962229854681161 -1.9719765474711417] 0
[-2.1587496033709246 2.4428487393882916] 1
[-2.069697141153049 2.351205658237438] 1
[-0.4202255231964041 0.4643302548110675] 0
[0.17272910876997305 -0.22388337164070315] 0
[-2.0699339280178455 2.346859997479744] 1
[-0.5316484183905874 0.5924876013205598] 0
[-2.2303259834996645 2.5097524767421726] 1
[-1.7086000533564385 1.9680102883883388] 1
[-1.8673938020666703 2.1096649177627547] 1
[-1.8308542968015393 2.067319817670369] 1
[1.8056841292839638 -1.9865098131383676] 0
[2.2027984750483647 -2.548164374762223] 0
[1.6572016745667306 -1.9174162164111832] 0
[0.07761904049737633 -0.053713652749529384] 1
[-2.2475710424950606 2.530575642188386] 1
[-1.6901137539707811 1.94787961540967] 1
[-2.5108569151762214 2.7870870700786172] 1
[-2.035837450932146 2.3056918122287575] 1
[1.617212674713671 -1.7590540272558353] 0
[0.5640946779187586 -0.6151003909910391] 1
[2.157770841868328 -2.411933227612967] 0
[-0.887649395878958 1.0168650610033667] 0
[1.4481643826620554 -1.5593881075530023] 0
[-1.8967482050429454 2.161107765713251] 1
[2.045314364318205 -2.3423809007548013] 0
[2.3274079011310427 -2.6542784964356585] 0
[-0.4757957549637061 0.5255141620385991] 0
[2.340675522769272 -2.688692853561417] 0
[-2.304179925794818 2.5844009308369724] 1
[-1.6770049223442673 1.8847883719650698] 1
[-0.9506734899973426 1.0305843541968813] 1
[0.5972466123046742 -0.7172418042921747] 0
[0.6949661460981973 -0.8214336932050199] 0
[1.0382685009089672 -1.2282654895163034] 0
[0.7924393921783781 -0.7877084539476991] 0
[-1.01440677709425 1.2082721004934904] 1
[1.1238084351587116 -1.3103987003510578] 0
[1.1528412836302655 -1.2877158859820628] 1
[2.2830764797107768 -2.572625361325433] 0
[-2.0613609641316653 2.3502939100114135] 1
[-0.6817706124588985 0.8225796984378764] 1
[1.6680482648091866 -1.8145944461323946] 0
[-1.1603780914024484 1.3694023092142364] 1
[-0.18184596798348632 0.2572260085429792] 1
[1.6390210519258952 -1.8938633549161121] 0
[-1.0483268560627899 1.2439507386181763] 1
[0.6804145192198006 -0.6726243044169664] 0
[-0.6001327101811326 0.6262444665754876] 1
[1.2557007118260504 -1.4708815450482624] 0
[-0.369498958156348 0.4665542835170049] 1
[1.23835128120355 -1.3138928765774311] 0
[1.6483538656562189 -1.8032873541849974] 0
[-1.810931783935959 2.049940061503359] 1
[2.0102309788597 -2.24050921657372] 0
[1.1383646082041792 -1.2588423364260344] 1
[2.126680251007068 -2.4533794662121595] 0
[1.5616539488167662 -1.7932311388689177] 0
[-1.4999850525416245 1.7122614420779538] 1
[-1.4801444851476604 1.710054408333347] 1
[0.39561222179631894 -0.4056286422974319] 1
[1.824827972906522 -2.0222005089322908] 0
[1.8428864613246665 -2.0476577765876893] 0
[-1.391283749663112 1.6378049886117485] 1
[1.9274298447041682 -2.1334338490990685] 0
[-1.6736814063901135 1.8922583667907424] 1
[-1.3750576066018105 1.539465402126403] 1
[-0.8726707196681249 1.0576620163235826] 1
[-2.065810289199421 2.3411599967031957] 1
[2.295248783562962 -2.6268016936358665] 0
[1.8062074116505251 -1.9823639224033145] 0
[-1.5870871547029368 1.7819377338201907] 1
[1.304192957569851 -1.5169336815579197] 0
[1.7560546011725169 -2.0346834766206574] 0
[-1.8043484009159891 2.0790872572439723] 1
[-0.15952887501102236 0.24432259490118613] 1
[0.6999228638454786 -0.7664244050415742] 1
[-1.632366300188014 1.8414049117017006] 1
[-1.6350034318207125 1.8906280145502714] 1
[1.8627417414957017 -2.15555144032388] 0
[2.162779877956365 -2.4797290103781533] 0
[0.8480232929109713 -1.0015285011528015] 0
[-2.0208232983413366 2.2888678141427015] 1
[2.59209546268056 -2.9851929556431362] 0
[2.030864395928692 -2.2581117263520785] 0
[0.7032390226780322 -0.8327606506406384] 0
[-1.9981439427177028 2.2849095654612883] 1
[0.6837464894308038 -0.661314502843213] 0
[-1.5423557308798297 1.8060766451648753] 1
[2.29405945766174 -2.626623354736336] 0
[-1.252204516628887 1.3895180577916335] 1
[1.079876994090741 -1.1891143208745918] 1
[-0.5366970475578587 0.6007249463676947] 0
[2.3160596418246353 -2.6100317346211535] 0
[-1.3961014180786377 1.6538337378564198] 1
[-0.4161384073511168 0.4681387495607578] 0
[0.5920038724336923 -0.7263639911906974] 0
[2.091222926521363 -2.353583895621991] 0
[1.0419614561258759 -1.2132997635616274] 0
[-0.08797641561906401 0.13498944630539594] 1
[1.3010929877530393 -1.3896976459488644] 0
[2.1387888508348247 -2.4648687138314265] 0
[-2.043938330513611 2.326524472203711] 1
[0.8240069684944573 -0.8977450634290949] 1
[-1.9535518780644634 2.2106597729688646] 1
[-1.512674600039803 1.6968973673195544] 1
[1.7667892769790448 -2.0330598593507956] 0
[2.294080353144955 -2.618258309465526] 0
[2.3433555489051345 -2.6451582063723853] 0
[2.227051838060563 -2.5558104476432604] 0
[-1.6642238096110804 1.9162173913046145] 1
[-1.523860056843795 1.7061746545932936] 1
[1.3427056621395725 -1.5597190268555952] 0
[-1.3628300578525725 1.5248525580051808] 1
[0.6687485948391239 -0.6561285542798608] 0
[1.711442570181544 -1.9865230440441648] 0
[0.2526846744229241 -0.3163463729207783] 0
[0.8531367487815265 -0.9890361723723099] 0
[-2.0302397199657127 2.3121919633556516] 1
[-2.0859584781988048 2.3504347528921494] 1
[-0.2726974707433369 0.22840692685835762] 1
[-1.2466386235986398 1.4639927870719727] 1
[0.4980098699630764 -0.6001746020982225] 0
[2.109793686206231 -2.37462715370636] 0
[-0.007575525125265808 0.04685584927432945] 1
[-0.01949478992114448 0.05767095800103972] 1
[-2.214712211985245 2.501944991539858] 1
[-0.5584210598685682 0.5644310871771872] 1
[2.2816698755448623 -2.639067523555564] 0
[-1.9786831012359296 2.2376051263800747] 1
[2.102601976032176 -2.3920109780932544] 0
[-0.6731355086256714 0.700437783843266] 1
[-0.03461010342539701 0.009915821460409584] 0
[0.20530483792947013 -0.25474892906603186] 0
[-2.1740805814032123 2.4447483808682478] 1
[-0.4692283210494107 0.5275313626268299] 0
[-1.6449018221522986 1.9021235534284164] 1
[-0.5440502366495215 0.6118415091894043] 0
[0.8801918910998701 -0.9876225212535925] 1
[0.3547070827192832 -0.3511858711642638] 1
[0.8150172360482748 -0.9613851264609876] 0
[1.5472589833887676 -1.6845316280613556] 0
[-0.42348133916005676 0.530885528924218] 1
[-2.0221330830515374 2.2755283572362224] 1
[-0.0065502749246677434 -0.017381076664887782] 0
[-2.0885932965121334 2.3578030909133103] 1
[-0.6504356367918415 0.7199268764207476] 0
[0.17775218770778078 -0.217064349541507] 0
[-1.701981023523719 1.9467438507979047] 1
[-1.8413452684984941 2.109845115115059] 1
[-0.7854787695300132 0.8265997626950431] 1
[-1.7849233473142152 2.0157099351218593] 1
[1.6486341159950508 -1.9187032615928605] 0
[1.141859395990111 -1.3467466397738252] 0
[-1.562239134483083 1.7643303295268193] 1
[-1.8232036083294725 2.059088776353029] 1
[2.3781382047794923 -2.7142864170575045] 0
[-1.3419379699531264 1.4989853648460507] 1
[0.959112709369973 -0.9881264252024209] 0
[2.272881651731391 -2.6256277656352127] 0
[-1.1485014693139508 1.2670393246431928] 1
[0.9734884212600579 -1.0717166816990817] 1
[1.2547765205529533 -1.4603026213214685] 0
[0.6861802777386452 -0.6704279206543025] 0
[-1.9240339310027963 2.185095015004273] 1
[1.8148167859366988 -2.009704377075397] 0
[2.2090647587326018 -2.467313717668096] 0
[1.1752720794883864 -1.2435189772146131] 0
[-2.048769951989456 2.3179551850034823] 1
[-0.6854089061885282 0.7108414584988181] 1
[-1.748405710657068 1.97357085497673] 1
[-1.5316974505059433 1.7220518358746006] 1
[-1.7562919475060261 1.9814911506368484] 1
[0.5924943574285549 -0.6302758926710537] 1
[1.9842232479729862 -2.2417724711724993] 0
[-1.6711355915658055 1.8825915291007886] 1
[2.478208456457935 -2.858366146727646] 0
[-1.4178359673517955 1.5947373918223005] 1
[-1.6999689457642329 1.924049351395678] 1
[1.5387786060985778 -1.799189800492823] 0
[0.7414751362413303 -0.8195478151521988] 1
[0.368982729069026 -0.38328278233199053] 1
[1.5390454538389107 -1.7775676585164488] 0
[-0.5693566122929709 0.6960951744763559] 1
[-1.3458970355773354 1.5862014880020485] 1
[2.11400524065094 -2.416949710786433] 0
[1.5308749829387356 -1.7673379842330832] 0
[1.8878264790456467 -2.097150576484758] 0
[1.6560068822494851 -1.7998817815208328] 0
[-1.5546255938001727 1.8054566206253768] 1
[-0.2928682428190196 0.30816382500861594] 0
[-2.012912116247187 2.2953156928130545] 1
[0.17410815866397605 -0.2299024026463875] 0
[0.06654880491664006 -0.10062377077952989] 0
[1.8955163959268537 -2.086690599816601] 0
[2.2351171050838117 -2.540323508547033] 0
[0.3869773268297143 -0.4692403492652897] 0
[0.05285239077590829 -0.0910050693765708] 0
[-1.9861903648432213 2.250423376582959] 1
[1.5292939803856087 -1.6428045342851618] 0
[-0.5169379260638096 0.6409126573476611] 1
[-0.37233353985531004 0.4797868557833873] 1
[-1.7042830920081933 1.974594695469289] 1
[-0.626767574141529 0.7192026142297014] 0
[-1.8434352393329378 2.1084135932412975] 1
[1.4236352293793588 -1.6521759551985498] 0
[1.5404262775716915 -1.7758727944749406] 0
[2.14891337967621 -2.474235393191611] 0
[2.2608327716222387 -2.562680946509021] 0
[0.34134584092506337 -0.419657562918182] 0
[-1.843516316712205 2.0976499291285506] 1
[1.7708860475007588 -2.03411098145327] 0
[-1.6266938647337001 1.861084979947221] 1
[-1.3814191567157235 1.6298414665164889] 1
[2.0089056553604285 -2.2174671717861747] 0
[1.6480998344879874 -1.9021273015275537] 0
[1.3164324502384397 -1.4637467638012178] 1
[0.147383991169608 -0.19590012552709557] 0
[-2.2114717171431346 2.497629221409637] 1
[1.517029561643159 -1.742395724941968] 0
[0.7404224331558347 -0.8094906405004328] 1
[0.9083870429523753 -0.9320617148750989] 0
[2.1916732631303906 -2.479597997357554] 0
[1.433757418755424 -1.6440440798857936] 0
[1.2348206433678426 -1.315916210825951] 0
[2.1320139959378954 -2.453786784396425] 0
[-1.0523072965652895 1.2399476682769361] 1
[-1.888472888482083 2.166399808594674] 1
[-1.8958968789639852 2.141982632282236] 1
[2.0384468236012747 -2.3472465065792276] 0
[1.3368343471551176 -1.547993532839829] 0
[1.852252223096618 -2.0524603635580814] 0
[-1.4155229103738054 1.5828313479522271] 1
[-0.8716360828505317 1.047136774467845] 1
[-2.0261443987368164 2.3153946831690977] 1
[1.4256720215578702 -1.6428730394152882] 0
[0.7278547205176649 -0.8839583256171681] 0
[2.111948845974802 -2.4081950133388306] 0
[2.269592672107401 -2.606908800178293] 0
[0.705585826703803 -0.695145048795027] 0
[-1.9556475322873166 2.2079995090680793] 1
[-0.15519534827860798 0.21533227454115983] 1
[-1.3526921758039108 1.5106516407779165] 1
[-0.7959959749733043 0.9758701620392103] 1
[-1.5326736479038536 1.7230654373948275] 1
[1.5219304286792181 -1.7700063820080731] 0
[-1.7007848538578703 1.919392709128033] 1
[-1.8139779991681184 2.0713935115849393] 1
[-1.7736771826951014 2.038097453343126] 1
[1.2589999827860954 -1.3161237928992913] 0
[2.433102909644468 -2.7744365139829696] 0
[0.8253035729302494 -0.8313763864000496] 0
[-1.9916350600750115 2.270517087381113] 1
[0.0566351159643154 -0.024765393883853168] 1
[1.137353155199703 -1.2712356170009373] 1
[2.4031305221831674 -2.72325706871689] 0
[0.8340462925200667 -0.9198735352828927] 1
[2.139350688152513 -2.4061544283168326] 0
[-0.8779567052696284 0.9521614340579865] 1
[-1.6042375513912368 1.8600119673740443] 1
[-0.39741634507743884 0.375940328596093] 1
[-2.019631858790305 2.2985969971988975] 1
[-2.0420203599787183 2.3268886844524364] 1
[-0.7363058304702145 0.7725236201963561] 1
[0.07551154078164549 -0.11252233057836539] 0
[-2.073386484869125 2.360736408821677] 1
[-0.1523005912564739 0.21746818834324722] 1
[-0.6735114996465252 0.7689441761186275] 0
[1.8828890884515421 -2.072695528724121] 0
[2.157765457902363 -2.441381142536292] 0
[1.8970469381038706 -2.1479268072145805] 0
[-2.1104064157266134 2.397354205332973] 1
[-1.8655615865994535 2.1039341167867533] 1
[1.4963730826094275 -1.597475658379969] 0
[2.1564819085846856 -2.470646185208878] 0
[2.285584871204549 -2.6344353080142793] 0
[-1.1923966673624684 1.3514982889361646] 0
[-1.1687069272146924 1.295578547848403] 1
[-0.8115158410800907 0.8639068832577076] 1
[-2.1368545882605003 2.410040390229053] 1
[-0.45261238611596016 0.44325278337360363] 1
[0.8443954503688103 -0.9894800354910491] 0
[2.3178129606417794 -2.6397352296873122] 0
[-1.7886736685910465 2.0617150348034485] 1
[2.1181918985521566 -2.427253051711653] 0
[0.7906885201700988 -0.9422344638862848] 0
[-1.8882663890270037 2.157822448327687] 1
[-0.23833032513330926 0.1842261734000865] 1
[-1.6363201571094947 1.8479065337888054] 1
[-1.6861258043481366 1.9089519563613484] 1

