[1.9441904390532483 -1.9573218357525133] 0
[1.1171378631537465 -1.1235906067956125] 0
[2.1352449985812836 -2.13811140852485] 0
[-0.5824840964020632 0.6023997854461723] 0
[0.2819421112327017 -0.2744138781530602] 0
[1.059042720042239 -1.0578346549306286] 1
[-1.5834237497778754 1.6057222206813107] 1
[-1.8142174619339841 1.832467274580752] 1
[1.8598351253138934 -1.871028258605561] 0
[-1.0188665665251389 1.057790766210387] 1
[2.3181749320304803 -2.325267237296156] 0
[-1.6872402154273074 1.6985753725611807] 1
[-1.6687864999354185 1.6752576063778069] 1
[2.1085458982670646 -2.1099797401816516] 0
[-0.951437224262391 0.9918838995193286] 1
[0.2815035479057034 -0.27447423806805127] 0
[0.04683356389085344 -0.0360678223192258] 0
[-0.773209004408828 0.8133560191659851] 1
[-0.5875278558164357 0.5850259114440173] 1
[1.5159150453794452 -1.5219587902348528] 0
[1.0015066967797384 -1.013588747025012] 0
[-1.5706958842095742 1.570818687266367] 1
[-1.6235368118182727 1.626478951829009] 1
[2.1694904405626443 -2.1731376091442547] 0
[-1.5598713642187763 1.5841685945319768] 1
[-1.8450255389062966 1.8468846300248203] 1
[-1.3061617702443202 1.3478952304699263] 1
[-1.7041154348754444 1.7208471753521088] 1
[-0.7469999760241662 0.7462781528954181] 1
[-0.20868715878891192 0.24064371816427688] 1
[-1.7940138245428612 1.7974565679810173] 1
[-1.9639360973674311 1.9783710754118846] 1
[-1.175226065309963 1.2191454055757824] 1
[1.0401419772561775 -1.0540419309385025] 0
[-1.7228570161891068 1.7278152556238695] 1
[-0.12691051091477168 0.15696700062529634] 1
[2.2764440830771795 -2.2814216399823684] 0
[-0.5638637897866899 0.603772038338767] 1
[-0.8999893717282383 0.9021985702104192] 1
[-1.3368646951243885 1.3765477410991553] 1
[-0.7303288523812398 0.7459355531011864] 0
[-1.6126688335610742 1.6146276579132453] 1
[1.8533656461394217 -1.8634380679477853] 0
[-0.22153079188745733 0.23538676836935585] 0
[-1.5634164407302056 1.5890287901037976] 1
[-1.6930189847654864 1.703252806428435] 1
[1.7607822155015909 -1.7713242150285953] 0
[0.07955658609766852 -0.09170190840638685] 0
[-1.3397210112410063 1.3822729829175917] 1
[1.6616768422285424 -1.6738416324044845] 0
[2.433876308547725 -2.443220182310217] 0
[1.3194567118397753 -1.3275386484680407] 0
[-1.6193790328473128 1.6352492981333753] 1
[-0.40632282499838346 0.4455219416344643] 1
[2.1697074792304076 -2.173249257877407] 0
[-1.8014213769449652 1.8014890742916023] 1
[1.028199816732446 -1.04376406503248] 0
[-1.5218908635427058 1.5626549221981691] 1
[-0.07358700252060435 0.07629330212961241] 1
[-1.6000251710952997 1.6029329050777008] 1
[0.12621724842489915 -0.12354041300931529] 1
[-0.651754117749519 0.6944843701710615] 1
[1.3576508576738031 -1.3678058917012814] 0
[-1.6473945330915247 1.6703206878601056] 1
[-0.2055296014628035 0.218899781038096] 0
[-0.4969580843163991 0.4966361903611257] 1
[-0.4383670844679902 0.4763646804721591] 1
[-0.807116991580622 0.8053887332972073] 1
[-1.8532462242338115 1.8581442381381605] 1
[1.202921664130788 -1.199856064179241] 1
[-1.4658422422733373 1.5045943487940718] 1
[0.562894961396047 -0.5580150908746229] 0
[2.1765020081533164 -2.1810609987353704] 0
[1.7915332556146197 -1.8019125605072603] 0
[-1.907745385887616 1.9098105220042858] 1
[-0.5589283335659576 0.5596121213613758] 1
[-1.3467706092378324 1.3492930551004356] 1
[-1.6567185336835037 1.685158203494381] 1
[2.3415595288454805 -2.3493239443665317] 0
[2.236116326891703 -2.2428809186550263] 0
[-0.0376397772568677 0.05947545329484946] 1
[-1.60973625201396 1.6170026820566212] 1
[2.046703775601036 -2.049850880951525] 0
[-1.5420806305142225 1.5750363686894446] 1
[-0.2312091156866345 0.23216693130871813] 1
[2.1581199764502133 -2.1617980689034884] 0
[-0.09483740098090461 0.10607398746925073] 0
[2.1836445077243027 -2.1940674832648757] 0
[-0.6592656964918133 0.7053007884132181] 1
[2.025027377091706 -2.0327517826058563] 0
[0.9617815077968515 -0.959492361954654] 1
[0.8749969507768722 -0.8749204600784908] 0
[1.473918797308764 -1.485716022200339] 0
[-1.2015940633263142 1.2437664325473772] 1
[2.2449996993836407 -2.251242745307265] 0
[1.9474525884609912 -1.9602740446196598] 0
[1.8143385174542388 -1.8221081354445028] 0
[-1.4694358990565872 1.4677473228325484] 1
[2.1510611965823916 -2.1638692271715385] 0
[-0.8890325414876261 0.9019576721649492] 0
[2.071810180076978 -2.0783986607873364] 0
[1.9909570122534979 -1.9962489982521041] 0
[0.5538245626974029 -0.5502288871651098] 1
[-1.615066966179616 1.647892918391645] 1
[2.138588886755314 -2.144487692784826] 0
[-1.8470309729920147 1.8524912256984565] 1
[2.0838727079887445 -2.0883635655053903] 0
[0.05265110822518808 -0.03907459441021004] 0
[-0.8710439489776317 0.8840869186569107] 0
[-1.7268647277845899 1.7518677583376496] 1
[-0.6034601636006898 0.6029612940471569] 1
[-2.118919697957945 2.1286788004079913] 1
[-0.7076663567296344 0.7182430582279227] 0
[-1.4078370655100452 1.4472822276629] 1
[2.100236902448564 -2.103124707682424] 0
[0.6310969904186079 -0.627959593247717] 1
[0.7989443282375766 -0.7992220422940539] 0
[2.2866709950454043 -2.295554750742189] 0
[-1.7876647709184579 1.7986317861153474] 1
[-0.4410629861250834 0.46300991542250425] 0
[-1.2125159410927446 1.259835929399948] 1
[-2.092008220185506 2.102499859321384] 1
[1.4107437523125408 -1.4221732545979737] 0
[-1.6431748928516154 1.6601438227140781] 1
[-0.10937835210820487 0.11151763826975607] 1
[1.8812012506227798 -1.8840147429354754] 0
[-1.6407802800383353 1.6707924452248641] 1
[-0.9814517439072739 1.0270958803570154] 1
[2.1176004782365556 -2.128317124230329] 0
[2.172934206123236 -2.185528405869623] 0
[-1.5542156285766713 1.553820229418235] 1
[1.4990906168762346 -1.5078097146889942] 0
[1.0985259770521945 -1.1021982736557052] 0
[-1.612594178948464 1.6294850467135662] 1
[0.9979115466353821 -1.0004111995226272] 0
[0.7846043690196272 -0.7845439105723844] 0
[-1.84567055268379 1.8590929585890468] 1
[-0.3310641996928568 0.3639382558098153] 1
[-1.5085993637357684 1.5075170315410829] 1
[-1.8344751928272047 1.8502338406328702] 1
[2.1341139782590366 -2.1394149672862186] 0
[1.5265859992868536 -1.5395086338518031] 0
[-0.4502285033012895 0.4640299909977508] 0
[-1.55803237571252 1.5774085695696773] 1
[1.6126332160432546 -1.6232952503364948] 0
[1.7598180843081916 -1.7697937054333706] 0
[-1.1282617062787441 1.1290525372140099] 1
[-0.3475881315155194 0.38556441205245884] 1
[1.7165149081615554 -1.7166339994831858] 1
[0.14327888834836594 -0.14207048490844348] 1
[-1.2729753726703792 1.2756603588838706] 1
[-1.4686813080805714 1.4681447437858832] 1
[0.5443581585109498 -0.540900498729069] 0
[-0.4271384940169516 0.4288685030249384] 1
[1.115945998424012 -1.1150773918180208] 1
[1.796026105710522 -1.7996116643677462] 0
[1.9254049016185804 -1.9330986828821564] 0
[0.3872375864952529 -0.38696557993453395] 1
[1.2342138551341935 -1.2511933664082657] 0
[-0.3729461272220782 0.3729488286656306] 1
[-0.8407972247498827 0.8845475163094745] 1
[-0.8260796415532949 0.8722361335924971] 1
[-0.740820291663985 0.7548349912158723] 0
[-2.000271587585052 2.00282607965946] 1
[2.0153760668073306 -2.0180335206895847] 0
[-0.5040494457829936 0.5204495456294334] 0
[2.059642270516946 -2.074291829646203] 0
[-1.5964653995617013 1.5957170298102819] 1
[-0.3647285690083192 0.3770403775476403] 0
[1.950408791037663 -1.9662290396921915] 0
[-1.5705575088011026 1.572870367311359] 1
[2.044941810279905 -2.0547991505885] 0
[2.272410469872357 -2.2762822976504093] 0
[1.6098290896115146 -1.6200217821061003] 0
[-0.7440119202625597 0.7894561702315555] 1
[-0.6053464802297768 0.6051975390290968] 1
[1.9538720747192815 -1.9653414522675645] 0
[1.3621485596119092 -1.3690735240179337] 0
[0.9695832917604854 -0.9734264962842505] 0
[1.7415874130500135 -1.743732018958129] 0
[1.3546496956549583 -1.3601148471213405] 0
[2.2127081872956236 -2.2235671955365337] 0
[-0.6148508559521194 0.6158844901813539] 1
[2.2736554296058533 -2.28061321901734] 0
[-1.4134505941893 1.451025645327284] 1
[-1.8096906203219763 1.8266844945323153] 1
[-1.2653401511542723 1.308350965902341] 1
[-0.6520418001985326 0.6521877584144324] 1
[-1.461130331267455 1.4620858430242372] 1
[-1.2326464610020174 1.27444188432167] 1
[0.4060614712460898 -0.403974208309717] 1
[-1.9250254513148861 1.9377381096581885] 1
[1.2301026891265754 -1.2300827553571483] 0
[2.1624643058951216 -2.1674972877623775] 0
[-1.1412510922558152 1.1803911081799896] 1
[-1.581883464025379 1.6135342183685346] 1
[1.2155987101774484 -1.2271849564016235] 0
[-1.7111605958700415 1.7326748714238662] 1
[-0.38563362139573654 0.3953422580485798] 0
[-0.8414630161381993 0.8429728659673876] 1
[0.1624729970913268 -0.16014534569776007] 1
[1.5285437909159927 -1.526698023653199] 1
[0.02783369975755117 -0.016861709477410402] 0
[-1.384963950366708 1.426593216032722] 1
[-0.3541881992863111 0.39080454256544916] 1
[2.053054384940599 -2.063644380967806] 0
[-1.828925029009423 1.8401003276896426] 1
[1.2321315291502903 -1.2431113969683556] 0
[-0.3681992914255172 0.40269772291449685] 1
[0.6474959164548721 -0.644048358472491] 1
[-0.5725050708950544 0.6173881808199004] 1
[-2.0050880619504383 2.0141220792558534] 1
[0.21503347063345987 -0.2074613559744027] 0
[1.373904660497244 -1.3902111727948057] 0
[1.9781506227976742 -1.9853547892306218] 0
[2.0571199945541148 -2.0635343622244937] 0
[-1.7933602318782826 1.8104677862346685] 1
[1.0364330001664408 -1.0413142927435437] 0
[-0.45980337936757454 0.46074761668937614] 1
[0.8352190863295829 -0.8318816383555334] 1
[1.0010575338015348 -1.0030553572331957] 0
[-1.5521060667475175 1.5760729824831432] 1
[-0.8575796081021034 0.8577827413642034] 1
[-1.2317251056376382 1.2331320539396815] 1
[-1.1414802878476407 1.1869902959474512] 1
[1.3334869604955308 -1.341659861452006] 0
[-0.7373690042030526 0.7754688797730387] 1
[2.027771955223016 -2.033609046487771] 0
[2.1840428154141867 -2.1909428077803623] 0
[1.6728881827329714 -1.6750683154419213] 0
[-1.8785692975621568 1.8815772188569362] 1
[-1.982079872388038 1.9920542448201797] 1
[1.9340083655282772 -1.9381035587341575] 0
[2.0681442259944394 -2.0784839987129646] 0
[0.6382207421241313 -0.6366447805491104] 0
[-0.22465766592594932 0.22391072150921867] 1
[1.6396098330778948 -1.6512583036305957] 0
[-1.9898955112973926 2.0070361113154718] 1
[1.7370739104328918 -1.7464994132712257] 0
[2.082666336159972 -2.0901703217711294] 0
[2.189025526390105 -2.1935318788702305] 0
[-0.9755796601222402 1.0178519742997847] 1
[-0.38044951601876686 0.4148845117730203] 1
[1.0903560841875541 -1.0881145287833873] 1
[-0.1971427603350095 0.21193932785174613] 0
[1.7513571284231166 -1.7632792154154182] 0
[-0.37839207278576703 0.41482314088767236] 1
[2.2666189859211325 -2.276768881952087] 0
[2.2551921051213863 -2.260057665901387] 0
[-2.0910278728281186 2.0985027649839574] 1
[-1.761249268808846 1.7800836484715292] 1
[-0.926811827130866 0.9711323151911744] 1
[2.064567806641185 -2.068174614790867] 0
[-0.6449892826727386 0.6897860675081935] 1
[2.169418229774773 -2.180378612068928] 0
[-1.7131693801956085 1.7346059158660234] 1
[-0.437215894476963 0.439431151001128] 1
[1.828643487955533 -1.8413872018643884] 0
[2.1609006753898283 -2.1657494364697767] 0
[0.8385294314976289 -0.850026932288383] 0
[2.0412844127788357 -2.044701547175589] 0
[1.9240225260109636 -1.93323833724068] 0
[2.090864636736939 -2.102560001094284] 0
[1.4550951848113511 -1.4526106598670774] 1
[0.6399913100627206 -0.6391079552697476] 0
[-1.523287958782766 1.5256379991950686] 1
[1.4392280343781065 -1.4467720998107145] 0
[1.700190189174247 -1.7051969781322043] 0
[0.9357792477862306 -0.9449751124277673] 0
[1.9263592310847582 -1.934488588245229] 0
[-0.7245391808027191 0.7279305517130534] 1
[-2.0017008529783795 2.0095617224608957] 1
[-1.9976425552896786 2.015706060219112] 1
[-1.0052254724221763 1.0389405966566143] 1
[-1.5842642628449748 1.5945663743125404] 1
[-0.27901705279165273 0.2934963771074869] 0
[-1.73324959058126 1.7516113333551577] 1
[1.8566298707520188 -1.8591191951233208] 0
[-1.379107769802177 1.40370021536032] 1
[-0.299267555176287 0.31395288315921455] 0
[1.2793309162014885 -1.2768502340455161] 1
[-1.9781013752949757 1.9834791037947064] 1
[-1.671461678883026 1.6783018352767047] 1
[2.0461915088833447 -2.0505007286124033] 0
[2.0376352155292192 -2.0466449067697425] 0
[2.2041858700679016 -2.212613000295237] 0
[-1.9703682754548826 1.9748986225920615] 1
[0.8951991258994978 -0.9000212373202205] 0
[-0.7481359672711685 0.7475970467238199] 1
[2.2465207517191796 -2.253688613313983] 0
[1.678945492220698 -1.6907284012034243] 0
[-0.3919109328693078 0.40775483128950296] 0
[0.4167726328498093 -0.41010624853011124] 0
[-0.7912750245109165 0.8385058668802297] 1
[0.979374819621412 -0.976723302172915] 1
[2.099295094065811 -2.1028854893036018] 0
[-1.8580570007513775 1.8787951004037924] 1
[-1.2358328980787041 1.2360113455119834] 1
[1.3990057571277768 -1.4078246796824634] 0
[2.140835071337442 -2.1459407155702896] 0
[-1.7954848716291152 1.797665884063464] 1
[1.9167220376475465 -1.921927467028774] 0
[0.754215253606675 -0.7503458812123607] 1
[0.7166899812572636 -0.7317018458765012] 0
[0.24009121912629117 -0.23914750791630446] 1
[-0.7462016627578678 0.7506772711933192] 1
[-1.7693516515803194 1.8001717863086235] 1
[2.079345285015014 -2.0824115044229683] 0
[-0.6607869556834045 0.7038577522184126] 1
[1.9257572061583526 -1.9402671863964462] 0
[1.1314473264585567 -1.1440857916539877] 0
[-1.1037493991075067 1.1486489636247335] 1
[-0.387653136847264 0.42443097856416967] 1
[1.4184287950273085 -1.4304224777985843] 0
[-0.5925799169860173 0.6352433098187205] 1
[1.9809903770472985 -1.9932036331161291] 0
[0.9981331481715954 -1.009643926157625] 0
[2.0976624099607193 -2.1065431945684914] 0
[-1.8122966369367584 1.834838016578697] 1
[-1.2620548011238117 1.2625194004193667] 1
[1.1493985191703997 -1.1455679529440241] 1
[2.140049671837807 -2.147991676638483] 0
[2.1497031674516114 -2.1558763993315906] 0
[1.6290225996777292 -1.6335655568946676] 0
[1.3190715644844602 -1.3274834678271032] 0
[-1.968254909175816 1.9718637815233067] 1
[-0.09962372368064033 0.10044988769834055] 1
[1.5407307008762263 -1.550165276556967] 0
[1.1741673847402485 -1.1818012920100314] 0
[-0.6546656954685888 0.6724514839628218] 0
[2.0462350310287514 -2.0616433128552525] 0
[-1.3048909480953372 1.3049538067767097] 1
[-1.0076064138200573 1.0551117388744835] 1
[-0.6538539655137314 0.6651910068196618] 0
[1.0918194257996303 -1.0907002359919442] 1
[1.1273866330054425 -1.131551154319078] 0
[-1.7213545577547142 1.7271823973143192] 1
[-0.7448408882072144 0.7884720765983142] 1
[-0.9110082847458176 0.9590863911509999] 1
[-1.1386391351968492 1.1793088478943239] 1
[1.0603538926967402 -1.0750494450505734] 0
[-1.5675611983808473 1.5707506294545315] 1
[-1.8602607920376515 1.874151015682033] 1
[-1.7376089679921836 1.7512482966037357] 1
[-1.1648904777024476 1.2055189014839631] 1
[-1.9340616267245396 1.9402821034205469] 1
[0.8826569565073303 -0.8924469354405293] 0
[0.5063725868302232 -0.5209043758061818] 0
[0.11153652483765744 -0.11015619655621864] 1
[-1.63378806125223 1.6409894459564585] 1
[2.0777755747793965 -2.0874908765890137] 0
[1.6090446628816983 -1.6146786419544399] 0
[1.6916794247059 -1.697161264413654] 0
[-1.3975396991051818 1.44033604062839] 1
[2.203613587446048 -2.2111105736471943] 0
[-1.159292835120307 1.163774529548765] 1
[-1.0114917410019753 1.0535324993640243] 1
[2.2445756983349465 -2.2496454429505146] 0
[2.2380152750860036 -2.2437614525110074] 0
[2.2413925517494366 -2.2539631676155913] 0
[1.4187941459289086 -1.4173529640700266] 1
[2.057257527370926 -2.061569589319719] 0
[1.3173039430030402 -1.3245140648864764] 0
[1.2794586222971662 -1.2945158487635169] 0
[-1.2698170822275965 1.295942096167863] 1
[1.715932204085754 -1.725148539829734] 0
[-1.5959637209697048 1.6008902973738572] 1
[-0.13398560571160056 0.16096985916880052] 1
[-1.585976167050045 1.5861448418109472] 1
[0.17855371520469593 -0.16931817764767101] 0
[-1.6114303008271416 1.6156674138684246] 1
[1.8538891204099341 -1.8589176723123115] 0
[2.2055206649399253 -2.2112632053304813] 0
[2.2069219187241873 -2.2146994724483937] 0
[-0.4305510482512147 0.4683060423254611] 1
[2.165892401456775 -2.1776699445777803] 0
[1.1789553533214647 -1.1865551903991078] 0
[1.975057399932599 -1.9814913327769066] 0
[1.416476579380928 -1.4158376603858585] 1
[-1.5644526047374603 1.581734845450572] 1
[1.9955468088303534 -1.9999851791098489] 0
[0.7933105291371723 -0.7897288638005571] 1
[-0.008287148468997321 0.02012881679357475] 0
[2.142482310454219 -2.1501058491796354] 0
[-1.2327052138879302 1.231134893966356] 1
[0.561415873734988 -0.5584430603143293] 0
[-0.3902957738940033 0.39062092167700535] 1
[-1.8802737587456952 1.8859191582045902] 1
[1.3756986963423112 -1.390211827205501] 0
[2.0874016008331 -2.101170646455439] 0
[-2.013199393754372 2.021022398488437] 1
[-0.8906478047542592 0.9311491799427654] 1
[-1.722962434108667 1.748897998488634] 1
[-1.2889101696421044 1.3303273933057875] 1
[1.0781925317111636 -1.0808222160938998] 0
[-1.8713160777401932 1.8809652391473413] 1
[1.8949220414280719 -1.908301714627605] 0
[-0.4493811744363737 0.4871445026747905] 1
[-1.3979415812682374 1.4312928040355393] 1
[1.9763103298242242 -1.9800422922559513] 0
[-0.8060204309434029 0.8209996527281509] 0
[1.9201696008373763 -1.9286673232289457] 0
[2.2594177421601724 -2.2669018457862835] 0
[-1.7698352598221545 1.770596243570075] 1
[2.289700952109535 -2.301018644654782] 0
[-0.2181039910644897 0.22038155026102918] 1
[1.9323418381110984 -1.9365419754407758] 0
[2.283870961257467 -2.293548243679468] 0
[-0.9492652197747131 0.963709676397084] 0
[0.2563474191474211 -0.24829028667293873] 0
[-0.35806740460514985 0.37137405628544595] 0
[-1.9644882336415264 1.980076810497235] 1
[2.1715549796440152 -2.1767066113807454] 0
[1.9010633403574526 -1.9082018239877192] 0
[2.1149835890249045 -2.1185368349955285] 0
[-0.7019808697640004 0.7047721662565137] 1
[1.134483388915916 -1.1536571253605674] 0
[1.2969398042271865 -1.3071475600322655] 0
[2.0002163657436114 -2.0061114485975775] 0
[-1.4038805141189599 1.4434299101453663] 1
[0.20224595600710266 -0.19935774309194576] 1
[2.344517125715325 -2.353452836594702] 0
[0.5445953589096015 -0.5404460578307004] 0
[2.3538816427331724 -2.36301407414832] 0
[2.333826202518117 -2.3416899266549436] 0
[-0.33866469934875976 0.35783885752219147] 0
[0.5498648545856935 -0.5478709001757256] 1
[-1.2256738398273561 1.228031169605392] 1
[-0.8545822589095821 0.8550454231577715] 1
[-1.7955388962546996 1.8014676307594977] 1
[1.3910333522204552 -1.3889833921565449] 1
[2.203491127061033 -2.208747324254799] 0
[-0.48706662737041473 0.5267367173717618] 1
[1.4962645970283135 -1.506757872508272] 0
[-1.38556173576703 1.3848518454586727] 1
[1.2930537870394292 -1.303482660112579] 0
[1.211986689540682 -1.2219794261038106] 0
[-1.4669762365804229 1.498631760792897] 1
[2.225837092327719 -2.2398726454076066] 0
[-0.8992139574821814 0.9165517993437678] 0
[-1.6935745416695953 1.6958544086912584] 1
[0.6871728483588257 -0.6852970599597954] 1
[-1.9928231631515936 2.0087202458978215] 1
[-1.6448864429299848 1.6547886736656436] 1
[1.8477931695857903 -1.8536990204644614] 0
[0.8435654164581002 -0.864347181632512] 0
[2.084176810036568 -2.0923338657993855] 0
[2.1631565780149318 -2.1661730125461904] 0
[1.6090873756874597 -1.6158821808531023] 0
[-0.15159312832687782 0.18074750749033042] 1
[0.7209725390646695 -0.7195205537943175] 0
[-0.8469741235355206 0.899090964988672] 1
[2.004035665458522 -2.015314107970171] 0
[-0.4929890232521472 0.5029265476313571] 0
[-1.3401569639057596 1.338592088781685] 1
[1.4060018347741023 -1.4039983629112434] 1
[1.3493762709747972 -1.3581302127417474] 0
[1.5649554782906105 -1.575312215728137] 0
[-0.08466185870118442 0.0852766473582175] 1
[-1.692152759804934 1.7099076484784206] 1
[2.126220856512146 -2.1320717870294246] 0
[-0.6981015249462399 0.7455468811052162] 1
[2.04857276419139 -2.052514533255143] 0
[-0.8610948868008148 0.8989666471741332] 1
[-1.7624693990523905 1.7810685396813002] 1
[-0.5882887184312051 0.5918842888401952] 1
[1.0478372674830505 -1.0619534502054444] 0
[1.9684486874534513 -1.9742000712536965] 0
[1.2957584274015694 -1.3077012602140317] 0
[2.130898510725003 -2.1369561366293617] 0
[-0.7036065690486635 0.7472171183815222] 1
[-0.7726077735222576 0.7712235800177363] 1
[2.0729710036622686 -2.0781653991286873] 0
[0.9542277065919281 -0.9509971868119051] 1
[-1.992186430692873 2.0059233509683203] 1
[0.4704280703851631 -0.4689188916684316] 1
[1.18149769030925 -1.178224856745707] 1
[1.2877282453581467 -1.2990770332983663] 0
[1.1148393502649343 -1.1176013030959049] 0
[1.1309644704409894 -1.1292200618512895] 1
[-1.3421933140324473 1.370681062493334] 1
[1.11961844639031 -1.1263004375235117] 0
[2.0920610972561486 -2.096406182892701] 0
[1.6116079339713483 -1.6223003754813308] 0
[0.47699674192361796 -0.4739829835113205] 1
[-1.4839128082653263 1.5151402762174162] 1
[0.3300592970514722 -0.32149738289607577] 0
[-1.8722293976777316 1.8881817518713806] 1
[2.013779313278317 -2.021559641577559] 0
[2.000944138211323 -2.015779754375938] 0
[1.2905987496627311 -1.296573510108023] 0
[0.11381944531972152 -0.10480531379208571] 0
[2.171323840860653 -2.17631708864318] 0
[-0.7198550743061707 0.7663776407048466] 1
[-0.4924843234333908 0.5353167976054437] 1
[-1.647704878161215 1.6714898981837356] 1
[0.9536331758495459 -0.9672990675364235] 0
[1.8843541779914577 -1.8903142793728684] 0
[1.8165004292205131 -1.8245045777899414] 0
[-1.578073587503309 1.6087199784970176] 1
[-1.8717085459545708 1.8841393273189202] 1
[-0.4452099715824742 0.45699803928637406] 0
[2.1809951310195057 -2.1857053001332023] 0
[2.0760758554112417 -2.0803822012864104] 0
[-0.0033708711717573294 0.025050851256783795] 1
[-0.8086590655185044 0.807429367890419] 1
[-1.8869702390374168 1.8901196755460936] 1
[1.0570739596086334 -1.0733128435235484] 0
[2.1200902783738673 -2.12431252721525] 0
[0.44147246288525915 -0.4399323047911302] 1
[1.8726882249740089 -1.8802149691613463] 0
[1.4059109716666798 -1.4205457725603226] 0
[-2.1394255101237545 2.149703953663091] 1
[2.244787450976216 -2.2504980782333424] 0
[2.1334203087444648 -2.1361078447200237] 0
[-1.5173808387134127 1.541909767027306] 1
[-1.710071438139252 1.7090434557274636] 1
[-1.5116934402067481 1.5347596573604236] 1
[-1.1935294504943006 1.1992180893560436] 1
[2.315974440263252 -2.3246851856376853] 0
[1.5639448643089833 -1.5748577510600907] 0
[-2.0092828519928885 2.029339498594961] 1
[1.9797801765240381 -1.9821351658741997] 0
[-1.4722349490080227 1.4718183844263315] 1
[1.769549795023065 -1.7771070062340057] 0
[2.28723491355255 -2.2949580121932636] 0
[2.0293893867348016 -2.0345576229368225] 0
[2.0172076804188857 -2.0253078382916554] 0
[2.16485206105991 -2.169922688591945] 0
[2.105055239088937 -2.1212410868213136] 0
[-1.2673825704263857 1.3067563253198533] 1
[-1.841798001603567 1.8637401719619504] 1
[2.028990966158618 -2.0412081362479624] 0
[1.0591841992350264 -1.055323150690306] 1
[0.7401220347382935 -0.737737696817671] 0
[-1.5965457818671822 1.6006681700646082] 1
[2.2137916747140345 -2.2200286971287833] 0
[1.7360569815007274 -1.7447378235915565] 0
[2.1584084548946794 -2.166307892211206] 0
[-0.6637445789779858 0.6616048180150632] 1
[2.273917289948757 -2.279298091867431] 0
[-1.678115390481924 1.697557897694971] 1
[2.052963373140358 -2.062311920195155] 0
[1.0817284612881122 -1.0783757687641535] 1
[-1.511847771892732 1.5222578135739928] 1
[-1.8572553840237502 1.8611176906807279] 1
[-1.049446870409663 1.0800601946849553] 1
[1.9592225327162394 -1.9757306852812901] 0
[-1.287200926171749 1.335327392363789] 1
[-1.9445774309612798 1.9620919640087353] 1
[-1.3294841543741318 1.363197716415598] 1
[-0.30386815826136304 0.335353025800887] 1
[2.1634158151942384 -2.1689202325189174] 0
[0.7075463777297619 -0.7043816242202816] 0
[1.387949592146663 -1.3935521874878813] 0
[1.235059997140966 -1.232180940814674] 1
[-1.7359991001765886 1.7484221073512658] 1
[-1.3525000920791515 1.38999547035172] 1
[0.5929508977609192 -0.5902496479418495] 1
[-0.6490499970692203 0.6954111989382857] 1
[-1.8612772618035396 1.8724165522392784] 1
[1.6573707238357864 -1.6622850318935491] 0
[1.6071583028675827 -1.620994811399981] 0
[2.1966769131806756 -2.2010891439077915] 0
[2.1831542633417538 -2.1872542696899435] 0
[-0.7274448240483329 0.7714831685390389] 1
[1.9017145174706713 -1.9134914662156293] 0
[-1.0375048368109465 1.0361267229634517] 1
[2.255847925765533 -2.261879192499655] 0
[1.0462928513013576 -1.064418740962752] 0
[0.18576268215353658 -0.1846523161106317] 1
[-0.9393485687652929 0.9398787250332352] 1
[-1.7693288799391342 1.7993563277657805] 1
[1.1009141657655053 -1.113283429354241] 0
[-2.1262030287294884 2.133601875295378] 1
[-1.3919539470749427 1.4255327058591405] 1
[0.15031998282454503 -0.14171587604535069] 0
[-1.1532555807115812 1.192591478178108] 1
[0.8702179547481073 -0.8702810464246677] 0
[1.9010984115621974 -1.90765853794014] 0
[0.02465200988211963 -0.02259726803121872] 1
[1.26696911709525 -1.2744416981428006] 0
[2.239278007546041 -2.2471267358015807] 0
[1.9925586685508074 -1.9997667900246192] 0
[1.8019588773541941 -1.8156149604945369] 0
[-1.6837575336559096 1.7050326373212397] 1
[-0.9040216873926872 0.9443106763528902] 1
[1.4703003266637436 -1.4754007953836743] 0
[1.9603027561075144 -1.9705484315748811] 0
[2.270119833377298 -2.2770321048352344] 0
[-1.950214007968154 1.9611962791811] 1
[-0.20164380178295482 0.2155624947029215] 0
[1.9594651622370378 -1.9779102499068946] 0
[-1.3984954137820524 1.4319548836457199] 1
[-0.3957039488203201 0.41432835228701914] 0
[-0.4854168920872791 0.48394194598475193] 1
[-1.8433540162145614 1.861242139802761] 1
[-0.3402854675958843 0.3769475844893382] 1
[1.932044146470223 -1.9487589789419353] 0
[-1.2535085706865052 1.2567520530379694] 1
[1.1683026009319275 -1.1794893491657996] 0
[-0.2282704831778743 0.25876126482504586] 1
[2.151060634337551 -2.160864111526137] 0
[-1.6573304739598373 1.6599437583460683] 1
[-0.25155500990002305 0.2805897438463102] 1
[-1.4981282386189667 1.5247079744582543] 1
[1.899694055048234 -1.910339357921014] 0
[-1.9522341103873782 1.9574517193422563] 1
[-1.8219043389594394 1.841660700316657] 1
[-0.4039532646743117 0.4159539015418882] 0
[2.2668173636989817 -2.27693227993125] 0
[-1.0152262684648659 1.0560433647209526] 1
[2.0739564152720913 -2.086449110039701] 0
[-1.6227918344889631 1.624356769002421] 1
[-1.4594618577826939 1.5040232907239492] 1
[2.168685415780041 -2.1742043554264896] 0
[2.2617751345342656 -2.2678401418462126] 0
[-0.07841970123567907 0.080966317807664] 1
[1.8309424240958525 -1.8392857918942007] 0
[2.272564064297313 -2.2803759745471126] 0
[2.036248722221118 -2.051012801332978] 0
[2.0557485238838193 -2.065571879555326] 0
[0.4675736814811884 -0.46101138973553335] 0
[-1.705676994089231 1.7095448563192583] 1
[-1.0874718034121056 1.0871345343840093] 1
[1.5112645939562104 -1.509765916600625] 1
[1.137241403975112 -1.1537206931402748] 0
[2.224048153345166 -2.230030000444692] 0
[1.5826541691597975 -1.5932823425718898] 0
[1.0084672710631009 -1.004545206922356] 1
[-1.6459623821583382 1.6677296555862633] 1
[-1.2243161430416523 1.2710265667210927] 1
[-1.956600914098127 1.9595115570596247] 1
[2.312997399569947 -2.3202917588443714] 0
[2.0444067197481215 -2.05299971826432] 0
[2.049513828588169 -2.066668974351335] 0
[2.247633804181093 -2.254363103008837] 0
[0.7539478833893563 -0.7517483346644207] 1
[2.107454802307787 -2.112445601585094] 0
[-1.263267277977318 1.262477688216764] 1
[0.04827558933123796 -0.03716364586172678] 0
[-0.10870608710559138 0.109659292896984] 1
[-0.770621095141167 0.773900646790797] 1
[0.9698291813493956 -0.9741520562403458] 0
[0.8093023942395436 -0.8124523768237393] 0
[-0.4232869689189882 0.46043538936668954] 1
[-0.652887091283461 0.6523596207921987] 1
[-0.16260824553234882 0.1633353242104605] 1
[2.1120039987810113 -2.1189442885841103] 0
[-0.39134859457522725 0.42357638639810113] 1
[-0.5352788155436898 0.5502075104893513] 0
[-0.4520115395867866 0.4517196956072673] 1
[-2.0336318453068083 2.047599593706761] 1
[2.1891519940712367 -2.19809807221596] 0
[2.0418346743789018 -2.044360179949959] 0
[2.1554451521194524 -2.159723538690458] 0
[-0.5457387152658236 0.5867873392706697] 1
[2.1612096742551428 -2.165864950241777] 0
[-1.1662242697492973 1.2122375785755746] 1
[1.9263449667089452 -1.9327875325516262] 0
[2.2608143242386505 -2.2706387356016773] 0
[0.43644591161399227 -0.4528810372447937] 0
[-2.1026410203786368 2.108009737532802] 1
[1.8623849551753267 -1.8691923450959322] 0
[-1.2145230275247347 1.2140411998548686] 1
[0.7478941534623866 -0.7448198137966302] 0
[-1.0664400855423384 1.117450752148487] 1
[2.140141770169798 -2.1449168783277655] 0
[-0.5389536728245388 0.5767528361697862] 1
[2.244430582333643 -2.2520121705832916] 0
[2.11644765858284 -2.120828039790853] 0
[0.28096761963588013 -0.2771122461042752] 1
[-0.6416426266695741 0.6838768285981058] 1
[1.6738369631344767 -1.6835950983879555] 0
[1.4579697784648582 -1.4572684024254432] 1
[-0.4934817784495571 0.5038718702599991] 0
[-0.02939732962383803 0.04515592889178513] 0
[1.1747705914605384 -1.1795939100645265] 0
[1.6979281378261704 -1.7083797320025138] 0
[1.2139097450234568 -1.2106562008635136] 1
[0.38091977474663835 -0.37481557305634383] 0
[-1.4669690157432487 1.4685526914960203] 1
[0.025921838207671 -0.012897071759934901] 0
[1.9770685697715322 -1.9956438333202726] 0
[2.0328594621422065 -2.0393134112714195] 0
[0.7884416054898269 -0.7886164979154013] 0
[1.444861957372583 -1.4514617030868413] 0
[2.088244537845102 -2.0963459666767292] 0
[1.0623658406967715 -1.0681145762340454] 0
[-1.299203745817921 1.2998143763357932] 1
[-0.9915705648008837 0.9905474882407894] 1
[0.030823931328609586 -0.02978806168335754] 1
[1.9294725003645947 -1.9406201225131248] 0
[-0.8942216185539649 0.9420172039988992] 1
[0.6103495041282099 -0.6069215353489106] 1
[-1.665942974324741 1.6930779527239084] 1
[2.156197164297093 -2.17034579643592] 0
[-1.3355638966851635 1.3526475088285985] 1
[-0.8478002634592305 0.8486453525463236] 1
[-0.7279487380390431 0.7715964112259255] 1
[-0.008470821244717222 0.020217716211508065] 0
[-0.2570406845143066 0.25819522953659274] 1
[-0.22582595756095453 0.24197052575878458] 0
[-1.7679049053508948 1.775526093865801] 1
[1.5045782628829496 -1.5031526327217541] 1
[1.55145514451638 -1.5621767103444184] 0
[-0.688429946292509 0.7289489608755766] 1
[-1.9262378758414895 1.9286223439616712] 1
[-1.7780553854540484 1.7790253548723458] 1
[-0.7821670763685258 0.8210154784021686] 1
[1.673153026409552 -1.6879396489830005] 0
[-2.0297049628792445 2.0358450000832398] 1
[-1.9591155269497107 1.9647740220181333] 1
[-0.2000071350533209 0.21339146507061768] 0
[0.35207375021270343 -0.3452528665189488] 0
[-1.9227825433435628 1.9326429487823527] 1
[-0.3072947495746811 0.32287669861395274] 0
[-2.036923555457235 2.0489200080701533] 1
[-1.6322199949650895 1.6346775822614656] 1
[-1.5256073862214352 1.5568426750480646] 1
[-1.4596077548872395 1.4952032417313672] 1
[1.9612291430144748 -1.965612660372847] 0
[2.1391000281231243 -2.150456777595436] 0
[1.691744971211215 -1.7026519375970561] 0
[0.2879751888981398 -0.2840454302370489] 1
[-2.0747739345094303 2.0846596223138043] 1
[-1.6105745200433008 1.615540891511318] 1
[-2.1874681546865475 2.20445183563159] 1
[-1.851964256730568 1.8657904097768472] 1
[1.7889052541543637 -1.7972889788382418] 0
[0.8018324243030418 -0.80013125934054] 1
[2.212205923910821 -2.2153749679063717] 0
[-0.687247620959066 0.7016795553041515] 0
[1.621087587171734 -1.6294925467953716] 0
[-1.7563555299919753 1.7665701110149534] 1
[2.076659184045777 -2.0840695205542215] 0
[2.2860648731545865 -2.291935730723278] 0
[-0.2527525197173893 0.267125335296154] 0
[2.2758782715767873 -2.2845896050177004] 0
[-2.0964727707411868 2.1100132900013517] 1
[-1.187667375172992 1.2363735105004314] 1
[-0.5456875500872933 0.5849240256070141] 1
[0.7297381137279624 -0.7292986679691826] 0
[0.8318551700194534 -0.8318020657963865] 0
[1.0797843248335914 -1.0862747447840073] 0
[0.9269183722385428 -0.9420040045638816] 0
[-0.9272467228749952 0.927864166312237] 1
[1.2225085242041196 -1.2272287812591962] 0
[1.3930301694871576 -1.3916010008773025] 1
[2.2809320789633243 -2.286730603455173] 0
[-1.9791803603041496 1.983665098835293] 1
[-0.5467126683734354 0.5482238282973917] 1
[1.827281647867969 -1.8354492881117543] 0
[-1.0775930968299796 1.0780872543346733] 1
[0.0011563347341352584 -3.187262970376643e-05] 1
[1.6840377030710294 -1.694937879272486] 0
[-0.9600658228423485 0.9608392618441814] 1
[0.8558122226784173 -0.8655270786540787] 0
[-0.2958808772890789 0.3264569619968568] 1
[1.2916311011415327 -1.301341863466829] 0
[-0.20349958888786518 0.2042694941272744] 1
[1.4117357408569835 -1.4225238202164243] 0
[1.830540434818605 -1.8359991755228333] 0
[-1.5045228938036237 1.5325936910511764] 1
[2.119744168498532 -2.123224546246308] 0
[1.3910059545608502 -1.3884503726224338] 1
[2.098913503456938 -2.109775224914478] 0
[1.6701194587615338 -1.6750736665647978] 0
[-1.2832285761833817 1.3038556284414686] 1
[-1.3798928097066747 1.3848283653171314] 1
[0.6317027532410991 -0.6291556667362307] 1
[1.9877466633178646 -1.9911256889369193] 0
[2.005562131984597 -2.007475884863571] 0
[-1.3410103218889278 1.3394555895711557] 1
[2.0586165725862067 -2.062626913873239] 0
[-1.3148168778400144 1.3501866003291862] 1
[-0.9472535326084763 0.9888836696972734] 1
[-0.7742768189011848 0.7728011236290834] 1
[-1.9132224129188269 1.9233719497359587] 1
[2.2586946749330647 -2.2667718865991002] 0
[1.954771065563399 -1.9607048937325944] 0
[-1.1119953351476535 1.1586719615629915] 1
[1.3697065603050897 -1.3775376211614705] 0
[1.7543171178973265 -1.768375902079951] 0
[-1.7483256393075073 1.7504417366990261] 1
[0.025461241875581686 -0.025344656850408723] 1
[0.9519221232759422 -0.9489217534215574] 1
[-1.2551835688379684 1.2907500541233692] 1
[-1.5660102903065969 1.5678272407943659] 1
[1.8581813600651904 -1.870104115079339] 0
[2.156436064483138 -2.163819193265112] 0
[0.958250697350715 -0.9615168373964392] 0
[-1.7979970033605814 1.8166559652033007] 1
[2.40322122749129 -2.4133138087247277] 0
[2.1309146509417354 -2.137021821931325] 0
[0.8351269139941193 -0.8346079323048871] 0
[-1.9216084994568412 1.9260902519493173] 1
[0.8135465158919823 -0.829069050873039] 0
[-1.5004589497258305 1.4999425762211247] 1
[2.2581607151738194 -2.267054971450487] 0
[-0.7853280849206035 0.8324923252268964] 1
[1.3368328575094304 -1.3352563825662613] 1
[-0.31596539593531536 0.3304106508949689] 0
[2.296974799274845 -2.3048632166936125] 0
[-1.3501216829796243 1.3467907203203324] 1
[-0.20721141282912864 0.22100756373570063] 0
[0.6737468143331097 -0.6719954451886743] 0
[2.167667725554665 -2.172645005517354] 0
[1.156215488363962 -1.1602827791068628] 0
[0.10243129446226562 -0.10038339277614178] 1
[1.4797735320197667 -1.4890135012229702] 0
[2.1173097164323584 -2.1293188392957605] 0
[-1.951472267095999 1.9566440367946796] 1
[1.080637580865097 -1.078784264919952] 1
[-1.6747962272444255 1.7007898612265584] 1
[-1.0497474051584013 1.0948169114069084] 1
[1.8243907875441008 -1.8331291989106808] 0
[2.26647266013726 -2.2744562461467797] 0
[2.3116545142183162 -2.320068830826089] 0
[2.2051181745848707 -2.213122809448981] 0
[-1.564971351534782 1.5718093659449268] 1
[-1.0320053362110129 1.081750327208514] 1
[1.4072855480942723 -1.4169902859813313] 0
[-0.9364552468835295 0.9762268702376704] 1
[0.8399624364622199 -0.8499838644058111] 0
[1.686588794346148 -1.7024663276999163] 0
[0.42438834199775344 -0.4199546803429863] 0
[1.013934401634011 -1.0149700867289653] 0
[-1.9375480531919607 1.941243647288625] 1
[-1.781964475784201 1.8084890162362512] 1
[-0.09032670299142556 0.11617836007654953] 1
[-1.1671127207929177 1.1691048129045403] 1
[0.6489678812270967 -0.6469714810822496] 0
[2.1819052231501854 -2.186084971713214] 0
[0.1948328030003555 -0.19153960903181574] 1
[0.17882040063407667 -0.1766418705570022] 1
[-2.08687084967945 2.0928010173457228] 1
[-0.2694688708556949 0.3034618906332911] 1
[2.2010379999881744 -2.2127603785120007] 0
[-1.703785797335388 1.727142709983498] 1
[2.1525283307910774 -2.1587427636283643] 0
[-0.34536655597433963 0.3828560703634222] 1
[0.1597387443000257 -0.14963867676622378] 0
[0.3894166057221847 -0.38051112392918424] 0
[-1.8627947997801666 1.888403460705181] 1
[-0.25637131954826714 0.26841302946830414] 0
[-1.5776764076069802 1.5790442772727113] 1
[-0.3244161399177701 0.33802095141880906] 0
[1.1143386298422118 -1.1110647278548538] 1
[0.5907525559802833 -0.5890822182801915] 1
[0.9345412559637554 -0.9364119204400002] 0
[1.7407821697435697 -1.746044946411331] 0
[-0.267444754898972 0.26954847517207153] 1
[-1.5366684581547534 1.5817120549535229] 1
[0.1873668755475251 -0.1752145024789014] 0
[-1.831854426009879 1.8539812895970742] 1
[-0.39723555306587155 0.41577592015813625] 0
[0.3692298129492125 -0.3622115059331322] 0
[-1.5553421668501648 1.5662574901017012] 1
[-1.7515028230828498 1.7573380182427718] 1
[-0.4263008458789399 0.4678740464900084] 1
[-1.3966099029253445 1.4332939945287329] 1
[1.6127441240301947 -1.6279326658425066] 0
[1.164914065605903 -1.1733128850543653] 0
[-1.1938330914733264 1.2279063410335365] 1
[-1.4475826125149611 1.482566208002218] 1
[2.317046874215638 -2.3251679045462215] 0
[-0.9110246663389368 0.9530329655065297] 1
[1.1160224123150329 -1.1300110225627522] 0
[2.2030590096306293 -2.2135064454728184] 0
[-0.7043720200133056 0.7486966229659997] 1
[1.2326178257978648 -1.2302806571994167] 1
[1.327273540467051 -1.334303776615221] 0
[0.8354321104574511 -0.8486208951541863] 0
[-1.7401182284029217 1.7555595414019627] 1
[1.9801633737341373 -1.9829611674902736] 0
[2.2362295831803696 -2.244455341124498] 0
[1.3552117391743643 -1.3663904090697396] 0
[-1.841023961822997 1.8579169955980477] 1
[-0.3580659639193789 0.39675519525474134] 1
[-1.3761393296436628 1.4122546280751642] 1
[-1.0990252490505226 1.140485543149535] 1
[-1.362253496369704 1.3984353273033983] 1
[0.8386884715150822 -0.8374724912755658] 1
[2.090880473717529 -2.0950778786914857] 0
[-1.228590955496136 1.2690191361580598] 1
[2.341577314413847 -2.350706949323012] 0
[-1.0277416210511285 1.0646856744111322] 1
[-1.3569417499107614 1.3896404031700915] 1
[1.4955354922881723 -1.511536561086308] 0
[0.9864276952448278 -0.9826768035786081] 1
[0.600588263252867 -0.5991763336538671] 1
[1.5975498382431903 -1.6079688156756198] 0
[-0.42676346407520904 0.42954975798889744] 1
[-1.292614834335673 1.2920261748422053] 1
[2.1401329880750497 -2.148054424671094] 0
[1.6068525868600476 -1.616729044707744] 0
[2.0342694963828185 -2.0374660809754026] 0
[1.8142374966539907 -1.8221638641721973] 0
[-1.4927723153888357 1.4941313497021298] 1
[-0.0727407810694616 0.08764735913720431] 0
[-1.9231113511161129 1.9281213285928704] 1
[0.34676968581614587 -0.3399704004310327] 0
[0.2548870970221563 -0.24656200341524692] 0
[2.0215276595392124 -2.0279862356937173] 0
[2.243027949881834 -2.2490908588667886] 0
[0.5529403987651884 -0.5485003979382888] 0
[0.23807762713938518 -0.2294740287390981] 0
[-1.7714468870264282 1.7901388678095835] 1
[1.6652733723113042 -1.6779222989127802] 0
[-0.3701618766813842 0.3705976683777574] 1
[-0.21173887999756252 0.2106805072601735] 1
[-1.6565608202870603 1.657970220610454] 1
[-0.4294391545154931 0.4410999115842712] 0
[-1.73896940499524 1.744373073035777] 1
[1.4824247960467607 -1.4914747300356868] 0
[1.6179031982001948 -1.6267119943463115] 0
[2.1215329853474456 -2.1319703174264157] 0
[2.2642727151665403 -2.2684079835913957] 0
[0.5066293817205861 -0.5014309333298421] 0
[-1.6573997739806234 1.6733379070211412] 1
[1.8358060856381861 -1.8428250291241972] 0
[-1.4704709589879636 1.4824554663264435] 1
[-1.3307928422609092 1.328614455671962] 1
[2.0984352136553635 -2.106959800617223] 0
[1.69471573152547 -1.706374162735114] 0
[1.5573308679839393 -1.5568801221568427] 1
[0.3289486698421822 -0.32065754456983653] 0
[-2.078513405081692 2.0866408384554926] 1
[1.621658497950092 -1.6276685528207702] 0
[0.9921409488102402 -0.9892101465501464] 1
[1.081846252815387 -1.0920631372944285] 0
[2.227030450805306 -2.2321752319179007] 0
[1.5611873170659825 -1.564642688052094] 0
[1.425337037837123 -1.4328822714078275] 0
[2.1163261907500264 -2.1263623810702983] 0
[-0.9540669687300696 0.9560294891513454] 1
[-1.8201588681833372 1.8232912985039027] 1
[-1.521425644941773 1.5576392051505419] 1
[2.035964198118447 -2.046965369467159] 0
[1.422684929898908 -1.4304234691665942] 0
[2.0061501160484365 -2.009748639335275] 0
[-0.9549111345898178 1.0023659721042817] 1
[-0.7709668256293367 0.7721211445716016] 1
[-1.957791240968612 1.9622807975820362] 1
[1.5258416363481504 -1.5323357064836012] 0
[0.7871029156770958 -0.7897857932918927] 0
[2.151734499375285 -2.1576804695722176] 0
[2.2267603693617453 -2.2358861028727723] 0
[0.8622813117198538 -0.8747967866180266] 0
[-1.629789414507214 1.6578950942097896] 1
[0.03221406901552499 -0.02928728724228554] 1
[-0.9068711795194961 0.9504672240916345] 1
[-0.6914076981213986 0.6881357105731939] 1
[-1.103007440164111 1.1443955875318121] 1
[1.531253988097078 -1.5441747562739345] 0
[-1.2974004924420828 1.3365139457110047] 1
[-1.6802227174816082 1.6906581033954118] 1
[-1.6914744523401941 1.695843592950358] 1
[1.3534361004090907 -1.3720331566216675] 0
[2.347046478076433 -2.3544141669571728] 0
[0.9782653474867522 -0.9896794973381442] 0
[-1.895027436961579 1.9007195325840534] 1
[0.26097340404372915 -0.25712547201008923] 1
[1.3796225696532671 -1.378066081669179] 1
[2.339108289190567 -2.3473775475157996] 0
[1.0853984388631446 -1.082706440199281] 1
[2.202065628498346 -2.206398816378332] 0
[-0.5032432621120335 0.5393960317277446] 1
[-1.545404232060048 1.5479312117619184] 1
[-0.1637898679235824 0.19322530600590093] 1
[-1.9159558210039829 1.9220007595351158] 1
[-1.9539034869337784 1.9600505894208542] 1
[-0.3867609407643887 0.4240660961184969] 1
[0.2606887058260028 -0.2545797969794844] 0
[-1.98999015891739 1.9939620860827025] 1
[0.038027612564550325 -0.03461022727884533] 1
[-0.47031259434400063 0.48358392863371025] 0
[2.013834570566889 -2.0200969300024076] 0
[2.202919773833706 -2.2081263040966084] 0
[2.014079460850363 -2.0194274314448757] 0
[-2.0143627385839142 2.0196930632989103] 1
[-1.4551505231577393 1.49332282262086] 1
[1.6129206235191873 -1.628221347448227] 0
[2.1571087088596697 -2.165758913931083] 0
[2.223128460480063 -2.23318028694488] 0
[-0.9210276512524009 0.9440005889085529] 0
[-0.756949696287754 0.7960865114439168] 1
[-0.4432189121913219 0.48210385960872937] 1
[-1.9087072542417411 1.9254700363476835] 1
[-0.19488105814400725 0.2239485522856423] 1
[0.9763294117276724 -0.9765707266650974] 0
[2.288600803436869 -2.296496667239683] 0
[-1.7266057263665389 1.7280603575116453] 1
[2.127890423217102 -2.1374759286025187] 0
[0.8844979098664094 -0.8877296959439902] 0
[-1.7834631347630356 1.7893727548698688] 1
[-0.08522501565418453 0.11218259787467291] 1
[-1.2664843394599896 1.3016536958222913] 1
[-1.353982106277027 1.3861994600122087] 1

