[5.0894873610340925 -7.568052410403648] 0
[4.318203559573236 -11.807897295838314] 0
[5.314551819491716 2.2624567127311153] 0
[-1.0773071579263562 -4.288235388976503] 0
[1.2392238357920096 -6.632329709742535] 0
[0.1299948310587058 2.4237802714694325] 1
[-6.210794837871122 -0.7453132746407503] 1
[-7.0904158304955285 -0.7591857268240856] 1
[4.0870437866229725 -5.785039447648533] 0
[-6.203084586762023 6.925369385824061] 1
[9.765972692903436 1.1968420997791565] 0
[-4.245900307913603 -1.1589719272779955] 1
[-3.2069017292294477 0.5534867979212108] 1
[6.170850194719604 1.6137588016024593] 0
[-6.377074882638489 10.06707897942758] 1
[0.9634591676244466 -5.940892742645466] 0
[0.6354535835412299 -5.877173578277351] 0
[-4.359956525548238 8.580648992939519] 1
[-1.2973035989712007 6.085823542073207] 1
[2.349683890854706 -4.108065927110971] 0
[4.063800816022539 -5.388320411931696] 0
[-2.4859259214093594 2.9788590959070134] 1
[-2.734326000511395 2.0332242501171525] 1
[8.263545518681664 -0.36966048414759917] 0
[-6.591752859952341 -0.204681119463092] 1
[-2.8848826901513593 3.0546512663335745] 1
[-10.371583590095469 11.776206473561647] 1
[-5.619769726304024 -1.3600743410281821] 1
[-1.6037311517204569 5.058584842794042] 1
[2.8342346440009205 25.939294601237222] 1
[-2.8665004472274607 2.7657049511524736] 1
[-6.423789983170575 -1.0431897397341947] 1
[-8.691575262956373 10.625300346583824] 1
[4.9609039339215855 -8.241243370638102] 0
[-3.1851099686624043 1.0351538555439086] 1
[4.213821456403039 16.53892144360617] 1
[8.903841115837498 1.1687369836108346] 0
[-2.81349989837161 15.047820246364099] 1
[-1.8211083455654427 2.6281837754371744] 1
[-9.620871449700212 8.94200873463975] 1
[-1.5766259087841008 -3.633085358386809] 0
[-2.637845357227526 2.436715096143585] 1
[12.218303461313088 -17.26577980356082] 0
[-0.013783155005379329 -5.241826651549541] 0
[-6.993942679055099 0.29488646371404303] 1
[-4.81879466392818 -1.4345952423463646] 1
[3.747831265541336 -6.210702497409684] 0
[1.747583308473382 -2.955521374740492] 0
[-11.12923356274867 12.968046930166285] 1
[4.503838317832766 -9.773321536162324] 0
[16.935081073994194 -1.9178083801677475] 0
[4.71079948796544 -4.451329447907058] 0
[-4.826277185282264 -1.5884525757409627] 1
[-1.1359613768758157 26.3943639335655] 1
[7.994346069271085 0.06599871098703874] 0
[-2.3807002407330735 5.109023455876509] 1
[5.016186064123845 -8.58232123671419] 0
[-12.446561932733754 11.35674072775267] 1
[-1.1739346400395185 3.4121256009422423] 1
[-2.9779897425184174 0.767884476115688] 1
[-1.0134493062418912 3.508355971102109] 1
[-4.382994214804757 18.145804767636506] 1
[4.513955566266327 -11.62767467093886] 0
[-6.485387101691218 -0.7237984416433483] 1
[0.0038072609656777307 -5.220545472552642] 0
[-1.486731785326589 4.186099007081394] 1
[-1.3516428072433992 20.180972803472606] 1
[-1.622985614763164 5.242754541788626] 1
[-3.4057027198771728 1.3643814501010514] 1
[0.39043141245960933 3.7545657450035366] 1
[-10.980045205607244 9.24915666471782] 1
[2.405024301723526 -8.59268982269131] 0
[6.791392214489145 1.7560455563610575] 0
[3.707315082551589 -5.618861482548242] 0
[-3.2927614018309495 2.0898741589561833] 1
[-1.5092620212292098 4.684155356107171] 1
[-2.336840301225307 1.9945819453580618] 1
[-8.578646769433409 1.7311805278280232] 1
[10.082373426772556 1.3222060396345454] 0
[12.74650511627058 -6.341154387618992] 0
[5.57307119677423 10.240374971655367] 1
[-3.258155009996268 -0.036347261899027594] 1
[6.726222740272805 -0.13992247421082604] 0
[-9.343405158700843 4.42376885414155] 1
[-1.2953822371712609 3.4144740616743103] 1
[5.635897161098141 2.1772487646096117] 0
[0.33646806721814704 -5.616381443437788] 0
[6.2260198365618935 -2.6133630585476424] 0
[-5.460135336503518 25.8032554863306] 1
[10.928236779831037 -9.421989180630007] 0
[-0.06723304255647886 3.5462631295616793] 1
[2.5791913644566664 -8.316554155930696] 0
[4.683768461293376 -11.560782973124368] 0
[-8.568208777031508 9.47307084717831] 1
[7.237559246131703 1.8336224230708247] 0
[4.7329140219643815 -6.26331090407175] 0
[3.76510385991527 -5.46190797921528] 0
[-2.1287080752547336 4.7640326394695505] 1
[6.045583421271617 -3.812209818090032] 0
[-1.958825824039682 -2.627917027377424] 0
[8.365578808195966 -2.724563020902921] 0
[3.5383776929020216 1.2523261272450728] 0
[-0.5079321773249972 4.782773676672299] 1
[-10.12109428291372 4.738631895624603] 1
[5.109438560130656 1.5155293574769155] 0
[-3.657846615096602 0.6888609230796723] 1
[8.05745053052383 -1.8774408584757045] 0
[1.1219678872386076 -6.855557488342062] 0
[-1.9102081452231157 -2.679542976049978] 0
[-8.366209704187547 0.8505290962230585] 1
[-1.5236189129809081 4.898318695064459] 1
[-5.664934647783046 -0.22825445216818316] 1
[-1.516326018841081 -2.3709873139673774] 0
[-9.611208002900518 7.321919510234286] 1
[5.399321768477703 2.3156649909042235] 0
[-0.49799080213916846 4.247882320406404] 1
[2.024868824425754 -7.116770750813137] 0
[7.853905123054077 0.2440662644018985] 0
[-4.761586655510712 -1.1044211195163003] 1
[-0.42240642420753466 -4.739955598600547] 0
[-10.769778732970792 16.044279884600662] 1
[-6.0976505056399635 -0.6196643526406619] 1
[6.4693362917201895 -8.829026952406554] 0
[-5.164309172223705 -1.5113488649304179] 1
[-1.2058725557782364 3.580672630534029] 1
[6.00804618896391 -1.2648106647479873] 0
[-9.214819160492862 2.8623603956349593] 1
[-7.96488807409229 15.39799643609194] 1
[5.304156025026882 -2.430981733244872] 0
[6.493907831211516 -4.462581764033671] 0
[-2.2308326164513845 4.56274788784221] 1
[6.144326050952606 -6.676360570851081] 0
[3.6475645282210145 -10.31976201630896] 0
[-4.945294262401768 -1.5843118922210004] 1
[2.467458679132108 -7.630445103463879] 0
[2.6203358717987797 -8.64938405507094] 0
[-5.526211251148576 -1.1908092181158403] 1
[0.6718917051369406 8.657203273993897] 1
[-2.1674685624123224 4.720289879186596] 1
[-6.471869787963675 -1.0956639301216766] 1
[10.696787489971083 -5.842566488296779] 0
[8.402825027505855 -13.07290798295061] 0
[-0.7475542832296687 -4.311676161874365] 0
[-5.397122977690477 -1.376211497168571] 1
[3.8201692175750948 -8.14578895980272] 0
[8.936274663162134 -10.415950520669039] 0
[-1.9791966604140723 3.475083037893671] 1
[-0.08320449797938777 28.35799199753514] 1
[2.0000152925935812 3.2022078706621024] 1
[-0.994193024981622 3.4289467753927707] 1
[-2.3172348027762837 1.2399887798750366] 1
[-2.403660161744224 2.664493147837044] 1
[2.4590610257725896 -8.725335022160312] 0
[-1.4266819017804984 4.54536677704358] 1
[0.32667479095785823 4.23423091804653] 1
[6.297170457155971 -3.10281498982989] 0
[3.9595513140201533 -3.8368675399823546] 0
[-0.6773603834285855 4.950234113349946] 1
[6.395049923058738 -10.94470004809519] 0
[-1.3848960761021236 4.629417166831983] 1
[-6.071412808425756 14.081555844429023] 1
[-7.049705001737338 20.24721160510059] 1
[-1.586954657787329 -2.698014002481586] 0
[-3.2419048505306933 2.945048531455443] 1
[5.64270721985182 1.2112163090036556] 0
[-0.8196546529400222 -4.525972245078795] 0
[5.994721556276765 -7.592165916592727] 0
[-2.0564702992421102 5.870882740776457] 1
[-0.6130729606281053 -4.111926636053979] 0
[5.974757882054713 -10.333678577047987] 0
[-2.6506696711157627 2.017042408546473] 1
[4.626670755329373 -2.825503993039879] 0
[9.266522293053672 0.6970470840530385] 0
[3.7630162949995904 -7.997927858099684] 0
[-6.152993832380662 21.65173854561076] 1
[-1.5628155737566995 4.130554187237786] 1
[4.953621322919675 -6.894099921244065] 0
[3.2729524975116213 -8.290299690071436] 0
[2.7141387212458956 -8.376874405552678] 0
[5.232553045150496 -1.3340578922686013] 0
[2.655893339578029 -6.458917985391672] 0
[6.394750247636744 -0.7840736000060731] 0
[-1.5776968416399404 3.781602542787353] 1
[9.536976729510943 0.41104684530419633] 0
[-9.62791890540366 7.249584656010884] 1
[-6.3710051876797325 -1.1198527534524858] 1
[-10.478853080035169 13.385654591171257] 1
[-1.534740746787327 5.146104097480714] 1
[-2.282301450428414 3.5330637190888066] 1
[-8.939506101054718 9.745436167023836] 1
[-0.7461248556648425 4.385168948246595] 1
[-5.795988729029635 -1.0515582885381694] 1
[1.6541268389767048 -3.896095838414411] 0
[7.183880580055979 1.1161022007173296] 0
[-7.464865120890104 7.735459108215009] 1
[-9.004198023129486 3.237644524318299] 1
[4.5857919911270955 -5.086113090663233] 0
[-6.8943447481722195 -0.5903050604024624] 1
[-0.9335929704785393 -2.487013027855168] 0
[-1.7203908689560818 4.241439963463847] 1
[-0.9709706779422688 3.2426875886110653] 1
[1.4556462451777434 3.7622309288815923] 1
[1.2063261135046788 -6.989977565329326] 0
[-10.727427936431113 10.589521417178553] 1
[0.15507040737878275 16.055485121072937] 1
[4.745940830556165 -2.996948420760325] 0
[-4.906948909430197 -1.030702201608422] 1
[5.237582069135268 -7.047634076464275] 0
[0.000504269733182265 14.371553994230936] 1
[-0.48654605400435846 4.130572589566138] 1
[-4.422984492287339 29.6466608659262] 1
[-4.775341737015797 -0.05970458154221685] 1
[0.6735614828099704 -5.366581368317874] 0
[7.878437434116179 -13.885349694831627] 0
[10.294157108052511 -9.15982963329362] 0
[4.148435650315582 0.9385451976271502] 0
[-6.210234960034912 -1.170666026669224] 1
[3.930763579253247 -11.094368639753604] 0
[-1.4455125543236127 4.61868372158494] 1
[-0.21820932973351165 4.218439498654244] 1
[2.31464583601137 -7.204552454858459] 0
[-6.464144461421585 -0.3215600650591132] 1
[-1.7677771241341287 3.3535842126181534] 1
[-2.0784212036458225 3.3580188208320783] 1
[-9.6798795313427 15.152145017796823] 1
[3.903903721322059 -10.165454508338406] 0
[-3.7077923023209203 6.803298673633327] 1
[9.827806787166994 -6.8777999203346365] 0
[5.753875651784177 1.0873157373680953] 0
[3.9079439872469663 0.8807428207368861] 0
[-2.7219677347707556 3.9756220661189454] 1
[-5.465145607992435 -0.7400290575603694] 1
[3.3668846382054385 -0.8571169903588033] 0
[4.913497715785059 -3.0953894572280083] 0
[3.398587847639661 -10.381088053077164] 0
[-1.2758201927251989 4.680928788307147] 1
[8.984173092784761 -12.808859799718135] 0
[-8.810416593089009 -0.24446652048129278] 1
[3.6728941251899894 -6.280775694003385] 0
[4.4169167952159745 0.985569429704825] 0
[7.280468956860917 1.4169927234963584] 0
[-6.56131386631759 9.896986162005557] 1
[-0.25575426882957936 17.222084700681073] 1
[0.3115605644111721 4.316649228377138] 1
[0.0829559849052382 -5.384153142509653] 0
[4.225690095747459 -7.934260068054187] 0
[-0.24176668743700577 17.12625473521483] 1
[7.364073712653333 0.18568392551488844] 0
[9.197892218765745 0.3446885755921347] 0
[-4.157525258673909 1.4527084690421652] 1
[-6.749816186873284 -0.8502168482040982] 1
[-6.982318639096575 13.754641125119186] 1
[7.929715669430429 -2.0545907873531357] 0
[-4.454891698743583 19.526802114319867] 1
[5.776701808211615 -1.3326519864649535] 0
[-6.870826135729924 -0.6205875245419745] 1
[-1.4525388718077323 3.61458002174007] 1
[4.755683798544565 -8.590474273824316] 0
[5.78414928301617 2.2068927433054557] 0
[3.71131280175464 -5.588836110677955] 0
[8.189460319806841 -3.030256828290381] 0
[3.836354137108602 -3.3718379709324386] 0
[5.452058216885728 -4.389880235815907] 0
[1.090528354210392 3.728043268132394] 1
[3.1729289944761114 -9.986828234469108] 0
[-2.611138818258465 1.820120706545597] 1
[4.022649041710418 -9.973998270051755] 0
[6.203502530055275 -4.209335225924779] 0
[3.264694076129807 -3.15672539292643] 0
[3.9304780110116804 -3.725352420234133] 0
[-1.669144544029838 2.5554465507411406] 1
[-4.492857445789221 0.2712087867901891] 1
[-8.513885384937321 -0.4513402537837451] 1
[-4.906916322299822 2.6943819678840106] 1
[-3.8337992272784884 -1.2593966133092447] 1
[-0.21219026709257247 -4.971524218896658] 0
[-6.034319413635129 -1.2088604683992399] 1
[5.441656762578358 -0.4010327318733032] 0
[-5.1596410099487136 -1.0904293754696448] 1
[-0.1604628799742414 -5.193572589250371] 0
[0.5341677916725854 3.441287986607228] 1
[-3.658745777564727 1.637502170461907] 1
[-3.259516852324836 0.42542089402604866] 1
[5.9710702031518075 1.1168890026080653] 0
[4.504106348990764 -2.5417503673603834] 0
[6.131740333532412 1.3260789930334] 0
[-3.6015278677423757 1.7131619296643927] 1
[4.478029304354885 -12.305833842577774] 0
[-1.6495335305673746 4.376790604019052] 1
[7.899482153880603 1.6287398340789059] 0
[4.6496571674426095 -10.04964229228857] 0
[-0.6394442228343518 -4.246665014469703] 0
[2.378266216774904 -8.692321666548153] 0
[-6.690421742268619 20.920410528011132] 1
[-0.013725201386388403 3.9945012690300263] 1
[6.980987282406838 0.3130827605616836] 0
[-8.515848750237195 0.1657541720892311] 1
[-2.1059351689223096 3.068050418361505] 1
[3.870395080754087 -9.769341932653084] 0
[10.113150949489153 -4.461504357604046] 0
[-2.880734204617571 2.709508243196296] 1
[7.80577619866201 -4.6529793716676915] 0
[-0.3568506753810791 4.01646144181232] 1
[3.6234313064513057 -6.373143020134995] 0
[-0.9142183419157708 4.238051883615038] 1
[-1.6810321399622428 1.428886424574837] 1
[-12.161441988649493 5.810950657942739] 1
[7.525179044042641 -0.9841394535267329] 0
[-5.008465776287753 21.971142420107537] 1
[5.173726717474596 -8.23502097157107] 0
[4.564008310026681 -5.879175710642471] 0
[-8.241711202043792 11.478799202731384] 1
[-0.295257493848461 14.576836327729136] 1
[5.057362746083283 -12.7511029422452] 0
[-3.7024244506875483 19.493863852676885] 1
[4.774510845962389 -5.537255138548385] 0
[3.9931324973332387 -5.1723464790837745] 0
[12.171960085087854 -10.116512635936317] 0
[-8.297831172323182 0.21647209903168374] 1
[-2.1222129211511827 3.171077242682412] 1
[0.2707533160143615 2.628480335421714] 1
[5.245852912721666 -0.5047266050931831] 0
[5.283005659073571 0.104684142119718] 0
[2.395998426766618 -2.982228223096283] 0
[3.7596679430368676 -9.842364954988739] 0
[-3.2527285468052147 2.6716067135140387] 1
[-1.1894126220890393 4.531656962063375] 1
[3.333361441548051 -7.246456345144958] 0
[4.66443466048871 -12.470784768898461] 0
[-1.3386168606331847 -3.8871614382967996] 0
[6.57113840576157 -9.96714416769928] 0
[-2.062611344254343 4.198066020478425] 1
[-9.464941740029973 20.385842428596753] 1
[-1.3946169067960015 -2.641701808302049] 0
[0.17286768109730288 3.7797925441696227] 1
[3.010906988811061 -8.620645256793146] 0
[-3.3231117796707186 0.6182494724850758] 1
[-5.73205888384475 18.82720028350988] 1
[-8.514447888599499 21.940047264841105] 1
[-7.710954173458159 8.568615681397244] 1
[5.2423769781496965 -9.023222710537304] 0
[-2.8171814216585758 1.1638612677870241] 1
[-5.7649310559967315 -1.189167039439773] 1
[-4.955481860984288 -1.3449552780285625] 1
[-7.688014136215581 7.8047122526578185] 1
[-3.6655996447804213 1.2977467368653333] 1
[2.934057775721131 -2.3975858638098932] 0
[2.875117355079806 -5.0575858317646745] 0
[-1.031316788182643 4.0697681033204525] 1
[-3.225625109125935 0.22952767853931333] 1
[5.143109798524368 -3.674767285032255] 0
[5.699935115177411 -4.0592598870422805] 0
[5.859966816498325 -3.434868968531595] 0
[-12.14343322509971 13.99648995994389] 1
[6.106093185528884 1.233052140713945] 0
[-2.1475495542017713 1.4460484536420264] 1
[-7.557295884282924 12.413714337826757] 1
[7.977641642819247 1.54263064827829] 0
[9.706696626018227 -0.8800333488207379] 0
[7.223172514832651 -2.4836197597433953] 0
[0.8823744537370625 2.2288554295767895] 1
[8.390339440835117 -3.1017489848114845] 0
[4.190839809274483 -2.932477153271875] 0
[6.498145670369697 -10.677053263311901] 0
[-4.89448233076683 -0.8745143577998791] 1
[8.610329957219246 -10.348011186695942] 0
[-2.993631107897139 0.6853412292651484] 1
[4.068588988699784 15.68041089599905] 1
[-2.3070767531077667 4.254373658156373] 1
[0.6988699843721654 -5.581700383040831] 0
[-2.883720990754311 1.2462516992928085] 1
[7.329105482789862 -4.647957638582998] 0
[9.03870380168172 -0.7266907082369816] 0
[6.1553227086298286 1.0500067639878226] 0
[-1.1385904068925607 18.507291101876877] 1
[5.992383881917675 -2.7465675015821294] 0
[3.8370403953864134 -3.0776275742844295] 0
[9.7430962904977 -7.935790214834094] 0
[1.7872581847791358 3.420335488008017] 1
[-5.100960928428189 -1.5541998086046802] 1
[3.6835042819807304 0.020938065345520434] 0
[-0.3139501872742514 3.5126365641202177] 1
[0.6343684495725429 -6.045601086552642] 0
[12.893502996921047 -10.210063326234067] 0
[-1.9802106785051312 4.472187891819106] 1
[3.032156583190088 -9.761284067194806] 0
[-1.363391356116796 5.0801667002334545] 1
[-3.6344258820963393 0.9713257310095273] 1
[7.392766393364338 -12.286004714566861] 0
[5.50907168391803 -4.771887965509908] 0
[-4.271531261376578 0.6818507625178736] 1
[-5.1559654965124855 7.21332385732936] 1
[-8.859002242787223 1.5104211512771535] 1
[-9.239168972679725 9.114857879567609] 1
[3.027756616221279 -8.837764258626063] 0
[-4.447585735591701 -0.44593031752139456] 1
[4.613817772947361 -6.966674241029313] 0
[-1.3278776619301678 16.633679773061473] 1
[-8.2411022275745 4.385318220539514] 1
[6.720733227206573 -1.2823822267016636] 0
[-1.7708021824918512 -3.1497598938824414] 0
[3.743505796866324 -3.0701907345932646] 0
[10.328427141370058 -1.1030037167193378] 0
[-2.489039965636782 4.373674265770618] 1
[8.028734438974993 -0.7120230563158445] 0
[-1.2826858455121473 3.291670062847907] 1
[3.1587958165567294 0.4419713683088494] 0
[7.790969456056281 0.5488164770927356] 0
[-2.1794333205698218 -2.818399060885379] 0
[1.4165126184985546 -7.084879274635572] 0
[-0.4751740883386747 -4.617396983531337] 0
[-7.385909013773419 -0.8796296794185876] 1
[7.734565774021641 0.5028545191843874] 0
[3.3842454100417627 -2.000202181831618] 0
[5.26129180416659 2.3842485816874306] 0
[-1.6496175659469166 3.1948758801456796] 1
[6.417432874566738 -12.36982815728334] 0
[4.634996459393626 -12.122970404398112] 0
[9.948325880745685 -7.816949554533887] 0
[-9.807206185454937 7.87778071998779] 1
[-0.9233611586267504 2.9792350583522325] 1
[9.599213996285837 0.804623188107648] 0
[2.6183145653576223 -9.031844999322036] 0
[10.854352219361303 1.1075612141091242] 0
[10.387540370781394 1.0244538212714653] 0
[-0.03353448805446388 -5.350307797121679] 0
[-0.6016465354480218 4.163367912738792] 1
[-2.1938838833053094 1.8896908292519172] 1
[-1.6785782519912482 4.999301130966092] 1
[-3.5823751743801826 0.49723063956511926] 1
[0.8092484716633641 3.393749533143237] 1
[10.750547884732772 -3.743813876356334] 0
[-2.1184869931141614 19.910608926773044] 1
[6.8057676057439505 -8.659971886062777] 0
[-1.997210762600554 5.26937994404997] 1
[5.565659606363813 -7.440726735579382] 0
[4.523727119400658 -4.934622664673885] 0
[-8.252020860992769 3.3712533316484046] 1
[7.604353629242206 -5.442355074412816] 0
[-2.1193567611831705 -3.162300841311446] 0
[-2.8182431033129967 2.203574787131425] 1
[-0.3363541488291887 4.690723911616065] 1
[-7.194141509306604 -0.9457972501630378] 1
[-3.923293724738862 -1.049403347254776] 1
[7.539467244801636 -5.235199904230196] 0
[5.159066351449158 -11.386844193737504] 0
[4.68539223680019 -1.103177368482155] 0
[7.918621182604902 0.024428088041146233] 0
[6.244119474601021 -5.518764959207148] 0
[4.033088581823455 22.928916789082365] 1
[1.64332138948301 -6.323911387035478] 0
[-10.039379274021494 35.003870505255506] 1
[4.963758094926243 -5.603842531557027] 0
[-1.0777372249978243 -2.7561699786382983] 0
[-2.0951596464522435 4.167538580807051] 1
[0.8306346186504888 3.1094939415815634] 1
[4.893336462401953 -4.695493019705752] 0
[6.944984879676302 -8.08651904424568] 0
[-1.1574934359614715 4.828312193143086] 1
[-5.626924409511837 -1.357954153595474] 1
[10.437802994587459 -5.51507497997331] 0
[-5.999646459544486 25.26170048164726] 1
[7.020769585965863 -0.6191264922195843] 0
[-4.600000224961864 5.723569069749669] 1
[-5.957523608406391 -1.2497322010058796] 1
[-1.5598007259965874 2.7911058499762134] 1
[4.723164926784014 -7.290016211227358] 0
[9.657636204893546 -7.890506555383179] 0
[6.281277967003749 -9.758662341089101] 0
[5.005075550911805 0.4058191757283769] 0
[-4.7535527604315 15.941482968224634] 1
[-1.6506913250212762 4.654427724084503] 1
[10.47941259466102 -7.147213719675166] 0
[-0.0742244653731385 3.0715610515572296] 1
[-6.28421583430239 -0.979223352587058] 1
[-0.6351904290088113 4.700726781806672] 1
[0.3354167788010829 3.6642871805508372] 1
[6.072201440301923 -9.161963389802608] 0
[2.1727091922500477 -6.281614440443661] 0
[0.27995017520541293 3.9890928785440183] 1
[-5.792942082453941 0.12626564702246873] 1
[3.782191050171588 -10.575896634254857] 0
[4.6838865087018124 2.2793763414366524] 0
[7.257680494825854 -8.261593368143085] 0
[-0.678920095379318 3.308686768627597] 1
[-7.935387595151925 2.559766160543019] 1
[1.546372861595978 -7.210826587911229] 0
[-5.9903179794012456 -1.1714560696479803] 1
[4.104097754717968 -1.581778722804816] 0
[5.412966691910583 -7.30845900931092] 0
[3.20116040896559 -8.455282739408318] 0
[0.7022745578799829 -5.82031569913085] 0
[6.967006963725547 1.506854266563753] 0
[-6.029608507845536 23.138132354202135] 1
[-2.8406415794538136 27.821829735068192] 1
[-6.806101749431053 -0.4194061789206047] 1
[4.398140140490986 -7.083868453816005] 0
[8.715387949821732 -7.427755560301356] 0
[8.874212658091126 -9.157220319428866] 0
[-8.960037730685022 3.2116582010730346] 1
[-5.546184453219672 -1.134644984685759] 1
[-0.8496223642426763 -3.72265029968649] 0
[6.984025398634089 1.6281401161096238] 0
[7.999559343757678 -1.9215682999885297] 0
[7.18476719833439 19.790830278562318] 1
[-1.6596684312169299 4.859018487584759] 1
[-2.9510492153546877 3.1031498234318464] 1
[5.574520225451478 -10.331453338260316] 0
[5.02827730377941 2.2042379269669192] 0
[-0.5891800147261963 4.986310648775233] 1
[3.4244423504417516 -2.922699975872181] 0
[8.185172789331457 -14.423103583600934] 0
[-6.006388976874906 -0.3630728161343261] 1
[9.579226294400808 -0.47784140902622785] 0
[7.555564235446073 0.003639818284672252] 0
[-6.830489135590231 0.3994696440607599] 1
[-2.210156291182204 5.5321984672369995] 1
[-5.861116844893657 -0.823009804683164] 1
[-2.2551963495045557 0.689148979045449] 1
[9.42879090489006 1.4100135297407488] 0
[7.068792163173985 -8.469610789518544] 0
[-9.586825189655723 0.17919349234998797] 1
[4.886860248811523 1.933238721442171] 0
[-2.085822102657482 5.09741618660939] 1
[8.103959863299803 -8.022993484529692] 0
[8.26008717288875 1.6239345527857945] 0
[3.8927113626958953 0.7956725536521598] 0
[4.02401136563101 -1.0240760704904015] 0
[6.184602421102722 2.129273625056043] 0
[7.184440750082507 -10.130424808263601] 0
[-8.341265704818522 7.1453188852892815] 1
[-7.679168987835499 -0.444535618425288] 1
[5.514390917433435 -6.8556527900402955] 0
[0.09702847688543959 3.6748294645403385] 1
[2.5384026593947397 -8.554104980800123] 0
[-2.7622121055740982 1.6647048373266857] 1
[11.182727166737534 -4.23775612840369] 0
[3.1474238800861625 -4.414779441759279] 0
[7.487216782778633 0.631600342956101] 0
[-1.5622575495421946 4.912887087808062] 1
[9.632392814701202 0.2635131548256544] 0
[-6.16793107124486 -1.0606703690218549] 1
[4.400557355578124 -1.3225587859098995] 0
[0.17969567798336133 3.997810762657872] 1
[-3.495332382365808 -1.2055432946678397] 1
[-3.1179332624770764 2.2814020380849094] 1
[-4.516371608742434 0.6666120232341659] 1
[7.26181605483595 -14.11478082598167] 0
[-12.9838526851534 20.191088387638686] 1
[-8.551205813309316 -0.2188619774667718] 1
[-6.9165182870828446 2.5143367615942687] 1
[1.049361871102984 11.961833189494163] 1
[5.695395798686221 2.1142319477709233] 0
[1.5806047704769521 -6.20125118144553] 0
[3.2237645118581986 -7.993359925769026] 0
[0.5048571545814695 3.922400503488214] 1
[-4.723131298358894 -1.2675477294190856] 1
[-8.649067571719833 6.103351055232596] 1
[-0.5624039208541965 3.7815807755846578] 1
[-5.4868177426938045 27.19081273989239] 1
[-4.942580352913305 -0.9220160990349734] 1
[6.401895085674928 -5.299568417407946] 0
[5.522111721955841 -13.020668916414078] 0
[11.184466992558612 -4.837478899367858] 0
[7.655782060179941 0.8423044540897848] 0
[-5.322281960573077 17.711933051014412] 1
[4.579410536433887 -6.725794329925868] 0
[-1.7748423775219782 5.195262130379598] 1
[9.065002194426263 0.5405247921433016] 0
[5.861303434051475 -11.52431741932585] 0
[-0.9607531703740145 4.340277874107608] 1
[-1.8259294619602482 3.4803781896192785] 1
[-11.126359732556272 4.201557919178249] 1
[4.546311124404703 -6.106283017251457] 0
[-4.902251962024 0.5646243368325412] 1
[-7.8361550636296995 3.590796460547107] 1
[0.6844020103887669 -5.646723540264292] 0
[-7.975049523761109 9.057680101991448] 1
[2.579345611057575 -8.33355180712093] 0
[3.1670409671949864 -0.8657526326517426] 0
[-1.1007887000105634 3.6259070952933943] 1
[3.4267499980523706 -9.17512041789599] 0
[7.202738293929956 1.8656678353691536] 0
[3.6230012440993304 0.36002328453486376] 0
[4.999744961978683 -9.718662638363421] 0
[-6.942784228650105 -0.43813946458839415] 1
[-5.3916032271023955 7.736279583601447] 1
[2.323397170941496 -4.453987331437539] 0
[4.382263871314571 -4.605511865124493] 0
[11.3955003793082 -2.534633274250031] 0
[-5.981166450429905 -1.0302668995223705] 1
[0.13178881850445545 -5.508405348822718] 0
[7.926139523984183 -16.014811726095637] 0
[-7.7691030731613 3.3721326666543194] 1
[-0.4197015268212041 -4.978224962237036] 0
[-1.4558020468709785 4.732126419708292] 1
[-7.268611524689647 -0.7222993375697143] 1
[0.3078593628274427 20.177611016335018] 1
[5.786564194903744 -10.10738617658806] 0
[-2.1617027829819877 2.634035269728412] 1
[4.491976659724363 -5.237604605139946] 0
[2.1314258461711413 8.440613935693406] 1
[5.488699691927148 -1.1666306290736927] 0
[-2.5495323581913207 3.275434640675569] 1
[1.7659798744965567 7.557538971525122] 1
[-6.604323184222563 0.19707027077545003] 1
[4.081789761611677 -4.9408304909810905] 0
[-3.626431054301605 1.5243638901932188] 1
[-7.158882207314086 -0.7407445289221899] 1
[-0.7219227520461073 -3.9595670649234807] 0
[7.460995920445279 -0.6567148408932215] 0
[-7.170710416408867 10.747734839422868] 1
[5.554434979958204 -5.4975815237113075] 0
[-2.533007533280556 3.1148872587438925] 1
[-12.4541800495521 12.948043774663878] 1
[8.832863673250301 -1.3215169159262103] 0
[9.361989623509267 0.29022060831370056] 0
[-1.1813654240367197 4.27756001741202] 1
[8.805465597766087 -8.701993001453399] 0
[8.026926110977358 1.7133570510827] 0
[5.661667588094222 -7.160150417306242] 0
[4.621711815060635 -2.297421077048739] 0
[1.0561232067150215 -5.540977366678732] 0
[-3.07885747524874 1.2525967750699851] 1
[-2.0153168620452937 2.1908935013299358] 1
[1.21630924505344 3.538069165632569] 1
[5.83342624485756 -10.230646027513014] 0
[10.149678477247216 -2.0469871899994305] 0
[7.758489590290462 -10.195838571420804] 0
[0.007380370149272359 3.5668022548101668] 1
[-6.193354703746618 -0.9660735719497477] 1
[-10.08138773433244 13.433212890791637] 1
[-3.1707008603751223 2.8485959056668007] 1
[8.886381330801807 1.4584850476442601] 0
[4.325352761656667 -1.3248636911267742] 0
[7.0358128362550465 -11.366430067601602] 0
[7.050697775936188 1.4882823783144672] 0
[-0.29336607526227376 4.478129899651368] 1
[8.269838514708216 -1.7404085358892765] 0
[-1.8989413169387537 5.382096883291991] 1
[0.4887575582494329 -5.486936064952662] 0
[-1.1902154337057578 4.6427565901887125] 1
[-1.70856674838725 2.812863863179719] 1
[3.1713532575592787 -9.502259213510627] 0
[4.722050845425402 -12.657762851044211] 0
[-0.9764396206301817 17.449608972617284] 1
[-1.5744683811535105 4.604441922514915] 1
[-1.2475081894162745 4.160447542917462] 1
[4.757544766508764 0.8418590696938849] 0
[-0.04761524161578147 6.068588133780302] 1
[-1.0208151726565395 -3.9082796238228337] 0
[-1.3869031489274963 5.264853879576895] 1
[-6.557613694092705 -0.9308282639050016] 1
[5.867538919402783 1.084268520059419] 0
[4.614713408997412 2.587041615565221] 0
[7.972130102189897 -0.19249401385725376] 0
[-3.1065167597553467 20.76880379483434] 1
[8.487970035093216 -0.915151693874102] 0
[-11.134655817640201 19.212340484302544] 1
[9.106069603473223 -7.518285453769064] 0
[7.311059968946195 -0.5703375852195103] 0
[3.1552253131539665 -7.018300169661613] 0
[-3.690728166603846 2.52814165898069] 1
[8.390334890950342 -7.058415180665061] 0
[-2.038842814165505 3.6651780044625264] 1
[1.3934787768971733 -5.48755473629457] 0
[-11.400243303358987 25.096773760699712] 1
[8.75956877342443 -1.8824711255171056] 0
[-2.376417242641243 13.900211969390721] 1
[6.942445864492662 1.3401947971493677] 0
[8.717087052020387 -2.3813729371488916] 0
[-0.8548276924075757 3.0498560637814216] 1
[-4.084851560222615 17.046900394830416] 1
[4.065998356174356 -8.333294050552706] 0
[1.0840420771154067 1.2245817789152338] 1
[-1.0723852286146718 -2.798723346007202] 0
[1.7595723216800607 -7.100221658654183] 0
[3.3251677547674463 -9.274279718337883] 0
[4.011370553792554 -7.894824157522853] 0
[0.3958626272580732 2.6302409157228865] 1
[2.3912706722935106 -8.725581658979703] 0
[-2.3044352711862226 3.403825020174425] 1
[1.6143409669609798 -7.38597498691739] 0
[6.786661154980113 -12.320291423229516] 0
[10.27942988248206 -7.771842493636006] 0
[3.0379625964909875 -9.56976348387634] 0
[3.1886189737978974 -7.5233357694890515] 0
[4.709138306914391 -1.0351037162068852] 0
[4.137122489295516 -11.501179061757137] 0
[-2.13623120309313 3.4080800470444013] 1
[-1.8125246230143297 4.429652541828087] 1
[-1.0903153015430918 4.418876271829054] 1
[4.586193423893247 -6.162071398079005] 0
[-8.340421793941408 22.220681432237363] 1
[-0.5038082021720471 2.808998163988176] 1
[-9.374900502065223 2.831102811661174] 1
[6.68099232080507 -6.143035470090794] 0
[-3.512385930499308 -2.101707349487082] 1
[-1.762966632988868 3.2402413634165086] 1
[-4.914342734709875 15.084414430643772] 1
[0.9937068817718651 -6.699547814790121] 0
[-1.3192196900051987 4.042720702449552] 1
[0.1606442022463409 -5.626770384097315] 0
[-3.665303328755697 0.13158058875513248] 1
[1.1062700736766984 2.551511794606198] 1
[7.087158515992201 -8.707890858835935] 0
[-4.191652595392171 13.412261354642485] 1
[-3.128541329835863 2.7523580574651048] 1
[-2.669855995605378 3.524098963089627] 1
[-4.451320158769837 8.61493350667404] 1
[5.3928679668810915 -12.205630289499389] 0
[-4.624780411889311 0.26839717345050546] 1
[-4.150868588226711 0.49939513913127653] 1
[0.022088891229397396 -5.246686679616738] 0
[1.5060909148293233 -7.072490028931741] 0
[-5.028526037174791 -0.7159401109765255] 1
[-0.2158567736066787 -5.099135617248278] 0
[-6.625045492980165 -0.9356114848310406] 1
[-2.9197392390664785 1.2682060106647417] 1
[-8.505066599455594 3.0665785198574644] 1
[-9.03380330539144 5.084966872796679] 1
[8.34222967243788 -5.023236638938085] 0
[5.985077685838133 -4.323176604609193] 0
[4.151322336758649 -8.399077571264797] 0
[-0.8703649581711892 3.5463445198345243] 1
[-5.761613090236592 -0.5112840272274981] 1
[-2.914892709997093 1.1201896215922362] 1
[-11.633368928853972 0.38400660906776685] 1
[-5.782703363997791 -1.2033964327474989] 1
[7.794752847015738 -6.8965749400728065] 0
[-0.2857171191942336 3.043244480133954] 1
[10.834378386830043 -3.666978554412645] 0
[-1.4453596241287805 -3.2010293930780547] 0
[7.192333063179529 -7.976704296217177] 0
[-4.34734152406518 -0.9300153409327279] 1
[4.540488403664888 -0.801620902762777] 0
[8.307185528901243 1.6465839190221907] 0
[-0.044347468537398474 -5.288072929323706] 0
[7.609175765693065 1.0094733703424406] 0
[-6.92258985075968 -0.847695871253054] 1
[-11.286630329918065 18.736398808316537] 1
[-2.691180529807279 16.297724266360106] 1
[2.809162379817761 -9.179516609703175] 0
[2.400839204901906 -7.994242929176378] 0
[4.749691496604559 -12.769951275269783] 0
[4.622198535242257 -8.210601970885593] 0
[-1.7879986347722556 4.097353846515572] 1
[3.0782911106735713 -8.420662416641308] 0
[0.7910927968259468 3.0120754083564343] 1
[10.928637554575804 -1.3812252174920472] 0
[-3.4479376838721727 2.1807081623548505] 1
[-1.5327769177187323 3.1899002036767428] 1
[8.814208375622439 -8.823651238334472] 0
[-1.9573539240956688 3.1430247204034343] 1
[-1.1034695949922615 4.645130477659782] 1
[3.916144314461496 -7.7349544695183585] 0
[-1.8372189599630708 3.5938330355167527] 1
[3.0382677887948573 -2.955462946214703] 0
[1.112449755600458 4.811803521089368] 1
[4.5408690082736705 -11.910926632798574] 0
[-1.2811986793608887 3.9077753144489753] 1
[6.112749029317135 -7.705516895560422] 0
[7.035291079373252 -4.3333809009125925] 0
[-7.1389354548707225 0.9685542676613302] 1
[8.280325417724736 -1.5094858616963096] 0
[0.9727294900601953 3.9138507422916304] 1
[5.3213038924932725 -3.471905238041902] 0
[2.781338300499792 -3.9626907839641663] 0
[-3.6509834650883164 -2.2497026129855144] 1
[-2.6247018685084704 0.32246222426865356] 1
[-0.4473759839809892 4.597418296364448] 1
[6.296118087599548 -0.28493604771254133] 0
[6.033526634779864 0.43026972168708083] 0
[-2.0179231427082827 4.854136300262639] 1
[8.905025737168238 -4.150688240246632] 0
[-7.061625981109655 3.0258376139745717] 1
[-6.119150914531062 9.133856632503793] 1
[-1.6031771858284896 5.248865251840458] 1
[-5.16135295982812 -0.8493652185623165] 1
[7.274511841187203 1.4086675838536065] 0
[8.853391529123995 -6.304312789208128] 0
[-9.733069228127658 16.542344880802723] 1
[3.7607512230989784 -9.613565779717664] 0
[4.8211161793384605 -9.761284946323435] 0
[-2.7529918749960736 2.9206976536534675] 1
[-0.9737689085309815 5.341282221914953] 1
[-0.08223814457546011 3.7063576543959282] 1
[-7.22994973826389 4.4932552717222425] 1
[-2.7106000608582193 1.6444168471503025] 1
[4.861044692352873 -8.49106783941468] 0
[5.4427085926495895 -0.35647431782522476] 0
[3.069095290655202 -9.294068679678965] 0
[-6.739242724981218 -0.933858233003919] 1
[13.073577838219421 0.7392693146705354] 0
[9.854990761591484 -4.228878912287199] 0
[2.56028724408222 -8.377496266398452] 0
[-3.343814743614717 2.0521118676737404] 1
[4.16184268907014 -7.6040781466561835] 0
[-2.112856419093755 5.05977450935204] 1
[7.320377896723258 1.4684897343361545] 0
[-6.671521142188464 21.23995406931083] 1
[0.8825871697522223 4.0383309614753475] 1
[-0.3271655163502145 -4.829985306559261] 0
[11.789013052016465 -2.110992968602895] 0
[-1.8426648957926117 6.120430581029272] 1
[-0.2695333803319657 -4.364461111438041] 0
[4.56612462240052 -12.17659677747875] 0
[6.98343696708705 1.4546613650018472] 0
[2.7136818954333304 -7.687825199746262] 0
[-1.0110397200252494 3.0266110514729796] 1
[6.176631807884483 -7.004802687150953] 0
[5.3310739218104235 -2.5800444992530913] 0
[-3.696692158636772 1.3463911199871421] 1
[0.2614885545259745 4.271705054742663] 1
[-7.657629470280542 0.36964444906899674] 1
[-8.557018889834293 14.772618788940223] 1
[3.67906809514313 -4.955504720598751] 0
[7.702855125447726 1.7090449756907997] 0
[12.33597330766662 -2.363981694938507] 0
[6.11359555497652 0.3504571786742034] 0
[-3.072633152418189 0.17386192540418172] 1
[-9.736776976152232 20.230702862526062] 1
[3.710353696983255 -9.284365768065744] 0
[-6.017055374437401 9.214476089911978] 1
[3.1976524142917824 -3.6650698088033287] 0
[5.370626427119362 -12.02798740585807] 0
[1.6517691125463125 -7.228092027206841] 0
[1.6481710908659108 -5.111663940897412] 0
[-3.634272214356545 1.395079349296633] 1
[-9.460368370882163 1.7351137989065302] 1
[5.078807268174957 18.64887997561844] 1
[-2.0690034214263395 2.6934627831462272] 1
[2.277798826010083 -8.157675163230174] 0
[7.456757146023474 1.0877463966431602] 0
[-0.9593850188119324 3.791281205090339] 1
[-0.9576384231209857 3.284508632106901] 1
[-4.454634365991743 0.9032776504492925] 1
[1.5562755609232013 21.238253851327812] 1
[6.525097298687274 -2.624551759183233] 0
[-7.743535563298071 0.28653641857924417] 1
[5.3716248822165875 1.8595828393814107] 0
[0.24004007853735088 19.02208368156954] 1
[1.4534857952642577 -7.304939210882084] 0
[1.140332606633104 -6.06172916841146] 0
[-10.498054988253621 2.2175841347908065] 1
[-0.2860621774059817 -4.611340441353429] 0
[-2.68687320190776 1.889267316977811] 1
[-0.3675135284670553 -4.752265059966202] 0
[0.30034394559975774 1.6635081685041784] 1
[-0.38542750592342 4.91286961389314] 1
[2.8185673237929847 -8.743787639761983] 0
[6.294288636124661 -3.8584549563017334] 0
[-1.3282292546920564 3.9986749046133934] 1
[-15.980483035921178 19.24320142128042] 1
[1.2588336630806014 -6.905802688579037] 0
[-8.053189187347064 -0.1044286113538607] 1
[-0.27022906781866396 -5.064516408221701] 0
[0.7486206966535385 -4.985028246116282] 0
[-3.7593168494492644 -1.3215540824532177] 1
[-3.395054907225376 0.6410063784665758] 1
[-2.2716732954093235 39.29450382474655] 1
[-9.039906911253333 6.2294454653167355] 1
[5.804013514756302 -13.72543396118244] 0
[5.043437249186809 -13.295533601506403] 0
[-6.349244331256665 3.2781276132807458] 1
[-9.048991152353125 5.300650431286245] 1
[9.562844808979204 1.3376997781834765] 0
[-5.920324369234953 9.783287704241324] 1
[4.997086745405393 -7.518762642475194] 0
[6.4297863068032495 -2.0249539237943566] 0
[-5.154713812581638 18.63798961850287] 1
[0.5428674979881443 4.0493369670138755] 1
[3.609090691774228 -9.40787823846934] 0
[3.7189397439998526 -5.6360683761048875] 0
[-5.220427953240873 -1.375552109124941] 1
[6.738762825667823 -1.2621320073328912] 0
[12.629256686369967 -6.054676152208414] 0
[5.50958457151204 -6.520386957477857] 0
[-6.443131322080559 -1.1086507774078962] 1
[-0.4017147626564231 31.34861041336569] 1
[-8.17421695595314 4.590798141639947] 1
[-7.655204211837637 9.607534071592006] 1
[-8.842666257463872 6.428426254605752] 1
[-0.1313872284790572 4.5333371802285125] 1
[4.871241008129664 2.458766310450909] 0
[-9.3941717165759 11.20994770877075] 1
[9.566105304001017 0.9138331796692429] 0
[-5.586167412475108 4.507420860612328] 1
[-7.086578326054999 2.508371867770438] 1
[6.175999168670295 -15.16381365022713] 0
[-0.02311723710505585 3.0326115252294032] 1
[-0.5480461796651479 3.975898075065607] 1
[3.6771555084306877 -7.8295251543849025] 0
[-1.4461099594427131 3.707003458823289] 1
[-2.004139713657781 4.671692584614538] 1
[5.141043334961263 0.686166178029717] 0
[3.376240558564649 -6.784516899843272] 0
[6.819757584062939 -0.5086585928032634] 0
[8.734584478009165 -8.851483172507923] 0
[-2.443643918915492 2.6025055899470386] 1
[0.7656230151966255 -6.4021221892384315] 0
[-3.692843204748304 1.146593857471092] 1
[1.9184053391472198 -7.929532552437089] 0
[1.2157937682195386 -6.651151382139355] 0
[10.2324680351748 -7.943545557708758] 0
[7.43440951246603 1.8446231977304395] 0
[1.848412646191199 -7.381123587829814] 0
[1.6755945992710142 -7.612311127860995] 0
[-6.283827357572928 -1.1281893261907707] 1
[9.45534961763868 -13.681575719968627] 0
[-1.3992628336909951 4.205407346104176] 1
[-1.2557884661732022 4.834654321120086] 1
[-2.5331391793392273 3.3601281432517753] 1
[-0.8967554705652176 -3.2451926432034903] 0
[-3.6361727970737503 -0.02499935614106973] 1
[3.871262448828018 -9.30311459580659] 0
[3.28672799258781 -6.375198406035667] 0
[5.393143861585109 -2.6208755786717584] 0
[8.600255713939367 1.2520324520283204] 0
[1.9353090117719447 -7.693362391652864] 0
[-4.906302252335811 -1.5172410618463692] 1
[3.564784173723903 -4.2953383509242515] 0
[-3.560501585676126 -1.541863451392938] 1
[-2.0192705005387923 4.782252108269266] 1
[12.174695493454381 -10.100014420932675] 0
[3.8530540034054286 -7.400120972366523] 0
[1.4746638083255483 3.653400925172897] 1
[1.4443457344876238 -6.986054997210655] 0
[-4.588281556937874 0.6465880885915971] 1
[2.8388740961292056 -4.793871012889687] 0
[-0.004883746477410244 3.8747282513633285] 1
[4.237082850001002 -5.245080231699726] 0
[7.809032980027313 1.4301913008378149] 0
[2.394483967591208 -3.8215954778671044] 0
[5.484828353258196 -5.643608482337285] 0
[5.24758104767853 -2.1996077990625427] 0
[-1.8775269517758428 2.3556616791224956] 1
[-3.082372833567396 2.119889847292011] 1
[-9.878197304192007 5.777318404255216] 1
[4.8027241438290025 -3.8972602638926395] 0
[3.2298353378755165 -7.790653513727446] 0
[6.901819222766359 -1.1235841076462276] 0
[-7.426533687195658 14.305478900030966] 1
[-1.660109326400009 4.475200377752952] 1
[-3.0830031414089922 3.1487204503470316] 1
[2.8885934212160853 -5.929799364288586] 0
[4.9516117643316075 -12.969151833226515] 0
[5.292249548371013 1.4715370166035935] 0
[6.5398440464256264 0.2914022032815827] 0
[3.616371738507345 -5.005729110994652] 0
[-8.938109763747388 2.5505351291813323] 1
[-1.0875795586351944 3.382770074563] 1
[-6.438442840994465 12.281062982363206] 1
[-1.4706490962350185 5.789807637267969] 1
[-7.523567337163183 9.011794910288362] 1
[4.826576176285595 -11.625531771674188] 0
[-8.516373297211297 6.94703751910503] 1
[-3.967789546150712 -0.9051412360976261] 1
[-3.1302032680414764 0.9622352538736288] 1
[8.886921849891234 -17.688549082218138] 0
[11.337423261892997 0.4672731940339301] 0
[4.3415202371574395 -6.625175803649424] 0
[-3.73278068102452 0.8631985229695236] 1
[-0.9006418119534324 3.702376061529786] 1
[0.7555930043067924 3.0170393229444548] 1
[12.938363306239786 -2.0285248756998753] 0
[0.1433462672652187 3.5922282859737074] 1
[8.39312795580129 0.17198933296166408] 0
[-1.5469713954750124 9.194513195052892] 1
[-2.525912616886752 2.5250256685927304] 1
[3.5040371999466 16.82484195541023] 1
[-3.908658244215268 0.6456255870421492] 1
[-3.58510562487408 1.6360955664592747] 1
[-0.5701016050602372 21.39552937347335] 1
[1.3463288760724268 -6.929325829487606] 0
[-3.416577858612176 2.3565134810357113] 1
[-1.0933545634220685 4.042881592561704] 1
[-0.9303891012536343 -3.5409843872522995] 0
[9.661742814868772 -6.823008665319227] 0
[6.881039743351509 1.9283157980407792] 0
[3.7788185523513773 2.1367623188781653] 0
[-3.7654813883858362 1.659181229433166] 1
[-10.64858485040546 8.753590221836674] 1
[10.14998233511647 -16.780855701240437] 0
[5.408180267484578 0.1200486222232785] 0
[6.568948794330936 -0.7425718487152372] 0
[-2.646499209312264 -2.7913132271650456] 0
[-4.1291158758206725 8.284947754536468] 1
[-1.3957124246190329 19.488779021851027] 1
[-7.458001990922728 -0.7640433826589308] 1
[2.8319431401988924 13.544338722419866] 1
[2.410511492830423 -7.552314613993998] 0
[8.772151849922853 1.4974319029524912] 0
[-2.869927567076966 2.231230471843642] 1
[5.080517190101495 -0.42393843624840055] 0
[3.5810398199855165 -10.57319693205519] 0
[-3.7711880352536524 0.013146325917463007] 1
[5.700908153079713 27.122493633268775] 1
[-7.0394942494275785 3.779528858609562] 1
[-6.6333809383066615 1.6033052417792657] 1

