[0.007218455997795684 0.08552306842511034] 1
[0.013116428069777843 -0.1504436831689754] 0
[0.044229064994219344 -0.206149830799504] 0
[0.059161840943366364 -0.2521522126661376] 0
[0.05146950371404464 -0.22666501419129545] 0
[-0.038893924516900796 0.13994094070482102] 1
[-0.0725223104112134 0.28943496495271914] 1
[0.012168930788940262 -0.11404049824755123] 0
[0.06035140325534967 -0.24071613424887606] 0
[0.01672733042413608 -0.13106357708189562] 0
[-0.046735790472530785 0.20812371675429406] 1
[-0.04280949646178267 0.2658583249660268] 1
[0.032238443282853045 -0.17937325766669815] 0
[0.06412257677511775 -0.25455984115721286] 0
[0.030627641173597515 -0.15911379519930566] 0
[-0.020203041554228723 0.08489190434604549] 1
[0.05756943064422382 -0.22706451432192348] 0
[-0.044696967468715945 0.1916061345487507] 1
[0.00823831120875834 -0.13824815527479362] 0
[-0.06167979551624524 0.2502672956394007] 1
[0.03609226809007739 -0.1966375774610738] 0
[-0.062218561436397264 0.24776557172124425] 1
[0.06056616180342164 -0.24792011390828883] 0
[0.055403915345451915 -0.2639391936708565] 0
[-0.012369190338777345 0.13913305944591958] 1
[0.05651105300867971 -0.231964230347571] 0
[0.0612750773816525 -0.24469462916071133] 0
[-0.05545438745663967 0.25381117113694235] 1
[-0.02390822457408198 0.12247518075173955] 1
[0.0611278369595358 -0.25063165797291825] 0
[-0.06696353437210456 0.27408211830278834] 1
[-0.07681456427754368 0.3067510899960678] 1
[-0.024194797164381346 0.19300287534656002] 1
[0.06437347863510992 -0.25833097212605494] 0
[0.016568128505933907 -0.22367475059054018] 0
[0.06145307812506898 -0.24359809533715326] 0
[0.09558410898169561 0.09008667443836069] 1
[0.06442927122130672 -0.25491554890280477] 0
[0.059627655797573384 -0.2411459585347041] 0
[-0.0629703197555828 0.31669713591999804] 1
[-0.029307670300281672 0.0811876937546393] 1
[0.06380344127693863 -0.25494348670077843] 0
[-0.03214876393616965 0.1383738709788464] 1
[0.058473070927263546 -0.27026656325792286] 0
[-0.014005286402437788 0.19993804643328944] 1
[0.05941535278683647 -0.2354816439620018] 0
[-0.0730687236807808 0.296510450192515] 1
[0.03286172861669296 -0.24641467613404744] 0
[0.04921927289484981 -0.24470363477576768] 0
[0.06304469504997307 -0.259348535777591] 0
[0.04797158925699503 -0.25526109376879225] 0
[-0.06788625957855973 0.31130204196821215] 1
[-0.02122917022524177 -0.19494592769023916] 0
[0.025628146162342658 0.19247162955725122] 1
[-0.0667819026635927 0.2860038256057259] 1
[0.048383662997094457 -0.25196029972944733] 0
[0.053946370389661526 -0.2207411374529628] 0
[0.06037787775535155 -0.24009175555281576] 0
[-0.03264411028921117 0.1235336045490151] 1
[-0.04369074366056763 0.23140259956395173] 1
[0.025062445182717927 -0.24092678701593234] 0
[-0.018245531540689152 0.12400811941758802] 1
[-0.07800850891990868 0.31817272771148086] 1
[-0.020355233090740173 -0.19267538460807232] 0
[0.023295630863708113 -0.230931131822442] 0
[-0.07584087054738774 0.32212463827013427] 1
[-0.06772149018129889 0.30230067118218196] 1
[-0.024004850088663127 0.27128414716943966] 1
[0.0014968626043427961 0.19018967329882397] 1
[-0.04772982789695519 0.29740039985810846] 1
[0.04730727723421285 -0.21275621437103187] 0
[0.06425857318672637 -0.2587596124717737] 0
[0.05907475462589826 -0.23485006832291902] 0
[0.06079108704759616 -0.2441677954466227] 0
[-0.0618448009932823 0.26164039370378156] 1
[-0.0639773866107583 0.28624471668391094] 1
[0.044661362208081395 -0.2097871589990657] 0
[-0.060896637164352486 0.3017574894222752] 1
[-0.05516823500008178 0.26235650422251566] 1
[0.044891032808981504 -0.1916168282760445] 0
[-0.06226590058952193 0.26825823979243224] 1
[-0.03649490658548798 0.1259568737820674] 1
[-0.07089387753057852 0.2835120774632819] 1
[-0.041385179701091415 0.23576270059181753] 1
[0.05933581492026438 -0.23833436958477167] 0
[0.03368200650692638 -0.18490775193748182] 0
[-0.052621849756864104 0.20603855258237855] 1
[0.02960822205500567 0.204780705041483] 1
[0.033605765283758186 -0.17972111283643125] 0
[-0.03349276366383676 0.26582294066990403] 1
[-0.07696034220180215 0.30687605512937094] 1
[-0.06367514928371586 0.26542698735940884] 1
[-0.05086815371170373 0.25124798131144754] 1
[0.033192296126344924 -0.23849994108415845] 0
[0.04917607659695724 -0.2194563782342445] 0
[-0.0017434510459301861 0.1786331315629589] 1
[0.026897558275962574 0.15280738487516254] 1
[-0.062007753335159 0.2603969995913332] 1
[0.04816307407828318 -0.2187350563665897] 0
[-0.06755116423696234 0.30045093426472286] 1
[0.02019008851038294 0.1932479747939302] 1
[-0.05153571388985798 0.2489750418377958] 1
[-0.07021310264655024 0.2771134333328872] 1
[-0.059335784044542185 0.3016995550193713] 1
[0.03727691223762236 -0.1935054514858055] 0
[-0.010521343506968036 0.19278320457502718] 1
[-0.04310616410746762 0.23312269270910696] 1
[-0.05028981250539174 0.24012510798324688] 1
[0.03471104480647978 -0.19328034319218282] 0
[0.03582968833553443 0.1334195969576716] 1
[0.04523364564351709 -0.21420712348776488] 0
[-0.04482289440037064 0.16157170460583087] 1
[0.06565712355888383 -0.26196538413920545] 0
[-0.004776426181455979 0.12927604550764832] 1
[-0.061991049970626926 0.27455707008812313] 1
[-0.07425220857457684 0.3254303783229278] 1
[0.058827022684500845 -0.2377615056633502] 0
[0.004847008067595993 -0.21130048411079813] 0
[0.03745154390285771 -0.2436601270138905] 0
[-0.002342159032473842 0.21789320860814226] 1
[0.05738553690505235 -0.25048669151562264] 0
[0.05884144987698944 -0.2567444986996914] 0
[0.05527045069858921 -0.22021668102504915] 0
[0.0629162293807089 -0.254408507120559] 0
[0.034764027756761434 -0.17570650347890543] 0
[0.04924434063905775 -0.22744434023715465] 0
[-0.07883443714170016 0.316143010046915] 1
[0.049347032115831094 -0.2562317355082362] 0
[-0.006902547951491304 -0.02201062581607109] 1
[0.05964164388321743 -0.23876232920691476] 0
[0.05440363038413323 -0.22837420051982155] 0
[-0.07400631142329941 0.29200976924127875] 1
[0.033592458819751564 -0.1797186961695782] 0
[0.06224016042727619 -0.2496410859752945] 0
[0.023845905596899968 0.0779691622019713] 1
[0.062467515347545854 -0.24735420842636613] 0
[0.05934723756818179 -0.24472382881309213] 0
[-0.044185265422482155 0.26470139987408725] 1
[0.014326187434485133 -0.14410907898249387] 0
[-0.06955561655710168 0.2858726728392947] 1
[0.047999942994851955 -0.21600193335070345] 0
[0.023660338684092008 -0.1616157083060566] 0
[0.05971996672661614 -0.2466030340308383] 0
[0.056647614679619276 -0.2530486486648775] 0
[0.03387204505380312 -0.1757456236697466] 0
[-0.06306675244160487 0.31319383952564417] 1
[0.0018586557450222187 -0.09314193146909142] 1
[-0.03968229720369671 0.18536996455878074] 1
[0.06156167809982153 -0.24336433138581687] 0
[0.052266436603575814 -0.2488152220060103] 0
[0.01215358310893391 -0.10348063138141206] 1
[-0.014144232362673995 0.19028431865368706] 1
[0.017757881873960296 -0.1583574323760341] 0
[0.06228956047379672 -0.26448286937019405] 0
[0.06178560869975167 -0.24591090288396272] 0
[-0.0772095102741727 0.3110116188835528] 1
[-0.07724915894566511 0.31053467688954783] 1
[0.004974251754110764 -0.21297933401288952] 0
[-0.051548152018993376 0.21906180219322613] 1
[0.040516690107736404 -0.2553148719832531] 0
[0.05763939479798871 -0.2589302741526962] 0
[-0.023734276171717694 0.2690855457910104] 1
[0.06531832585513961 -0.27752363586198814] 0
[-0.015590284380341494 0.10049004350396597] 1
[0.054194493935287566 -0.257542516842638] 0
[0.06251618010608806 -0.25429967987814267] 0
[-0.04372530673774614 -0.17447060022068894] 0
[0.03247104199665174 -0.23249167422718783] 0
[-0.037150526575192896 0.014984328096939718] 1
[-0.014064671111076704 -0.1992308484302212] 0
[0.049463788833815345 -0.24535130942431074] 0
[0.06291099468325925 -0.24834164959125593] 0
[0.053810973449461175 -0.2395692879226165] 0
[0.06024220239081797 -0.2398434521728795] 0
[-0.05988566187469349 0.26540041136624887] 1
[0.025009923035114102 -0.22776755359741696] 0
[0.04432416271638844 -0.22515597827692851] 0
[-0.06290516391151754 0.2770419550024821] 1
[0.014679810717124918 -0.14941577087659502] 0
[-0.05253067548809311 0.2504756292136109] 1
[0.05510880052826744 -0.25215052797086523] 0
[0.045320879583992627 -0.2435309423364428] 0
[0.06202742174409244 -0.2542498540755642] 0
[-0.04459761030555326 0.18925817188292923] 1
[0.021335359663639003 -0.2227548874118161] 0
[0.005144826444531458 0.16443966720938474] 1
[0.03343946777671575 -0.05655184095613681] 1
[0.05230476399664564 -0.22064458222422134] 0
[0.060924409512564025 -0.24030401478357893] 0
[0.04469632663786694 -0.20704767986639494] 0
[-0.03415066506236854 0.09599440568428061] 1
[-0.042171410536429435 0.24812861092469446] 1
[0.012895875113179394 -0.22234781389390734] 0
[-0.033249504850811046 0.19414435242018385] 1
[0.057918034396834614 -0.23732037030495184] 0
[0.0417799840052656 0.050553268346850144] 1
[-0.011286523657162678 0.22556246421433218] 1
[-0.059934193886843734 0.2375238588383829] 1
[-0.007611395797438579 -0.21517073814641435] 0
[0.047281293395146265 0.025538951156569137] 1
[-0.07798103524574473 0.31861693028299337] 1
[0.062436875048584986 -0.251502059484148] 0
[-0.06553649685872093 0.2782309569932684] 1
[0.02997868627680185 0.22969673626709575] 1
[-0.057742953715088585 0.23607209435541066] 1
[0.048722711616727754 -0.24306306761154767] 0
[0.05371882637717933 -0.2263637736701334] 0
[-0.04810128760169666 0.22947640225500732] 1
[0.04756636266060707 -0.24678279384338506] 0
[-0.010711342360092777 -0.09066823404443097] 0
[0.06348511301664347 -0.25229304095947186] 0
[-0.03980618320226851 0.15636806508962173] 1
[-0.07046715886134738 0.28502769751411294] 1
[0.045509894020910685 -0.25654792616790345] 0
[0.055975869952577834 -0.23196259670012065] 0
[-0.039857768232824956 0.13235291226914037] 1
[-0.040839383344348196 0.13849612638239744] 1
[0.09444089389057439 0.1390014572930166] 1
[-0.04167951002935237 0.198140330224419] 1
[0.04855770699586207 -0.20381336817238105] 0
[-0.026131958987545903 0.13005650026338691] 1
[-0.0680528156608187 0.3260866134853334] 1
[-0.04396124341481931 0.16572968753156236] 1
[0.030313063282360723 -0.17285036886261657] 0
[0.034751514441247335 -0.2534801044890218] 0
[-0.0669406277948422 0.26719957179069664] 1
[-0.06039182440942818 0.24533301926189377] 1
[-0.013990192621698079 0.18162135205212454] 1
[0.018123798220798088 -0.2362857154090383] 0
[-0.024108863658340557 0.10386932623268491] 1
[0.05756169152516935 -0.23372360929715263] 0
[0.06280221627909158 -0.25236609968648993] 0
[0.05823816989898323 -0.2359206576289069] 0
[-0.0610503123020187 0.26907975900177095] 1
[0.04546865701894133 -0.2204179477866902] 0
[0.06521843099652352 -0.2640583423954409] 0
[0.03049433954285173 -0.181632709273197] 0
[0.06054492320090202 -0.24146194246065633] 0
[0.008949917382198958 -0.22544557461418274] 0
[-0.07865638493147277 0.32158139927260543] 1
[0.05993164848746786 -0.2403415947464807] 0
[0.05041383541219229 -0.2449441550610674] 0
[0.05224901983988117 -0.217620671614963] 0
[-0.018370860073281342 0.18263288337176833] 1
[-0.01298411042529447 0.027348872603876254] 1
[-0.03710154532594563 0.09094326961105287] 1
[-0.0395607841531881 0.1278013903192291] 1
[-0.010683991744432702 0.11057355293336193] 1
[0.03088235946901991 -0.19511686907938197] 0
[-0.006083791198533334 0.0826393406326115] 1
[-0.024744376280128842 0.19840188076234466] 1
[0.04407989176085279 -0.2447413037432048] 0
[-0.033759176513274036 0.11086499988617976] 1
[0.04531089864195326 -0.20209935052301942] 0
[0.04268451406970408 -0.2528477011459339] 0
[-0.028828420997733792 0.28003291833002514] 1
[-0.06512312891234401 0.26620732032754824] 1
[0.019230433817379655 -0.1503449123865964] 0
[-0.019052064985331768 0.15675574066788261] 1
[0.06021146305679411 -0.24893020580574898] 0
[-0.036537046819261794 0.08928482725646689] 1
[0.01080553006728597 -0.12328397432289954] 0
[0.06051192035482149 -0.24806212244886638] 0
[0.05452693844129011 -0.21837403806549427] 0
[-0.019615392822378338 0.11133728669953735] 1
[-0.06965474682710575 0.2778412391879766] 1
[-0.07358984816079245 0.29371869866694567] 1
[0.055645137788037785 -0.2287803647056863] 0
[0.06189701215302608 -0.2477118713719047] 0
[0.06066309930454723 -0.23957039289100135] 0
[0.05126289921709978 -0.21782482232804118] 0
[0.05992393553623043 -0.25659303574324743] 0
[-0.013428926620779824 0.23756145937456086] 1
[0.026536651406590332 0.028900995985478843] 1
[-0.026756116236035486 0.1985995981785863] 1
[0.038897002883716364 -0.12193668857224521] 1
[0.03477738105256878 -0.24315146176474928] 0
[0.008179187474245397 -0.2359458297794284] 0
[-0.06865429636860809 0.31408813384775736] 1
[-0.014687015234067095 0.030872198011515778] 1
[0.01712647227906564 -0.23443583265670004] 0
[-0.04012110270204826 0.22354091366196482] 1
[-0.04040417344228689 0.01868452892032336] 1
[-0.035809502942134225 0.22946164498992563] 1
[-0.012107820386890324 0.11484116087728796] 1
[0.06477242503577757 -0.2608821738336414] 0
[-0.06476887639341578 0.2794283027100693] 1
[-0.031473649452160316 0.2170339269938935] 1
[0.05929390573512723 -0.24129519196762286] 0
[0.061307589701855625 -0.2455322026442267] 0
[-0.062148402227402165 0.27765823434593484] 1
[0.04974618410425033 -0.24436761584030875] 0
[0.03391275100871674 -0.249095799871407] 0
[0.05782388240142498 -0.26405038704922873] 0
[0.047520309314616996 -0.20982581056612998] 0
[0.05582924053254253 -0.2632516684635946] 0
[0.029559068531449885 -0.16589003989470089] 0
[-0.04793800226322953 0.18418625798529462] 1
[0.016068222344129534 0.2176449863113311] 1
[-0.03885525232844668 0.11116363177006697] 1
[-0.04720384409627917 0.1733574842685282] 1
[0.01964205174526985 -0.1588165405745964] 0
[0.0571064136969701 -0.23724928309004084] 0
[-3.390475772701261e-05 -0.22029284848905079] 0
[0.033107477517357445 -0.19111208531996898] 0
[0.06107873341424797 -0.24636799858203454] 0
[-0.06971087274309049 0.3105281038804542] 1
[0.06500331812018384 -0.25874699856812444] 0
[-0.06583298264111034 0.27468705248926795] 1
[0.011248645258884235 0.12525534325963303] 1
[0.05604855290163174 -0.23985204524887926] 0
[0.057008247897962896 -0.2266223654830738] 0
[-0.0466995105461553 0.2696980576638036] 1
[-0.05963873789294803 0.23362641864554715] 1
[-0.07115164770197849 0.28312722907725074] 1
[0.02661751569962178 -0.24253564988877502] 0
[0.03374622311822324 -0.2396749658785497] 0
[0.03811311664760504 -0.24732636737556032] 0
[-0.07779841002087536 0.3027584418100136] 1
[0.0010740397477965913 -0.2114930343734665] 0
[-0.05105375764364469 0.2575088168101155] 1
[0.04420828513277042 -0.24799548176426287] 0
[-0.04233704129394394 0.17073335579416532] 1
[-0.03977517501078021 0.24260541026971172] 1
[0.05580206276386848 -0.23858957438412645] 0
[-0.0616599069620002 0.30080513643490203] 1
[-0.005357203963471945 0.18863870722510828] 1
[0.0015048176217009458 -0.003041235463498982] 1
[-0.0707618407115014 0.2837095667001287] 1
[-0.06551553387144507 0.26601301613292083] 1
[-0.03126741182025153 0.0036024394854980166] 1
[0.04076815117121259 -0.20973910765330528] 0
[0.014549975024621527 -0.22443178539120634] 0
[-0.04296721010290018 0.20910131164506265] 1
[-0.06916781974385754 0.31836803839878647] 1
[0.058928810758629886 -0.2520530498789859] 0
[-0.02897628831905481 0.17279727762932057] 1
[-0.06550906380753575 0.27017906221956645] 1
[0.033308232250863004 -0.18051062868281925] 0
[0.021264525970455528 0.1996121572151695] 1
[-0.06520077000692691 0.26427527068094603] 1
[0.02565161631468002 -0.23960522337893703] 0
[-0.05906814571610233 0.24903200836342887] 1
[-0.07614382356617841 0.3162005795005245] 1
[0.06302098017417994 -0.2515007376312959] 0
[0.055180591261767054 -0.2520632216446675] 0
[-0.020821868893760094 0.12582644465980758] 1
[-0.07895186627031309 0.3250186674968859] 1
[0.05668634474857694 -0.22780286003333555] 0
[0.06271947411324774 -0.2522338927448945] 0
[-0.04006607159038207 0.14915708049614923] 1
[-0.029695672553938374 0.16794186861276694] 1
[-0.06459861730861896 0.25481322831869924] 1
[-0.031083775747439497 0.02817906795348223] 1
[0.03795944339008858 -0.23795001842617725] 0
[0.021483084703681765 -0.15492755454097218] 0
[0.0634377330166126 -0.25062152075191435] 0
[-0.03311054469235486 0.1242971817502684] 1
[0.023581641867236734 -0.029703305386687716] 1
[0.05974459301454785 -0.23965805187009437] 0
[0.04941679576027824 -0.257919798080609] 1
[0.051339718861985406 -0.2609541710157681] 0
[0.004022454362171453 -0.2196585569531509] 0
[-0.06529073600996921 0.2716836967349461] 1
[0.05242148668161318 -0.25639893242595835] 0
[-0.039477723975817926 0.20511128362817818] 1
[-0.033215734388803084 0.1350681931267851] 1
[-0.01087900903738906 -0.04475192112365678] 1
[-0.019913968579303297 0.021336621685183965] 1
[-0.033215995381725975 -0.18212566656848952] 0
[0.02792627788161651 -0.23522384065249707] 0
[0.035898332212271455 0.12770128803777886] 1
[0.04002328343784198 -0.1981071170784146] 0
[-0.0077902233857535625 0.19920882387472993] 1
[-0.010936083042211468 0.1008083634348285] 1
[-0.054944918055469874 0.2570335415482452] 1
[-0.048064392147433674 0.2227565296713775] 1
[0.0034259940801065784 -0.014430543896175268] 1
[-0.06743828575177555 0.2913526385795935] 1
[-0.051977141896916074 0.28467023723868234] 1
[-0.026575174878444678 0.2714610608696331] 1
[-0.036452903716318534 -0.18077413617112037] 0
[-0.02057551069918441 0.20300924695243666] 1
[0.06390727986276973 -0.2581270322293418] 0
[-0.004693248843609871 -0.20695028437173718] 0
[0.06274494918617862 -0.25186657424421677] 0
[-0.024324505154225955 0.08219134594865156] 1
[-0.026482634633955775 0.23835772106970665] 1
[0.0604542701926996 -0.2420711938514467] 0
[-0.06943790631886473 0.3056681066087622] 1
[-0.07402385901443424 0.3143019738018884] 1
[-0.023184352193547052 0.217383824563342] 1
[-0.028431243387665055 0.2019460570054267] 1
[-0.00928501956154739 -0.19997993517184254] 0
[-0.010278802853904782 -0.2011951771293383] 0
[0.05786278521097718 -0.23306463758930535] 0
[0.029712167040764265 -0.23925921964621927] 0
[-0.05368284503586302 0.2572409334276167] 1
[0.06024203478454613 -0.2410433822171983] 0
[0.015169026943221272 -0.12760707977102845] 0
[0.06543856588752045 -0.2624482825029058] 0
[-0.07479051951178378 0.2988599172545512] 1
[-0.0367240946957346 0.1976963645317909] 1
[-0.010128976822238182 0.20349748001798518] 1
[-0.04873792662507134 0.3003383612743725] 1
[0.05816850011012634 -0.24040701618067545] 0
[0.0008016083465059876 0.16181284047154768] 1
[0.03560059319382984 -0.17377867209419093] 0
[0.052542931628690365 -0.22403905150363929] 0
[0.051022401206147275 -0.21706929903243627] 0
[-0.007185459114255381 -0.21570305095088516] 0
[0.038878008681814125 0.11763172096317102] 1
[0.05904985311042861 -0.2337880950645183] 0
[0.045507327869286324 -0.21469349481584776] 0
[0.05878148410815834 -0.24515497696471783] 0
[0.03834107941495683 -0.19563628149362264] 0
[-0.07552038019504054 0.3090073169620383] 1
[0.03891121513169553 -0.19991989558330808] 0
[-0.04470938228996316 0.24302502000958864] 1
[-0.06486004917388549 0.29966956795952426] 1
[0.06272530628967454 -0.2514270157045184] 0
[0.04994182187900137 -0.2547445246360582] 0
[0.043429920822409415 -0.19475731706938074] 0
[-0.0714246164626097 0.3110377415508848] 1
[-0.027791388585195993 0.23572774595533252] 1
[-0.04415996818332783 0.23558586530438463] 1
[-0.037884770641200376 0.19803240029933306] 1
[0.01040491072215434 0.07817952234810631] 1
[0.004330112367761043 -0.10894796710331647] 0
[0.032110407540083194 -0.19075150402516078] 0
[0.06214510065135007 -0.2591186875978644] 0
[0.05696596405462458 -0.26542625467728764] 0
[-0.04557223271554746 0.22374871126941065] 1
[-0.04647404930343665 0.2867628902348793] 1
[0.059115640530207306 -0.23511409149296103] 0
[-0.0578422996590623 0.24010230489850165] 1
[0.05729791598112945 -0.24193979242349428] 0
[0.05600117258305537 -0.24800342772669537] 0
[0.03908479365925949 -0.02511057667657493] 1
[0.005106721431512827 0.051805278516585736] 1
[0.060653918770020646 -0.26081891741073937] 0
[0.023368041090934627 -0.22022115105139167] 0
[-0.02828794167714148 0.026624423517733094] 1
[-0.07647141061197932 0.30280746502371914] 1
[-0.044487940317787814 0.20380438113283922] 1
[-0.0690686441490763 0.3120218222301201] 1
[0.00482760759402911 -0.1341553347814588] 0
[-0.07245174095530284 0.28794482900261986] 1
[0.040869122910683765 -0.1353370951682859] 1
[0.06242525280897235 -0.2473484163896113] 0
[0.04301901877663829 -0.24827157233926533] 0
[0.028365735103625347 -0.1626058147062947] 0
[0.026324399831690014 -0.1754610162803535] 0
[-0.0673756623633652 0.27304485178321103] 1
[-0.0786808323918326 0.32129159375890576] 1
[-0.010594088300511437 0.07733403262333674] 1
[-0.03934216607212282 0.2370559836380139] 1
[-0.025961172763756542 0.21274210232354476] 1
[0.01326672714296544 -0.22889932618949632] 0
[0.03422928182771142 -0.11399235536659301] 1
[-0.013753315415629953 -0.03047688802864316] 1
[-0.06436186270718167 0.27457619966925045] 1
[0.042774521019616624 -0.20310023691344128] 0
[0.02690512712894651 -0.23453364911866972] 0
[0.06363848605208372 -0.2659475964943735] 1
[0.018346311388575173 -0.1553875691770299] 0
[0.04692052793538133 -0.24100442716502757] 0
[0.06090782546654792 -0.2557958769710506] 0
[-0.04573976071655196 0.16930967658935928] 1
[0.0570474655351543 -0.2366697929773905] 0
[0.011187889008895186 -0.13256703694850797] 0
[-0.05525659570075292 0.21662346830510187] 1
[0.06606844817063762 -0.2639515231271397] 0
[0.06243391033767866 -0.24972714013887398] 0
[-0.07897781150776803 0.318283606022396] 1
[0.05703294422553827 -0.23973919800445923] 0
[0.057385631655787986 -0.22511727137179285] 0
[0.06367874749020637 -0.25668534100499873] 0
[0.04728857264443879 -0.21495463965202302] 0
[0.05179483477315508 -0.24701201223696512] 0
[0.06309324178552461 -0.25040792993089545] 0
[0.04874307135121218 -0.24950505699156567] 0
[-0.003548432370649555 0.2197194121661924] 1
[0.061327031758815764 -0.24750928358775542] 0
[-0.07021869842701854 0.2886082582302151] 1
[0.04075915315045964 -0.21611142160032196] 0
[0.06255277897595518 -0.24994549357110402] 0
[-0.03285720379014684 0.200581093273556] 1
[0.056474374600966874 -0.24518663108196376] 0
[0.058404158428419034 -0.24808285016028314] 0
[0.023904182554567947 -0.22960300068328698] 0
[0.05011749821105682 -0.2513272475974737] 0
[-0.056123225552039684 0.23825598459003527] 1
[0.022661838169813875 -0.17894288724614157] 0
[-0.052097458000687435 0.20774086193345115] 1
[-0.0491896498851032 0.20674377226432128] 1
[0.039203490477183855 -0.017866931257656905] 1
[-0.020411777637796585 0.2422611509508677] 1
[-0.03560607400755243 0.24257044961087013] 1
[0.05213257213879858 -0.24746153591540512] 0
[-0.062070516802075586 0.292942983724402] 1
[0.05836183087633871 -0.23583147608699914] 0
[0.04752207620419978 -0.23021302370992935] 0
[-0.02046527350856666 0.16943933758888147] 1
[-0.07995252528001573 0.3182358760483892] 1
[-0.030206142937070496 0.285037653045129] 1
[-0.03780306273024424 0.09582191077560873] 1
[0.027780800592744147 -0.09315453314207005] 1
[-0.06318954422525172 0.2551397180802351] 1
[-0.0720774132355998 0.2905082149004238] 1
[0.063058225131776 -0.25213574406184114] 0
[-0.06451001299413454 0.2824358736656708] 1
[0.04501938557046028 -0.22830596806219325] 0
[-0.05776121708186154 0.2622461890623332] 1
[0.06031180578708471 -0.24176811603966583] 0
[0.05034653900385398 -0.24797364513429865] 0
[-0.008722950398030754 0.11942807013884209] 1
[0.03756253876731512 -0.09411921247096286] 1
[0.054350272496840046 -0.2212727703512189] 0
[-0.07336246300308295 -0.12138500737394635] 0
[0.059176471471504705 -0.23585754664672876] 0
[0.06255404892974795 -0.246312840414969] 0
[0.06033726337067519 -0.24262891218676147] 0
[-0.07820675152954695 0.3180889090819115] 1
[-0.044386914624703296 0.18510019428798583] 1
[-0.060592345160463384 0.2622132318083655] 1
[-0.03085383989196694 0.1819008896027426] 1
[-0.027719766586867138 0.1873482563945271] 1
[0.03854942467881757 -0.2106787366980749] 0
[-0.03525635018608492 0.045690101148369494] 1
[0.01195531387451184 -0.22580914316128714] 0
[0.04877786164168806 0.2482002701342731] 1
[-0.06525538471618095 0.26153093152560014] 1
[0.060324973250184585 -0.24193559530177988] 0
[0.06282215318582665 -0.2509200709735012] 0
[0.06005435940112165 -0.25338352392695385] 0
[-0.02261442464167386 0.24278861695304776] 1
[-0.0640133245985275 0.2915360806466758] 1
[0.0640232368992302 -0.2540040040311088] 0
[-0.03243781491377127 0.03762502383262553] 1
[-0.057677031939269485 0.25253004990843053] 1
[-0.0311225666929782 0.23013949387423366] 1
[0.056035444464417467 -0.2245738020002982] 0
[0.04377407141019298 -0.19761691334056936] 0
[0.01164471986455137 0.09278093827250908] 1
[0.03208124644982696 0.15847532050228197] 1
[0.05331532617337975 -0.24556177930779105] 0
[0.016641925238868815 -0.14934693867997909] 0
[-0.04795675324917181 0.2995620888970252] 1
[0.0134232624423258 0.03506492244715097] 1
[-0.009764867763717296 -0.2001254341025804] 0
[0.028623232288391434 -0.17011593517398832] 0
[0.05976082880566477 -0.2436531820173371] 0
[-0.06965297106132756 0.2789301163362506] 1
[0.057890427651442075 -0.23729702452567647] 0
[0.06152124847993437 -0.2581518454647722] 0
[0.061744498580994595 -0.2497781446997403] 0
[-0.062444157316806935 0.24840363906957783] 1
[-0.05958875801299714 0.24472614502629136] 1
[0.056158837247445956 -0.23863917815859703] 0
[0.04438266230731318 -0.211415611006417] 0
[0.035370148037314156 -0.24389105188270938] 0
[-0.07643547272335505 0.3230729507109432] 1
[-0.020397955452879958 -0.04548704167909393] 1
[-0.037786688384156414 0.14009565674354196] 1
[0.04030002334166724 -0.20884984718047053] 0
[0.06283847068551693 -0.2538054664262464] 0
[-0.035778818872312386 0.11618461144654019] 1
[0.006061428875060777 0.10773085494515718] 1
[-0.055347154633722945 0.21717438535036784] 1
[-0.03116925542415068 0.2616909750196976] 1
[0.02765467970887324 -0.22827786600879368] 0
[0.027888264085798857 -0.2369544272265441] 0
[-0.047404843961095705 0.19525511671905948] 1
[-0.04259720492141037 0.2779559164493542] 1
[0.016469147862374068 -0.14270204181984225] 0
[-0.024064041408960714 0.1535839858513391] 1
[0.05323129183805861 -0.2549352422980392] 0
[-0.07693308744755065 0.3039031153778298] 1
[0.04442095637174029 -0.21154084479676405] 0
[0.014502261073945942 -0.22848257497133656] 0
[-0.022049333154758252 0.08865976129557807] 1
[-0.030611876718550243 0.06499685847284307] 1
[0.03873695732721415 -0.19937911326811703] 0
[-0.03170318670834281 0.13007019149724822] 1
[0.05366510290371426 -0.24620494970167334] 0
[0.048564596894997675 -0.2534743291959496] 0
[0.05059313163100208 -0.25265292124355704] 0
[-0.04148646486350316 0.16959441731075495] 1
[0.04705876863948065 -0.24485251065218838] 0
[0.0615914205020422 -0.24725818856812465] 0
[-0.023149179347393738 0.18639051833454726] 1
[0.05846990905337242 -0.23450471456202757] 0
[-0.026997386656202545 0.06560014831498526] 1
[-0.026579570518244396 0.27230107037220364] 1
[0.030505243669781364 -0.17083405495156226] 0
[0.15396589491797383 -0.006071576204002008] 1
[-0.05531061349971859 0.25549420933868583] 1
[0.05018246840645601 -0.2518972005256007] 0
[0.049758723537779534 -0.21187030801428508] 0
[0.052113346433092 -0.2066677775223668] 0
[-0.0758864950366623 0.3002028023679075] 1
[0.03802776681837419 -0.18905231205835055] 0
[0.009943866447181253 0.10235805055911334] 1
[0.05039414359891688 -0.25259598319912663] 0
[-0.04098166413840497 0.26037499213244486] 1
[0.04416741372198389 -0.24606595391318176] 0
[0.039451355632284565 -0.2058458999382884] 0
[-0.07129011154545538 0.30427165621542296] 1
[0.06577508324757964 -0.263814107232647] 0
[0.05842052838182938 -0.23379875336669168] 0
[0.05037311675204956 -0.25605426001225595] 0
[-0.027904739811396552 0.17640337291588581] 1
[0.037565097818821155 -0.19145830477865797] 0
[-0.0729046845093014 0.2921121770420355] 1
[0.15863225639251893 0.02081859349970378] 1
[-0.037782319481825755 0.2558740899281859] 1
[0.054984119291732005 -0.22629637065410907] 0
[-0.04967017180432666 0.23652195435672851] 1
[0.05808449876687033 -0.24065730441183475] 0
[0.06207316127281205 -0.252312675670482] 0
[-0.032572542177265684 0.04985405922029521] 1
[0.049636814910699295 -0.25281747797355253] 0
[0.05741358550519376 -0.24660745990848337] 0
[-0.04715903735994864 0.1736925556121683] 1
[0.05558947529616545 -0.22867905571330865] 0
[-0.033194957921793916 0.1635604804322922] 1
[-0.05586129781265909 0.2463251361870287] 1
[-0.035653423340223096 0.1132600638842485] 1
[0.05552846432899787 -0.2612029661432656] 0
[-0.020906613161791737 0.19577092160452647] 1
[0.06336871820271645 -0.25266619413397684] 0
[0.05661422505910324 -0.22519789693074793] 0
[0.06326197594302055 -0.2634617196033371] 0
[0.003031570604389758 -0.10591626727141386] 0
[-0.036411666261758985 0.254646849694781] 1
[-0.0514354563599856 0.2431952684556894] 1
[0.05795579574170831 -0.24460761232006306] 0
[0.06114709367568901 -0.2499799258440581] 0
[-0.041993120330508615 0.23113645420072962] 1
[0.026872872097188704 -0.1797442049804045] 0
[-0.04053010995192338 0.18408296247836983] 1
[-0.03504324502616918 0.238036569005055] 1
[0.0162618553778314 -0.12945982744742346] 0
[-0.026861765839432422 0.1840689800701592] 1
[-0.050498944561767435 0.20396911302549148] 1
[-0.026819647642949772 -0.18541468131359973] 0
[0.023807824887209342 0.07169547224015646] 1
[0.04822555025399637 -0.20223477785970645] 0
[0.021054195904676866 -0.18252998237246143] 0
[0.025357112591233678 -0.14565854286246238] 0
[0.05611191749064648 -0.22486579032673443] 1
[-0.07356784046081938 0.3006431983163925] 1
[-0.040434639488866324 0.12853686909891088] 1
[-0.03594975171171526 0.16103179149560187] 1
[0.0630822054244904 -0.253286021304299] 0
[0.06759015330273527 -0.26739932750326045] 0
[0.05711728648336782 -0.2441154840582524] 0
[0.0616911098734439 -0.25271559464778637] 0
[-0.020985138811331856 -0.2071951424064849] 0
[-0.04233542110214507 0.1819812675902901] 1
[-0.03621634657138502 0.1955368620251272] 1
[0.055062442731272004 -0.2596188393043382] 0
[0.048847408913458484 -0.21220337272350076] 0
[-0.006587091826185795 -0.2084853699246716] 0
[-0.010806347132331213 -0.2080626502916198] 0
[-0.06059758503108878 0.2545525297905177] 1
[-0.07834228331984724 0.32268939738871427] 1
[0.06636088028181314 -0.26782514139292957] 0
[-0.0681668490068203 0.2904535775525297] 1
[-0.057434752998698456 0.28324782343751265] 1
[0.056723877886727406 -0.2534997525532062] 0
[0.05385385406023256 -0.24346307256086586] 0
[0.058509274981661856 -0.2349344803457935] 0
[0.02987275990654801 0.1453050466097336] 1
[-0.047557522912727156 0.2708921713001845] 1
[-0.05803218262409195 0.24527870376190306] 1
[0.02030939425568776 -0.17957695028708087] 0
[0.045793938458971034 -0.2535105511381071] 0
[-0.01350160460749091 0.08409344630226384] 1
[-0.036562912937634785 0.2717679398649438] 1
[0.05302633374386469 -0.23022795422583453] 0
[0.06304064523326801 -0.25041955591765386] 0
[-0.034104689707945536 0.1624820811940622] 1
[0.06467077548843166 -0.2586908751637842] 0
[-0.07033916174667446 0.2954316445404773] 1
[0.0469634427781915 -0.22900149804235603] 0
[0.043986977812924585 -0.2561644621536035] 0
[0.0304040615521055 -0.16379139475522403] 0
[0.019333640659648006 -0.067243350400408] 1
[0.0587533479081733 -0.2606249910357605] 0
[-0.03489374472848414 0.24911836498729192] 1
[0.05444615939015218 -0.2338213888708713] 0
[0.06034659062662775 -0.23904470019297597] 0
[0.024359924745877642 -0.15638575391567883] 0
[0.02679549781439121 -0.16728681415740562] 0
[-0.042872905301434734 0.14484302636303747] 1
[-0.05283177452054571 0.24711285334062644] 1
[0.03503750550700678 -0.23485073367131487] 0
[0.05366603105429922 -0.2660875784442584] 0
[-0.03519703641745123 0.144994880378358] 1
[-0.020411408109369554 0.0805628399135315] 1
[-0.031820893340190726 0.03732177979459385] 1
[-0.05988270220972908 0.26823082059066194] 1
[-0.010715765647211644 0.14029131082933538] 1
[-0.03858941689087938 0.18254130904611401] 1
[-0.07330965569759744 0.2930525977779165] 1
[-0.020729341166640512 0.10953898101084887] 1
[0.05563905592922532 -0.26172217322718094] 0
[0.060177821447620086 -0.2431182803963009] 0
[0.061840670031317505 -0.2514436282376016] 0
[0.04513502093800284 -0.20470988262993156] 0
[0.04726739621133874 -0.235342510420805] 0
[-0.0758610307422273 0.29970431814804255] 1
[0.03205899949194336 -0.18630889562590863] 0
[-0.05509444630819166 0.23770285085544068] 1
[-0.0181246795952054 0.011392058645786133] 1
[0.05183618885478078 -0.22024373185686058] 0
[-0.05433912873663005 0.21703369012064463] 1
[0.05173573095533868 -0.21285063319038405] 0
[0.05376667458181382 -0.22346286978398106] 0
[0.022230652322134867 -0.168146613955975] 0
[-0.02669270130780832 0.20734968020179356] 1
[0.024164265352217988 -0.16477931106515167] 0
[0.04835705193558852 -0.26327730678052186] 0
[-0.04214854817367952 0.14376944429889388] 1
[-0.06708037755988536 0.29242796308267827] 1
[-0.061344845008599345 0.2719714701232075] 1
[0.05535179569258595 -0.22671677486648378] 0
[0.05093387342295165 -0.21145887393529889] 0
[-0.03530987121862586 0.10554940311091703] 1
[0.0612890914510143 -0.2426214355061181] 0
[-0.07095363064732274 0.3082472951396449] 1
[-0.013261007590450742 0.14215791211337758] 1
[-0.016116582645829262 0.13107827081500267] 1
[0.05639940786997269 -0.22940119268916237] 0
[-0.06506631995013532 0.2798796707173965] 1
[-0.07036608236475855 0.27775314966794273] 1
[-0.06288421040799694 0.24928401525294236] 1
[0.03199603516751886 -0.1713444920834999] 0
[0.01011855483265297 0.20066186941508185] 1
[0.0606730083424355 -0.2490790391798774] 0
[-0.056459670690325425 0.22577300627430297] 1
[0.0634706897166954 -0.25990012865188117] 0
[0.0454949743777167 -0.2429356209097019] 0
[0.06162123966783979 -0.2543883443774264] 0
[-0.042756127552671205 0.2022276624634078] 1
[-0.05365057915825582 0.24218699311575032] 1
[0.05379990898632683 -0.2152521004748779] 0
[0.0605398350487479 -0.2579186338230676] 0
[-0.05298088478194924 0.28100666342878455] 1
[0.051835917569355745 -0.25376012418399874] 0
[-0.06618333750693178 0.3002789286129941] 1
[-0.05158951017415887 0.20082181583007674] 1
[0.05411419172166712 -0.2540142018784094] 0
[-0.01738333833620368 -0.19746780515989548] 0
[-0.0795693575783948 0.32271789229685144] 1
[0.047042118505189454 -0.26541326253431285] 0
[-0.06866426296731676 0.3280429358054203] 1
[-0.012621839888708415 0.23624314339072836] 1
[0.058387322450957096 -0.25736440373740943] 0
[-0.0656991004607633 0.28231447708810764] 1
[0.05962354870715908 -0.23889110238507977] 0
[-0.0047864413240713945 -0.21272863071426684] 0
[-0.0018919531010706204 0.21619688009985635] 1
[-0.05888344632580464 0.25766334002208635] 1
[0.04117866331134923 -0.1936801583155197] 0
[-0.06322223000795064 0.25455769705268] 1
[-0.009261051113460938 0.10973711518960505] 1
[0.01838227240464508 -0.1560995579151174] 0
[-0.0496518848253451 0.2260479304077198] 1
[-0.019331745775808703 -0.19383619253199197] 0
[0.05078467726075499 -0.24544266255243036] 0
[0.04969002444781388 -0.24692089855988336] 0
[4.034350596059492e-05 -0.2215172051886394] 0
[0.059879966510667515 -0.23986602226529313] 0
[0.051485939117809326 -0.24890513121682348] 0
[-0.06704596571405556 0.2671383847665556] 1
[0.0018194857096084209 -0.049707526839445584] 1
[-0.0711450359418685 0.32146870274982553] 1
[-0.07889636236618071 0.3135161077152897] 1
[-0.060672449101541515 0.25059797142521123] 1
[-0.018527824686566628 0.15176948351425745] 1
[-0.06232334496910403 0.26290803793471607] 1
[0.03730760566194191 -0.19139706412144927] 0
[0.04215249821080726 0.0009696693766420084] 1
[0.06122408784636596 -0.24955350053583564] 0
[-0.018787277945343676 0.10936090758961979] 1
[0.06090068565305695 -0.2440785725596716] 0
[-0.05767307089853281 0.261442022193631] 1
[-0.021602075941536184 0.03619057408959882] 1
[0.05880082969212534 -0.2451313831049048] 0
[-0.053038837680595294 0.2083338248116916] 1
[-0.0567995742856853 0.26276316999146887] 1
[0.003677305236759667 -0.22342864901466813] 0
[-0.007907045719081861 0.1345060666740665] 1
[0.03139308855670574 -0.17890989125500006] 0
[0.0665358368955287 -0.2649534378212952] 0
[0.025128263499248973 -0.1429937082329396] 0
[0.054523842625502236 -0.2299231860426566] 0
[0.036167997162780074 -0.24644418764100667] 0
[0.0019548424975583166 -0.20100489477569267] 0
[-0.027438011995028013 0.20602695148650213] 1
[0.006063107643754923 -0.10841656837039088] 0
[-0.009430669191425118 0.2043745909722972] 1
[-0.01858546145095577 -0.19444940521589338] 0
[-0.04148847560751071 0.2864619344421703] 1
[0.058703465965530985 -0.252439954688909] 0
[0.012669344550981983 -0.2361198232486042] 0
[0.0578691771386592 -0.2382096024101401] 0
[0.02199286905926704 -0.2290228940295837] 0
[0.04101943927444447 0.008228202792722843] 1
[-0.0061614516938019856 0.17928099770312012] 1
[0.06185378118648987 -0.24631765883908846] 0
[0.058284913937193074 -0.24880034454733652] 0
[0.044875887142691875 -0.2399054425970172] 0
[0.03537537765614731 -0.24657283151466775] 0
[0.013827138102414024 -0.23471116772849082] 0
[0.06304918738686757 -0.2507390831588726] 0
[-0.07728209075001274 0.3085228306631357] 1
[0.05609963087231813 0.11441391408673078] 1
[0.008282633964366532 -0.13806581741582988] 0
[-0.006416461390238583 0.14416634952081647] 1
[-0.012645100201482608 0.16609373548976986] 1
[-0.03936755765106072 -0.1145291775613282] 1
[0.001288218794077459 -0.11020218504513962] 0
[-0.013676890355220302 -0.10200059045733853] 1
[0.008723428364214206 -0.2032044420530995] 0
[0.03447179144592871 -0.19483347187460326] 0
[0.06142396042856503 -0.2442096676299697] 0
[0.06310336907079545 -0.25215498942604264] 0
[0.05198494124212567 -0.237340882681148] 0
[0.010514700913842582 -0.11827263842250951] 0
[-0.05021526241796668 0.24044802712192448] 1
[-0.05926714773062802 0.2679220314541355] 1
[0.05373702722584613 -0.22707958366321246] 0
[0.06135479851335375 -0.26862715529460307] 0
[0.0472449102333576 -0.24937073951989608] 0
[0.029292767154422587 -0.1684477952522847] 0
[-0.0009705444382786981 -0.2188443443543614] 0
[0.03911900402423593 -0.23919830640183293] 0
[0.0556780383137943 -0.2214385690626388] 0
[0.03853191216203951 0.10460371727251844] 1
[0.016196024965913734 0.135964658955997] 1
[-0.032479807444569284 0.1153473474950038] 1
[0.057537222661000045 -0.23367199434704974] 0
[0.03197385773940938 -0.17619727715486289] 0
[0.02483020950519816 -0.1487274675234704] 0
[-0.016179205421673844 0.04432017425975375] 1
[0.02102399670772844 -0.1615199241037623] 0
[0.05318547636880509 -0.2226376294481953] 0
[0.046593838331394605 -0.21667239526677973] 0
[-0.06898949296953205 0.292092684221342] 1
[0.04626602617415192 -0.25157725754240867] 0
[-0.0519909409118781 0.20391745652541088] 1
[-0.038748443052774625 0.22331701309288335] 1
[-0.046164388434963406 0.27414867787819897] 1
[-0.051525513717385424 0.20636326642531855] 1
[-0.029420107436522673 0.16869174077228044] 1
[-0.05511304782914428 0.2621236221837263] 1
[0.003025829441313369 0.19304521677977632] 1
[0.020036792577096847 0.17738956201545097] 1
[0.04008422514132687 -0.19058026113370874] 0
[-0.021208568841422373 -0.18983169448931614] 0
[0.03983079100680731 -0.19822391235179646] 0
[0.0520061240746051 -0.24763509804944406] 0
[0.04987658709377725 -0.25016584528499974] 0
[-0.043666212336893016 0.29668355556834664] 1
[-0.04478472632603636 0.22993127792406037] 1
[-0.05557750021794436 0.23309357369824374] 1
[-0.004643182875301596 0.25807445340661006] 1
[0.027547446563768535 -0.1584968392932879] 0
[0.03161942457898079 -0.24106469120040033] 0
[-0.029650695950988536 0.2649121659458939] 1
[0.04484388660882775 -0.2509968264569683] 0
[0.038519366318525754 -0.25180131805880335] 0
[-0.06256813008694267 0.27249250755277965] 1
[-0.0742090263378144 0.3089667321780177] 1
[0.03495050418274007 -0.1884260346330747] 0
[-0.07492502294996382 0.3306689178659784] 1
[0.035697284927533185 -0.23602832388953415] 0
[0.0627937871268342 -0.25630150712211763] 0
[-0.06671582306687249 0.2808882868666766] 1
[-0.06066492009370518 0.28798534809500165] 1
[-0.06810803950350633 0.2688040414716694] 1
[0.03441764390913225 -0.19055343116478604] 0
[0.042045951056067205 -0.20424571975048775] 0
[-0.025167772483553827 0.18361126753103263] 1
[0.012620374610055399 -0.13533748254384353] 0
[-0.030594648539497733 0.07744166118008355] 1
[-0.0687205816340149 0.2770730292053864] 1
[-0.029702469184854235 0.1396029430707152] 1
[-0.06932201077781154 0.2880195029811383] 1
[-0.07680577204101766 0.3136670289652038] 1
[0.016968417447517092 -0.1422843534124124] 0
[-0.036658150167846834 0.20868320742281637] 1
[-0.030036688207586405 0.17052613899070285] 1
[0.04883870673300695 -0.2220496221621481] 0
[-0.03695703472088888 0.087444316936758] 1
[-0.07018274102975691 0.2938671727728073] 1
[-0.028352293302471375 0.24665613767983002] 1
[-0.037697680797176614 0.1383846540970827] 1
[-0.04867504451456994 0.21718958599236887] 1
[0.03894604919159454 0.0751153052504227] 1
[0.007391122328045585 -0.21097461263049377] 0
[-0.04618264514956444 0.24725823201117084] 1
[0.05797626657632304 -0.2338814655981863] 0
[0.015030557956724632 -0.22943472584162228] 0
[0.05226980182269 -0.2230815039688196] 0
[0.04205867924754443 -0.25239493960513437] 0
[-0.03498870886174734 0.21731252282697724] 1
[0.03155337160006934 0.014330043418418089] 1
[0.01177807107127572 0.1286234312035398] 1
[0.04734046344059059 -0.2123582438458346] 0
[-0.039219794971996805 0.20021251031697945] 1
[-0.07840349353653733 0.31669778827552963] 1
[0.06424456982153075 -0.256734010850892] 0
[-0.062330285814471184 0.25941509436333576] 1
[-0.031189395291127627 0.17498101036254526] 1
[0.04569733956376106 -0.24877831613199874] 0
[0.05264753950081004 -0.26071351299092227] 0
[0.05992236895330518 -0.2419101676218767] 0
[-0.0716972623298388 0.318761539777667] 1
[-0.06925606672303203 0.28090596677420476] 1
[-0.07894994673431092 0.3216929766393327] 1
[-0.0785552453259474 0.3142801527287242] 1
[-0.05213478704874406 0.2973488170227921] 1
[0.034452556435766994 -0.1563532228919895] 1
[-0.05679849200360684 0.2743090174304823] 1
[0.0148995015044415 0.21567950257343033] 1
[-0.04187124681385056 0.20346355877774475] 1
[-0.05792840215669513 0.256724415570859] 1
[-0.018727134262686504 0.21058361518427476] 1
[-0.07328925689114049 0.2997925906289606] 1
[-0.058284682691683104 0.236351278092198] 1
[-0.005336466560384523 0.14544154568669898] 1
[0.036761423966167855 -0.19370309623433113] 0
[-0.012667139345235051 -0.19976208305322796] 0
[0.042069342295546985 -0.23365860924013518] 0
[0.04567749814455009 -0.25167621079782615] 0
[0.024993805287231014 -0.16355007707081257] 0
[-0.05174351360390009 0.21928201770859537] 1
[0.04542668868931579 -0.21951586537994622] 0
[0.061548830475264146 -0.25930781857278684] 0
[-0.04725654076508912 0.18183314441660764] 1
[0.047112179283877974 -0.22705821731202286] 0
[0.0534934565584798 -0.23806392479244848] 0
[0.06183564291983329 -0.25270689546767955] 0
[-0.07482065087409902 0.3298828659042501] 1
[0.03870765507377189 -0.25000531092278117] 0
[-0.0595595871286894 0.26033150083522855] 1
[0.024191492057591066 0.17551374804098963] 1
[0.06289710646376939 -0.2590630675008788] 0
[0.015885354284119083 0.13238397313565348] 1
[-0.07791297118634746 0.3096374948376863] 1
[-0.050272366385103726 0.19822527579381205] 1
[0.034966466787408876 0.0045289771576078035] 1
[0.04233906066530142 -0.21250249556749615] 0
[-0.06427701445087336 0.26727498002163547] 1
[0.017191851946105917 0.1761783295410986] 1
[-0.05011501339171119 0.3057879962596577] 1
[0.055696233060021666 -0.23537538269239353] 0
[-0.0391613625723488 0.13565292822731573] 1
[0.05278598724134768 -0.22896632701653336] 0
[0.01176455641957815 -0.041485537335469426] 1
[0.058136282310529794 -0.23216006999478642] 0
[0.050561965127830004 -0.2483252630209899] 0
[-0.06354430258127124 0.30359331895975455] 1
[-0.0541121073822258 0.299207601248238] 1
[-0.010294815320252918 -0.20574808322668026] 0
[0.01829983754100358 -0.16132475839267657] 0
[-0.028929425978193753 0.1173805414212841] 1
[-0.05311738437202076 0.27448290594863367] 1
[-0.056830701001867115 0.23038642496896838] 1
[-0.05169819183586684 0.20213416168797166] 1
[-0.025316794080687585 0.053178044549034575] 1
[-0.028680617365646477 0.13996231387443703] 1
[0.059037614684046814 -0.23483110932578205] 0
[0.015112416489346154 -0.008071181407108765] 1
[-0.07481241224620538 0.2961841686698344] 1
[-0.012731842175489148 0.1357699478151641] 1
[0.05699983818592387 -0.2550829683355515] 0
[-0.0692244663630418 0.27682101357638894] 1
[-0.014185369242031173 -0.030013385982897975] 1
[0.05817277520128117 -0.2541510020530975] 0
[0.057850420340289824 -0.23618756686203635] 0
[-0.07196569303098044 0.2861113493027103] 1
[0.032326594566714745 0.060296716222281346] 1
[-0.04134100307845488 0.13720133696206777] 1
[0.045986622424189834 -0.24060162520966513] 0
[-0.06634495144153033 0.27897671559477333] 1
[0.05198968678786889 -0.23830292439174947] 0
[0.05375054442733089 -0.252720999182908] 0
[0.04714090927055119 -0.20768854426711028] 0
[0.028021597655272797 -0.1784799231724071] 0
[0.034770365262193195 -0.19576572985277754] 0
[-0.040321416949427896 0.22376135444849748] 1
[0.007435906966656436 -0.12650276948754258] 0
[0.04610059596204142 0.17972384187026333] 1
[-0.058768637650161645 0.23901596049649643] 1

