[0.05022523465957406 0.03735012141802477] 0
[-0.004637115030341039 -0.016680075482531774] 0
[0.021344318636279468 0.04378568105449887] 0
[-0.03437952397940505 -0.059667541545860535] 0
[-0.015889148181665196 -0.028508892441794578] 0
[-0.02235660460694256 -0.03213869405973875] 1
[0.013677319149427995 0.02079939502004106] 1
[0.01252066596464094 0.02144472533288055] 1
[0.0470905416927804 0.03896191458062827] 0
[-0.008142027032325519 -0.005349291080385057] 1
[0.019994930542617143 0.03644307085027154] 0
[0.021301449594964376 0.023782503988696198] 1
[0.017095996199464548 0.017177913295978266] 1
[0.005777446063949025 0.017993008755287983] 0
[-0.01009165448671601 -0.008264026611875464] 1
[-0.018898771113100524 -0.036098130563358005] 0
[-0.021148522280489405 -0.04131557450637588] 0
[-0.00858346787846814 -0.007786413652685968] 1
[0.007671971980233226 0.006194305003139874] 1
[0.0403838885442661 0.03231990564148796] 0
[-0.05097640922044778 -0.050545440899782815] 0
[0.005931666753803374 0.004095618619263811] 1
[0.017485874606388563 0.0167396790376651] 1
[-0.006889971701229105 0.0033084208893580306] 0
[0.010002818794478268 0.017622146266685068] 1
[0.023963853483126615 0.026121386386682963] 1
[-0.00864177608440229 -0.005731046590831493] 1
[0.016205232228452153 0.0206216575677355] 1
[0.00952311918701202 0.006418820673297827] 1
[-0.02390603072577315 -0.03054525633300012] 1
[0.02398963493900594 0.02631683063036014] 1
[0.0175319415694241 0.02737882325687862] 1
[-0.011562621599813718 -0.008928662992510356] 1
[-0.04759387628238611 -0.04632034207601629] 0
[0.023055036761402768 0.02440210845143373] 1
[-0.02015057688131785 -0.02495396811180628] 1
[0.01678407236257752 0.032227427099004] 0
[-0.01946572663805406 -0.019858827110531226] 1
[-0.0032780682485478935 -0.006779570613975656] 1
[-0.005828854446392855 -0.0023511054164696656] 1
[-0.03302677058980556 -0.05391966674271264] 0
[0.008033198445997135 0.004564923807299462] 1
[-0.021921685120689042 -0.01200471177196932] 0
[-0.024312057683405656 -0.04549857217066676] 0
[0.009860062205760065 0.015832585588602982] 1
[0.0199115449051447 0.025270596558903784] 1
[0.04487225368282129 0.02633379327512581] 0
[-0.049841369308718075 -0.05270636711367606] 0
[-0.013425319396936183 -0.00888933781517017] 1
[0.033551748081337464 0.018023284169226553] 0
[0.01911244544864598 0.03328482611154688] 0
[-0.05239709699497373 -0.051549192815778425] 0
[0.019267978195588613 0.024571176255427624] 1
[-0.024586228995659022 -0.028442926436731717] 1
[0.014582780911794269 0.032884832482029364] 0
[0.010704017529908506 0.0118468323167877] 1
[-0.05192234297695536 -0.03948386677071655] 0
[-0.010912038502409037 -0.006894148757888614] 1
[-0.011757204609434687 -0.01870888737364202] 1
[0.018101364788211022 0.018071971709519304] 1
[-0.011732662767398483 -0.01870860985781873] 1
[-0.023471387661467582 -0.022677608222747527] 1
[0.009438141825538544 -0.003749223731209975] 0
[0.013092253792342474 0.020370407845825368] 1
[-0.028018557132473396 -0.05062975773055658] 0
[-0.011612702166737321 -0.018190408481196053] 1
[-0.022972498974729777 -0.02558413929701648] 1
[-0.001211452204308947 -0.0029682303532730563] 1
[0.02295024152763126 0.02576956871342502] 1
[-0.014761705537022402 -0.02165928692707638] 1
[-0.00587487901397021 -0.0025897732058478] 1
[-0.012889978774444803 -0.026067097629355274] 0
[0.020081061250002502 0.042816140244284366] 0
[0.046291687930403315 0.035677781424671325] 0
[0.020848730680250418 0.023643791614135688] 1
[0.014098389921735087 0.00947807246167483] 1
[0.0272663347646267 0.024299841901946943] 1
[0.005424188730064589 0.010903807628191278] 1
[0.015575022877994546 0.026877027432125902] 0
[0.004252178670188081 0.015301024927420259] 0
[-0.015751117433788313 -0.021163303363110772] 1
[0.026205731396636893 0.02895025556542135] 1
[-0.004621272795956293 0.008072948657836511] 0
[0.0026464998940591584 0.005589845475171188] 1
[-0.015598404455851157 -0.023930124130805135] 1
[0.021941498586403593 0.04420973581026607] 0
[-0.022457604042738506 -0.04286543740163698] 0
[0.03255972669826324 0.045399423880603605] 0
[-0.025896982065936727 -0.027252304534666157] 1
[-0.02450396234456028 -0.014476834461831307] 0
[-0.011505476137460231 -0.016856287501556863] 1
[-0.003314020471751787 -0.016053320235858787] 0
[0.025905221288176385 0.015238553134512393] 0
[-0.006445861365028846 -0.003892220279438287] 1
[0.02193561163565581 0.04346707520011016] 0
[0.05334272353872779 0.038249604597009774] 0
[0.04779418406322168 0.036598630841309474] 0
[0.014253518357776235 0.013951770345247822] 1
[0.04461623175114192 0.04811252310010799] 0
[-0.03460483278559573 -0.04923816748277849] 0
[-0.02021538520391153 -0.008055822732222216] 0
[0.028022412245339034 0.04924151680398553] 0
[-0.013630833280487274 -0.01808142200992375] 1
[0.0004855407505029254 0.0037644194011106267] 1
[0.024256103203105325 0.045680319109118815] 0
[0.023329424460977084 0.02710066672682987] 1
[-0.007572370787016366 0.004412558866707517] 0
[-0.02225837175946322 -0.045436977278736246] 0
[-0.03400381040440205 -0.04883487947599967] 0
[0.008612133549301886 0.013435502082069454] 1
[-0.004568789034438522 -0.008503806854740236] 1
[0.019021727186573127 0.02940796174834122] 1
[-0.030957137899046527 -0.044216796081078896] 0
[-0.0035098325289173596 -0.0006734740596888301] 1
[0.016850102775899316 0.03590423400808643] 0
[-0.018817965283017175 -0.024740319700121825] 1
[0.0031883141993790647 -0.004898325822894097] 0
[0.02937087939491842 0.047166252861089164] 0
[0.019930192554664883 0.02601775630119591] 1
[-0.035930517035063364 -0.06252157402019227] 0
[-0.016473144517740648 -0.012433617514518592] 1
[0.017296244239711163 0.025055161479522192] 1
[-0.04668102725888544 -0.04391389186520821] 0
[0.01859518976382711 0.025054076889098924] 1
[-0.01289328273953131 -0.020230590298846378] 1
[-0.020823065623987523 -0.005642174331855862] 0
[0.004339176444595439 0.00814790063460111] 1
[-0.01302787167824753 -0.011986246201697814] 1
[0.03934424145434495 0.048475125655725745] 0
[0.04688756348256875 0.048053465710049446] 0
[0.023315568975614636 0.022460460974583325] 1
[-0.050923703397538524 -0.03895853681824907] 0
[-0.0033564816431057173 -0.01586729459743379] 0
[0.01919925619340409 0.02870382007283114] 1
[0.007238997508322615 -0.0014508048390356179] 0
[-0.00990700142713539 -0.02211744458491719] 0
[0.019178541830778627 0.02733235879775721] 1
[-0.011707189487146497 -0.013549006964905987] 1
[0.012817816487202332 0.01242234611057668] 1
[0.015354466274218272 0.02256038818401123] 1
[-0.02589175408239014 -0.016586918567285135] 0
[-0.039015107598756045 -0.028197635054233956] 0
[-0.02724370947591035 -0.04826631652629049] 0
[0.016466059378095324 0.02111986578984582] 1
[0.03264975763615508 0.017609687675785742] 0
[-0.03393124267454306 -0.020736161316657557] 0
[0.011771310979714102 0.007357883639177713] 1
[-0.025860404273472547 -0.03092583844701123] 1
[-0.014808912108121887 -0.01920457744361225] 1
[-0.014059862316955902 -0.02174807996573743] 1
[0.02312877088276768 0.01959421018036525] 1
[-0.003673905360594543 -0.007819389663314358] 1
[-0.017613505388396476 -0.03642943314792682] 0
[-0.010196646342058847 -0.01575912494459563] 1
[-0.011360753573945833 -0.016381968433134792] 1
[-0.03748631729205486 -0.020764479404879063] 0
[0.03924700116863285 0.044310896893525166] 0
[-0.009343152682730668 -0.014125894560487934] 1
[-0.035459688869932685 -0.04656207683431759] 0
[-0.01307300872635171 -0.018572653946568173] 1
[-0.015447940081331513 -0.013415347240867865] 1
[-0.021541036578281547 -0.020505699622324673] 1
[-0.03360599356693964 -0.047276791686056314] 0
[0.019371222883710675 0.02340929209093389] 1
[0.013614305135756594 0.032474785738793026] 0
[-0.03295034218638673 -0.0550799717305328] 0
[0.05373764704493667 0.04098059057465375] 0
[0.007277203870389853 0.007322501103544473] 1
[-0.026647926154046542 -0.04554772484891603] 0
[0.04956196862935478 0.02850837741655159] 0
[0.02400740884100905 0.02350927192173631] 1
[0.042311128072169864 0.04778287554521046] 0
[0.012795928597492696 0.024123217841496895] 0
[0.03594558297649404 0.023051731068752992] 0
[-0.022126922508660198 -0.021771449468097323] 1
[-0.005804766247390023 -0.009805214484982165] 1
[0.04325307261915273 0.03994377002938196] 0
[0.017806565973380234 0.005815879622744352] 0
[0.002779698271900978 -0.00621428760008887] 0
[-0.05276289917983716 -0.03403771046722348] 0
[0.03123586385830092 0.02282678531504894] 0
[0.04646963982219127 0.0550243946552028] 0
[0.010055256675708339 0.004533126232723495] 1
[0.014449842637157435 0.0278782095134684] 0
[-0.0021242853649238824 0.0004935347469444088] 1
[0.012666780850936312 0.016418539187702794] 1
[-0.010253584754581649 -0.00845071034690385] 1
[-0.0008793521707961475 -0.004314629498685109] 1
[0.01592913230734229 0.013615443177358466] 1
[-0.010539817000372723 -0.006952669793712827] 1
[-0.012805696444439518 -0.018942579244632808] 1
[0.018195220638944146 0.02969545219546054] 1
[0.021259047536089346 0.011632959317123732] 0
[0.012765511265576958 0.028668816000392366] 0
[-0.0049340441998980845 -0.002776366108243803] 1
[0.004073313986963629 0.007850915995153867] 1
[-0.05705923959728271 -0.04175441392164174] 0
[0.012850881619282835 0.019369313924377234] 1
[-0.02797973175073186 -0.041149487052773624] 0
[-0.004384131571766877 -0.007637165379499629] 1
[-0.012645047349043752 -0.020661480276981482] 1
[-0.013042007970398915 -0.016437911758960727] 1
[-0.02325685492968215 -0.05036494733068467] 0
[-0.013579653206315753 -0.008937998000889496] 1
[-0.020063461597658094 -0.022178337509815915] 1
[0.04026408873714886 0.046291516906715846] 0
[0.016406618379777457 0.020096923297676192] 1
[-0.047871523956980175 -0.04758611098872406] 0
[-0.01562415109500832 -0.01676436275317742] 1
[-0.014519033160367628 -0.02125558065789434] 1
[-0.02837545654904274 -0.030797707713673107] 1
[0.022519898619763987 0.030208235707504374] 1
[-0.022437444101150082 -0.040112504526909155] 0
[-0.039141283817742456 -0.03902053819611749] 0
[-0.020480121057627518 -0.009070117093455024] 0
[0.036980214454174064 0.05483110673525785] 0
[0.012922501064020786 0.01645594275185023] 1
[-0.0026247019445028484 -0.013824810996306619] 0
[-0.009204016393918163 -0.013680307424698553] 1
[-0.016696464793257294 -0.022890182951309075] 1
[0.01524575483870017 0.008071028073199836] 0
[0.011851312512699037 0.018410438663859826] 1
[0.008417629478716403 0.0036165791344648715] 1
[0.006368936512373477 0.0038984260273675266] 1
[-0.014849460277835187 -0.012913397936965443] 1
[0.004388624876760281 -0.00855029595474174] 0
[-0.011480858932745239 -0.010305089131515528] 1
[-0.0342641346349311 -0.023626182191818307] 0
[0.014522255126741481 0.026491207580012024] 0
[-0.047051998646029644 -0.023408055896165104] 0
[0.010481893448624456 0.011115561853933554] 1
[0.019535627804921914 0.029062322312496003] 1
[0.02578498952253487 0.042641984554199305] 0
[0.05454730784535235 0.04894393364606883] 0
[-0.01441840456597463 -0.031423386095873335] 0
[-0.018411614379469272 -0.02586985787262333] 1
[-0.03907073236466942 -0.02850812088902755] 0
[0.009490589950599027 0.014990607407419547] 1
[0.03905685302861098 0.03667040778047986] 0
[0.03610623402411139 0.05516675839033286] 0
[0.01582164641542537 0.03391123662702855] 0
[-0.00960323085903367 -0.0073213784537725715] 1
[-0.01981614981258288 -0.022394184759608374] 1
[-0.016487574145952855 -0.019309077149915768] 1
[-0.030352358937648854 -0.052206658073288434] 0
[0.04217587950782485 0.02463799785214804] 0
[-0.02089363932378333 -0.023907732318146538] 1
[0.03225539760787184 0.049271499839102034] 0
[0.017298786189563993 0.03483182952080796] 0
[0.023946297030790178 0.03378996517326047] 1
[0.013021552792966008 0.017893335362175376] 1
[-0.015040722916063655 -0.0132088359513571] 1
[0.0045398011917818955 0.018264278644982937] 0
[-0.018741619361395085 -0.019927111643808094] 1
[0.029945686901277177 0.0454748957169748] 0
[0.01348213698928844 0.01880820052430295] 1
[-0.010510783064147832 -0.017162259308024265] 1
[0.04556883790331971 0.030965872291463855] 0
[0.01995420948259776 0.0414899826430858] 0
[-0.04858514502956077 -0.05113444777249494] 0
[-0.03950669606574346 -0.0273296246918052] 0
[0.04760333384146448 0.04542651905831187] 0
[0.05188769329526946 0.047366720440775986] 0
[-0.012851103768084321 -0.01841681838597861] 1
[-0.019700764938010467 -0.044694751477568996] 0
[0.003892977291197846 0.0014512496748721377] 1
[0.021369932840141513 0.008754637287636782] 0
[-0.033273027408074696 -0.014523281541154717] 0
[-0.06032154296334379 -0.05029393823158712] 0
[0.0462112654809957 0.044739819356334386] 0
[-0.004352009208677168 -0.009311682805612963] 1
[0.020815178725227604 0.027371776072991807] 1
[0.011369627053985235 0.017014168386821862] 1
[0.004343520827171649 0.007063062027964051] 1
[0.021963393896667897 0.02389746510470797] 1
[-0.02302678208115659 -0.04045358743593344] 0
[0.0162556927115067 0.021654350362140924] 1
[-0.0289884568493086 -0.011673268361126976] 0
[0.01449168441218768 0.02088889416300193] 1
[-0.02975819301406566 -0.05377139799284031] 0
[-0.015104371586884834 -0.022798963428092237] 1
[0.016756723051406665 0.01877808686406646] 1
[0.027876345634624586 0.03226109813173659] 1
[-0.022199855502746134 -0.009082533961039734] 0
[0.03149691438436741 0.04419738792847536] 0
[0.02308440385497459 0.04145066663135402] 0
[0.02363337951175068 0.02911225744607048] 1
[-0.009984152072974881 -0.024497828386790297] 0
[0.0022461000222674557 -0.0011108865754141405] 1
[0.0067893795042033665 0.015888744494014225] 0
[0.033012392787566625 0.016696267316712372] 0
[-0.028289149926314983 -0.047688100416587546] 0
[-0.018528531761682787 -0.03892451225978256] 0
[-0.02449341063095884 -0.023168826505619387] 1
[-0.015213919898344789 -0.02183369914690116] 1
[-0.0001232838272527406 0.012043967419513208] 0
[0.009702854566822796 0.015749251769751345] 1
[0.000902037876375611 -0.003145391706301142] 1
[0.025134171914745252 0.01472379250694643] 0
[-0.02402728073107751 -0.014577256370606747] 0
[0.0025485634211158048 0.0014926627213343] 1
[-0.0046060592746838885 0.00947872759795259] 0
[-0.02166827669019247 -0.026786820349946575] 1
[-0.040342896613140826 -0.051524959090537746] 0
[-0.011094432606807998 -0.01784869565591862] 1
[-0.012864636402839313 -0.0216369807332455] 1
[-0.0043889384565350565 0.00022345859642000486] 1
[-0.021934932597897118 -0.009959796094414487] 0
[-0.0219433436638716 -0.02304311781706754] 1
[0.04943571560315093 0.03557973260556621] 0
[-0.037075974754879906 -0.05442940845379162] 0
[-0.010193466555672857 -0.007075072324282429] 1
[-0.017347981629580365 -0.019934228193125392] 1
[0.012805593328204929 -0.00020720330777499737] 0
[-0.01983157792689349 -0.02160841052615075] 1
[0.05493372298811958 0.041253073621865075] 0
[-0.05010066166705956 -0.051830437006995626] 0
[-0.03235845783471872 -0.02549648626259457] 0
[0.010736345006831457 0.01559434356709663] 1
[0.02470940771857349 0.021618169621504858] 1
[-0.021450408051799097 -0.03069498036899725] 1
[0.048918789181741765 0.05510742683351555] 0
[0.02380506474252028 0.04256845116994651] 0
[0.04267781317840355 0.04016848313119769] 0
[0.020428897441579386 0.010304317511297671] 0
[0.024072254587831195 0.028675393947465808] 1
[-0.004848636281735187 -0.009419545554593792] 1
[0.028044737198134703 0.013192435279853724] 0
[-0.005491447318355705 -0.019779430733054958] 0
[-0.03173501803639791 -0.05295942653063174] 0
[0.05555656448879123 0.034963838881837704] 0
[0.005585585427638276 0.003042372765853816] 1
[-0.018280231300671995 -0.017232179281828484] 1
[-0.026344406386842757 -0.04111667706733883] 0
[-0.02033185977117275 -0.02543738621126683] 1
[0.005261156966085754 -0.005452773064525698] 0
[0.02384067779220675 0.026466285482110816] 1
[-0.022208569749413747 -0.022111511040173237] 1
[-0.023818964691732225 -0.02212837932328572] 1
[-0.003755847972862549 -0.002220311229945406] 1
[-0.0465343652521307 -0.044545892225435244] 0
[-0.003997504029581737 -0.007374995149212719] 1
[0.01730591761039723 0.023556901086445925] 1
[0.020158186212915354 0.027464784984358503] 1
[-0.007176897740134634 -0.0038545866738597927] 1
[0.01974811604857913 0.023376003969214076] 1
[-0.04940840733703722 -0.057733971778852665] 0
[-0.04559370064759651 -0.0516688031782535] 0
[-0.017883382469146836 -0.02490302529324631] 1
[0.018177105345978037 0.01802540506868537] 1
[0.036614161566553165 0.04498757247821035] 0
[-0.05362946486357271 -0.03798540842264895] 0
[-0.05473839561362974 -0.045866722811968845] 0
[-0.016348162174797082 -0.011679596772496014] 1
[0.028762658936023703 0.050533466374686364] 0
[0.015390429806086087 0.011963475276085503] 1
[-0.014310898630674517 -0.012261957962000695] 1
[0.020846526449518222 0.04098063729614977] 0
[0.007809804154178063 0.018372086159370825] 0
[0.032033707364907626 0.044941611362013356] 0
[-0.02129114828657233 -0.030208620269858898] 1
[-0.041263899309735945 -0.029566023438136125] 0
[-0.060754343448327565 -0.04343176197583543] 0
[-0.04024905539797777 -0.020797691304614372] 0
[0.011797196648517944 0.01847217218261678] 1
[-0.04178570447765449 -0.03391071490889004] 0
[0.027723184286544023 0.027904535280390975] 1
[-0.018658364041134398 -0.023873875242747887] 1
[0.011825258104119784 0.011355260523147281] 1
[-0.018967664202318872 -0.033849227019088726] 0
[0.014886809845001554 0.01345437499810091] 1
[-0.03640679784969429 -0.02100440580918274] 0
[0.0080635642703052 0.020129465092469805] 0
[0.02621171079966881 0.04687221173775756] 0
[-0.01877470928049938 -0.021214439563984184] 1
[0.03685967974235482 0.047853172165862934] 0
[-0.0578746712159915 -0.031168088583976072] 0
[-0.007152336001554257 0.006235088262850699] 0
[-0.005535668909312834 -0.0067524021630940186] 1
[0.01834032580653866 0.02671560677640057] 1
[0.021023517591639687 0.03762919333138777] 0
[-0.02118346318230023 -0.028941286753148023] 1
[-0.025191734182233333 -0.049165400399775204] 0
[-0.025326592561417796 -0.01749097162566144] 0
[0.004059991882801258 0.002357628372977129] 1
[-0.01632538119329592 -0.03418489490578464] 0
[0.009954962784702544 0.005712605444779346] 1
[0.02712603448810559 0.036057224081376474] 1
[-0.0429149650021303 -0.03393880661002212] 0
[0.05142614959146475 0.04652909870225255] 0
[0.012977668270598857 0.016223473836399327] 1
[-0.006009946549891749 -0.004121894714805865] 1
[0.006380015520366887 0.011618134519966598] 1
[-0.008383832606313913 -0.0047772841928156624] 1
[0.004024788930946887 -0.006426352743021564] 0
[0.02189475542492783 0.028246788184384822] 1
[0.047123202695906585 0.03778467013336783] 0
[-0.0201195181361101 -0.022402169855798924] 1
[0.0035309266096398735 0.005717021805439376] 1
[-0.028240619016510017 -0.014250413629184189] 0
[-0.03743124593744769 -0.051888683955913534] 0
[0.04115240580963736 0.045907301539161983] 0
[0.01496900068431737 0.02837162058625336] 0
[0.026293459785827887 0.02848432737358341] 1
[0.04047989643643877 0.05331416447261521] 0
[-0.017984415639479945 -0.02638818343632996] 1
[0.030099970078593143 0.048335474839120804] 0
[0.04286750441148687 0.057799325661186826] 0
[-0.03898787919288717 -0.052115549226123534] 0
[-0.018963855444189187 -0.03623495876976131] 0
[-0.0282259390430872 -0.049947840894326204] 0
[0.012667086547102612 0.018445678842505336] 1
[-0.0016749854591094787 0.008351435401663455] 0
[0.04353426202636252 0.04765610200607581] 0
[0.019235694300102975 0.03804454747045366] 0
[-0.009886898977400253 -0.015786488653083474] 1
[-0.04042789753615147 -0.040794605961191964] 0
[0.006407198611844541 -0.006227578414778678] 0
[-0.032835277995892434 -0.022221231916886144] 0
[-0.005907452789427307 -0.002197623479692875] 1
[-0.026426629381103517 -0.03558970079594238] 1
[0.029988883823294506 0.04933669206791744] 0
[-0.018294125109451283 -0.03894644379751057] 0
[0.02368824647655957 0.04651144753505393] 0
[0.01934457075674729 0.03893104678864487] 0
[-0.028394181692520858 -0.058834513995659976] 0
[-0.014732649969953663 -0.02075050200037385] 1
[0.0181432822339573 0.01481114162220334] 1
[0.0014654925601081936 -0.002088309736678646] 1
[0.02474172068901807 0.029015354831806926] 1
[-0.018861328610095207 -0.024417991165279783] 1
[0.005306133793972295 0.017007313789332276] 0
[-0.02234758657690885 -0.024325561423015278] 1
[-0.04565400260671812 -0.0450656127768898] 0
[0.001431795052948815 -0.0007316227477049957] 1
[-0.052200142742190814 -0.04139695783958576] 0
[-0.05619230028860951 -0.04685015737041433] 0
[-0.0016731413177234608 0.0035141629517319705] 1
[0.05329002534850842 0.0480275200858936] 0
[-0.03724460902366172 -0.05495673680176502] 0
[0.030040513637688594 0.03271172257088123] 1
[-0.0063209042849699856 -0.011417556925391644] 1
[0.014407429078706138 0.02395239070824616] 1
[0.02425629966790925 0.03113233806942705] 1
[-0.036784212194465 -0.021312778179234975] 0
[-0.03346262207754576 -0.043963852462723746] 0
[0.039324629893390736 0.050947542611683674] 0
[-0.01451281227036728 -0.0043324347764118806] 0
[-0.04062961205961247 -0.021964846628089493] 0
[-0.02264568055829133 -0.029289220341198793] 1
[-0.005683572852083605 -0.01533736455623903] 0
[-0.03213607551295861 -0.031273424641477414] 1
[0.032072821689387895 0.039788989771732314] 0
[-0.028474319068266443 -0.04346602110067819] 0
[0.023010846588590733 0.020195410090244996] 1
[-0.015406012893277858 -0.023357404328607133] 1
[-0.05716004307244421 -0.037893325970439984] 0
[-0.04069113164276291 -0.02474236928005382] 0
[-0.000953066162110707 -0.00542478111852261] 1
[0.016993611106657078 0.023322502480687755] 1
[-0.030073742301391957 -0.019948700218040814] 0
[-0.024426668749893833 -0.025236819382323337] 1
[-0.025531273913719635 -0.012592109340948607] 0
[-0.006252674411359281 -0.004190395174024733] 1
[0.016507797850777134 0.021666463022716194] 1
[-0.00425748589957087 -0.009844680113140998] 1
[-0.034105056252967995 -0.05202866768572889] 0
[-0.0022105946360560557 0.011640954987652082] 0
[-0.046177803167466294 -0.04091599798522859] 0
[0.030977580129163417 0.04999847042822558] 0
[-0.019708102580856795 -0.019549405655019173] 1
[0.003204214348719492 0.00010382101241743371] 1
[-0.02687224357332739 -0.016359837247282825] 0
[-0.01634677768757791 -0.02556445506031165] 1
[0.01765932138042651 0.029360997754224107] 1
[-0.015190757892760256 -0.01920120686272928] 1
[-0.019229705028412612 -0.024888688841527215] 1
[-0.04861501679351607 -0.04112066624183072] 0
[0.003179317897462371 -0.007443381897787274] 0
[-0.018630968489548348 -0.02298440153779087] 1
[0.011141805533383743 0.015875440990179963] 1
[-0.0009458371944815804 -0.012962781087655003] 0
[0.01805445878349582 0.033808495553346085] 0
[-0.045500242607104516 -0.03259533031830261] 0
[-0.014487748649574975 -0.02253595546496527] 1
[0.004624356927064524 0.009230264980849624] 1
[-0.019307775259657288 -0.03873743133487985] 0
[0.01755948531139282 0.02461922671067092] 1
[0.057747325925902995 0.049853409494774195] 0
[0.05520834530623733 0.038163726850316375] 0
[0.01966229435274877 0.009866340708095039] 0
[-0.0208258701223673 -0.0394593183933836] 0
[0.01681849456454653 0.03529584430167847] 0
[-0.024391396241644415 -0.024331176397013526] 1
[-0.02613615043462457 -0.030144277269771848] 1
[0.012248998351751333 0.019199489787172792] 1
[-0.04051836440525919 -0.050754423075611975] 0
[-0.042665077452052065 -0.0333343433865768] 0
[-0.04154943862660912 -0.03176652531926171] 0
[0.004373986032015477 0.007920183530565495] 1
[0.01905222072089516 0.027327793298005033] 1
[-0.02793975064130364 -0.04594133138992498] 0
[0.01872401695927767 0.04110358379468726] 0
[-0.007113224278520542 0.005642406441718949] 0
[-0.02131652155141247 -0.029186318744498348] 1
[0.00875367748443328 0.006243667901925314] 1
[0.019028232540434654 0.021526514867460177] 1
[-0.03547881821386316 -0.04669036535162983] 0
[0.027525792213335475 0.054672643343892505] 0
[-0.010227366130020153 -0.01410264073793717] 1
[0.04620135108124915 0.045018857928173506] 0
[-0.03860638732602587 -0.03702748592494198] 0
[0.01710148375689905 0.024492372158140194] 1
[0.004566850474375316 0.014887002978486948] 0
[-0.0020994956079540966 0.008758831652510114] 0
[0.01047089626611726 0.015321898850602337] 1
[0.026266719758124887 0.027049805182149212] 1
[0.013572721602479555 0.02094731535054683] 1
[0.022354734839436455 0.01876785267292721] 1
[0.01827468215356262 0.03349506692120173] 0
[-0.04757459801241414 -0.03878577353363781] 0
[0.00896893612800699 0.013371195918731024] 1
[0.006780039878167908 0.021415100220099237] 0
[0.014213398048119918 0.013234260034268098] 1
[-0.04561972791780965 -0.039412428777339276] 0
[0.027554039350188547 0.051874810454839014] 0
[0.028896888166290397 0.050477181256472416] 0
[0.055494641573173444 0.05112293498839754] 0
[0.00536080951052155 0.015816656606160235] 0
[0.04637946266537555 0.03968246248733799] 0
[-0.0037685722664352233 -0.0006960718527229774] 1
[0.012866710240818272 0.01793345040730275] 1
[0.04141143142038248 0.04115265215938682] 0
[-0.019972614474542422 -0.026301664300944452] 1
[-0.014788732810340467 -0.02918127996075456] 0
[0.018030615091270748 0.017315212532069073] 1
[0.00771117664992416 0.019382881093759727] 0
[0.04536515598840935 0.0382771012055209] 0
[0.006120544396005554 0.017008498317943904] 0
[-0.0041507839701167785 -0.007753349530777293] 1
[0.019144538265618044 0.0401670055345751] 0
[0.01524737711287447 0.02266679539514055] 1
[0.04554928264450363 0.0515619634741229] 0
[-0.01601105388077253 -0.022024458450993063] 1
[0.023161809047762192 0.025906794825284178] 1
[0.005911235916040005 0.0049247393017554] 1
[0.005206553725832648 0.009973990274419586] 1
[0.04659885367209356 0.02442892903489875] 0
[-0.024652086312336147 -0.01931549744534401] 1
[0.009886569535337328 0.015854914858445764] 1
[0.006318280924776229 0.009910215417219925] 1
[-0.016932974249800763 -0.019509021366251184] 1
[0.018573357671503844 0.03466490304818998] 0
[-0.00900864216547636 -0.0210040509029364] 0
[0.020316144235572386 0.008586620516755673] 0
[-0.017971557679176763 -0.02215965385757951] 1
[0.021638781389009314 0.031044594399751282] 1
[-0.004192939110511105 -8.008384782634949e-05] 1
[-0.01754583646347001 -0.025902062268517025] 1
[-0.0276534761485732 -0.028177452239186267] 1
[0.01888271171456989 0.023160909732708686] 1
[-0.05054370069232821 -0.04621239763231605] 0
[0.027744655490646024 0.01272546049310636] 0
[-0.015143532581181271 -0.006600574157255381] 0
[0.01468323376069694 0.030989172258064995] 0
[-0.01995584728127206 -0.02012483881472605] 1
[0.052188030023136045 0.03382412646473257] 0
[0.006408467266806888 0.0037464500606045597] 1
[0.016020777357537815 0.03220085947714124] 0
[-0.032286957228556505 -0.045265073182325505] 0
[-0.0200342682752657 -0.026665834734081156] 1
[-0.009825057318306445 -0.015783958068310802] 1
[-0.00391464913376131 0.0024790392324474603] 1
[-0.05471533083080635 -0.045267997257510656] 0
[0.020905101633314303 0.029766080825744515] 1
[0.003339981735120553 0.006776660262485198] 1
[-0.016681762888315407 -0.031215633103129484] 0
[-0.008028423194780096 -0.005429181206720448] 1
[-0.002619572169759858 -0.011637916936336] 0
[0.05317524927966601 0.04973879740708087] 0
[-0.017138782346066035 -0.02558813777530302] 1
[0.014264604055816546 0.00301967309406849] 0
[0.021885413492152124 0.042615448880873874] 0
[0.03172064442404245 0.05078797561667968] 0
[0.04059144507520395 0.030987841078857884] 0
[0.01278233834660242 0.018274281796644032] 1
[-0.0075072093860949944 -0.005739524015442731] 1
[0.035353938326888226 0.022921823148119774] 0
[0.050457171034467715 0.04328985204725408] 0
[0.012640720952484785 0.025833304748382545] 0
[0.014441249408249378 0.01913199178605009] 1
[-0.030246261270255842 -0.05305442087546654] 0
[0.04466767038516936 0.021947164892792106] 0
[0.005278801606805262 0.0066969707210655606] 1
[-0.034066863867774355 -0.05615921537548807] 0
[-0.003656947728876272 -0.00704399553791276] 1
[0.01316517804216542 0.018372752072952008] 1
[-0.021408534974395897 -0.02484632154666267] 1
[0.04971617372022272 0.03102808882685011] 0
[0.01853329753512125 0.014727535538522175] 1
[-0.052619381766355514 -0.05038945666999041] 0
[-0.014592216970334781 -0.017532488667139398] 1
[0.04063962105537365 0.05187915722671113] 0
[0.019112319554342696 0.019067229322585186] 1
[-0.013398422080757467 -0.016098265550636023] 1
[0.011260217193002103 0.01619207168357544] 1
[0.040829917387415655 0.0420459209832596] 0
[0.01672044891485195 0.01887185009069286] 1
[0.012340980557620389 0.018256464062942863] 1
[-0.02434509142719522 -0.04324984028354348] 0
[0.03956129891106229 0.05284309780669584] 0
[-0.008127197510570155 -0.006726770154591662] 1
[0.05561876697558184 0.04467308690602895] 0
[0.012155552671571705 0.010737504468667877] 1
[-0.016686824549120925 -0.011362463521069347] 1
[0.005933830552707818 0.018618483235278704] 0
[0.02017838386178584 0.044097025747695195] 0
[-0.012509715961489462 -0.017665565607323654] 1
[-0.0401656170494437 -0.028367695572228874] 0
[0.029568154212452652 0.05829910152135164] 0
[0.060143036331111704 0.03628423833366089] 0
[0.05567367160688856 0.0501542511906123] 0
[-0.018297571709728195 -0.03532100275891488] 0
[0.02291529769612964 0.0239146843879498] 1
[-0.012564575402874626 -0.019918682260735843] 1
[-0.017088161145125902 -0.02097654991310323] 1
[-0.04763228033182222 -0.03380435285708035] 0
[0.017000243598284066 0.03664408169089929] 0
[-0.03619348684094473 -0.048536885040307204] 0
[-0.01188953061582486 -0.019644094930088903] 1
[0.015404826708115887 0.02200629220881422] 1
[-0.011762870652806071 -0.008921225036591006] 1
[0.029775215938147553 0.03808797811951327] 1
[0.021307711265786716 0.03959925547152461] 0
[0.03424303829516273 0.047616669502084666] 0
[0.05497149261381622 0.03330777221263279] 0
[0.032897897942744954 0.055804237671823645] 0
[-0.017902042059308024 -0.022160561022544344] 1
[-0.018394662387495778 -0.007605298130932761] 0
[0.01885432523325658 0.017419103553289385] 1
[-0.025070584970566426 -0.04637428545942571] 0
[-0.017282176124663803 -0.023548262105769213] 1
[0.00908470520265753 0.0033647613805900378] 1
[1.6651754941322713e-05 -0.010253120733991667] 0
[-0.014044295332463508 -0.03131329315283239] 0
[-0.01950738921341487 -0.021518603493865925] 1
[0.011810247332403486 0.008047564256117672] 1
[0.00898058651445307 0.003295878603542911] 1
[0.03134846266774825 0.0516768677527673] 0
[-0.009961587560310674 -0.01074778482877621] 1
[-0.03360941326926322 -0.051524629529313214] 0
[-0.0028417733914211916 -0.0055612694697861065] 1
[0.016296300427481175 0.023758644540341864] 1
[0.023972995059618335 0.042778335157209524] 0
[0.021090986025241967 0.05095397461319559] 0
[-0.007224690308000416 0.003943629474584763] 0
[-0.022400405382694315 -0.024619618740387962] 1
[-0.01488386479146955 -0.0044001637468261915] 0
[-0.021757992196920012 -0.018103034732600234] 1
[-0.01725350278667605 -0.0038941671607276764] 0
[0.028197488024397 0.04526379061963995] 0
[-0.042607334391020976 -0.04757542981019629] 0
[0.021665358704297498 0.027220946710343835] 1
[-0.028749438244762594 -0.015695437628622435] 0
[0.004273513255196758 0.002647761558872414] 1
[-0.004621108249172296 -0.013323836309826604] 0
[-0.027094576101516374 -0.023749493107535883] 1
[0.00013334376190512792 0.01127762999864498] 0
[-0.016097207381359842 -0.016548802746284126] 1
[0.021364324826745766 0.038001738153772335] 0
[-0.00451360689556962 0.0057549160839151445] 0
[-0.00330341355918816 -0.010498993218765344] 1
[-0.017585730528462677 -0.01848409986980508] 1
[0.03659495009833748 0.020643199579221075] 0
[-0.024754741097889874 -0.034442820342555774] 1
[-0.027849537491694477 -0.04224568215661216] 0
[-0.022545569773161744 -0.05809159811693626] 0
[0.002815989305766555 -0.008428827579582222] 0
[0.04027590904375121 0.026826890328181557] 0
[-0.019234783982299324 -0.028481230699463747] 1
[-0.01983709973852585 -0.0430780646183053] 0
[0.02133014534523653 0.01930130302600979] 1
[-0.023102966045076404 -0.055735364365069165] 0
[0.04999833790917721 0.030368932038224883] 0
[-0.037673148353120106 -0.029120877084714898] 0
[0.0037185493271973025 -0.003347470807850383] 0
[0.0198551255547773 0.006827141471680639] 0
[0.031946229111362516 0.04741326780884669] 0
[-0.000886973984699809 -0.013358071564433697] 0
[0.004420748595535888 0.0018782680367992427] 1
[0.0030953491440825027 0.00014004441535444168] 1
[-0.006786251358292642 -0.010556182755596699] 1
[0.041267319490612714 0.04082589587956176] 0
[-0.022683910612763827 -0.021319018103434076] 1
[-0.014655237570321765 -0.024012221235743876] 1
[0.00600262781043906 0.008335199572304478] 1
[0.05368278579351601 0.04584059413260519] 0
[0.022892810959993806 0.026638422220980895] 1
[0.019877363794676847 0.015100448583007577] 1
[-0.01839986860312289 -0.017422375352662355] 1
[-0.022722075871010338 -0.04731698642457015] 0
[-0.011490965325422976 -0.017470828000471623] 1
[-0.027188788715041608 -0.05250692919444046] 0
[0.02534415259208292 0.03160490859513099] 1
[-0.021853572844009045 -0.028416867889696114] 1
[-0.03689985317976009 -0.02030533935897136] 0
[-0.016304159498106804 -0.016523642153193338] 1
[0.029732506158999472 0.03728860612915344] 1
[0.009535481695833996 0.009236284213043703] 1
[-0.00786330433666871 -0.007042574251222905] 1
[0.03260099869675461 0.017999404259973983] 0
[0.021656208103760125 0.02918723442783101] 1
[0.02073031183277726 0.025961639624082954] 1
[-0.02692751296573443 -0.05020240919329019] 0
[-0.020635619994037263 -0.042076340969470036] 0
[0.020188028580272594 0.02584291791494333] 1
[-0.025482830786048148 -0.05028950494299356] 0
[0.016739170057791047 0.024407284033929815] 1
[0.005865708099835726 0.004829939492956614] 1
[0.004466397993918923 0.008276712838224929] 1
[0.0006204778423013452 0.004022507594074205] 1
[-0.04661174976747109 -0.040028911683034823] 0
[0.042391330823639065 0.047040776058605877] 0
[0.039366193691116685 0.024562267932264868] 0
[-0.01850225988864071 -0.027395230016159913] 1
[0.017954733853221706 0.02599989779128186] 1
[0.017311921121148665 0.01646230645139926] 1
[0.004018432152073094 0.01049205075479857] 1
[0.018180952654400187 0.027419949491934367] 1
[-0.04720154398375836 -0.04169355986837159] 0
[-0.018291156026040575 -0.028292603596915322] 1
[-0.016953811191260555 -0.008072242188606582] 0
[-0.03200800112160928 -0.04945186427989898] 0
[-0.046143971665916134 -0.04320847819802472] 0
[0.022864361511673727 0.028986263537999823] 1
[0.03585644755270609 0.05029725725285998] 0
[0.025090079600911124 0.04907589096448967] 0
[-0.024631652696099456 -0.04863133071821574] 0
[0.034456386636337516 0.05546486205121966] 0
[0.014786497721168143 0.022544183267422503] 1
[-0.01965554415307586 -0.016933190901088867] 1
[-0.01831056058225062 -0.019129973567037967] 1
[-0.012967039734980023 -0.02657441711519227] 0
[-0.010226300885676876 -0.023777349687768425] 0
[-0.012043197428197368 -0.031026543324686677] 0
[-0.04561055667433338 -0.046701643489545516] 0
[-0.006663781942227048 -0.010259530708446853] 1
[0.021498686769566067 0.01287888270505177] 0
[-0.017157009626833315 -0.02509247342825939] 1
[0.012487706313667638 0.026576345339308558] 0
[0.027480786248066942 0.03662536988961714] 1
[-0.013921928510834094 -0.020564007039252055] 1
[-0.04118206923078854 -0.02980897498082298] 0
[0.00959876187413752 0.005705558446416112] 1
[-0.002424571772573058 -0.006292638816680686] 1
[0.037279573242849105 0.020397146114231778] 0
[0.022335547986835944 0.017484342663669765] 1
[-0.06532542509698788 -0.047135627366015384] 0
[-0.011151345861224049 -0.01253939197401644] 1
[0.009231323555749654 -0.0032046922045785905] 0
[-0.01564427098817692 -0.021949652271409992] 1
[-0.039079010663771535 -0.05150356292940157] 0
[-0.02305142336102964 -0.007302168983484677] 0
[0.008856637676024025 0.012567081891397948] 1
[-0.029439995795658647 -0.017343020097992268] 0
[-0.012992930291448185 -0.017732690096093368] 1
[0.04500040531800169 0.04795548949639178] 0
[0.04277507553155123 0.03800802518620789] 0
[0.01873682748381643 0.019113668266575526] 1
[0.011367893745945618 0.008688639824131168] 1
[-0.020122423531321085 -0.023725960958279883] 1
[-0.015517347036104787 -0.0020884967206002375] 0
[0.004633109010779639 0.01834562864604162] 0
[0.013424611116912791 0.011879768686091507] 1
[-0.0274258044605456 -0.015510153173107707] 0
[0.005502931806802112 0.008642678979108228] 1
[-0.011260355822579511 -0.009230951935270973] 1
[0.00511394553575119 0.0011308224733870603] 1
[0.020133741799053535 0.02695856207526201] 1
[0.024576742647989543 0.045859790889555885] 0
[-0.026199663201325864 -0.012368942404152743] 0
[-0.01780323702825986 -0.015625291396410855] 1
[0.015205255448345771 0.002808974108636732] 0
[0.03937231614453493 0.02225776784756364] 0
[0.018799002334737684 0.018492750267824834] 1
[-0.003835704277518702 -0.006926993976495476] 1
[-0.016275720557143894 -0.023664737188074852] 1
[-0.0028750154048583767 0.0016007196845304003] 1
[0.016270036363721523 0.014931280255728875] 1
[0.04768034188543139 0.03106060691499135] 0
[0.05522374321702923 0.056186079228281456] 0
[-0.007965020531116786 -0.021668559302282286] 0
[0.014211313183145204 0.023089020018527633] 1
[0.022930678107025756 0.04127599288644844] 0
[-0.02252165116200848 -0.012510221185472726] 0
[-0.003290178552861741 -0.01344599037339287] 0
[0.021994411506734 0.02415426194115462] 1
[-0.04672678941832054 -0.04718756001128769] 0
[0.000567321846968648 -0.0003631838580274387] 1
[0.02192728645801551 0.041076030465848186] 0
[-0.02308891134141358 -0.02324215562147395] 1
[-0.010777173170501449 -0.015517109942255055] 1
[-0.02704520840844398 -0.04937784009080254] 0
[-0.010576292334543172 -0.0035691010736273346] 0
[0.01637528605098944 0.015387941853786917] 1
[-0.023781668794511934 -0.043218918467882776] 0
[-0.0171107109914398 -0.03909530534285306] 0
[-0.010816510918816497 -0.002185105139825162] 0
[0.014851207404320495 0.0060411263065011786] 0
[-0.016368298960717294 -0.02605327845145437] 1
[-0.042750717157548294 -0.051327765847382134] 0
[0.06389893160414875 0.04956658153916458] 0
[0.021452799544430058 0.025789314458244648] 1
[-0.010658779506559055 -0.014511003104264907] 1
[0.008815776890983576 0.015332434904300425] 1
[-0.018120622828923946 -0.015546496887553139] 1
[0.05012046145277814 0.03629877898260442] 0
[0.02564154178910038 0.048376646392433276] 0
[0.007643264013079909 0.016565983571064917] 0
[0.04507830998075063 0.05758358674195872] 0
[0.024243554349588914 0.024595449794251364] 1
[-0.021852776481226382 -0.019623920938641418] 1
[0.02066904130837774 0.008554175273924816] 0
[-0.008389568523081387 -0.007029325959512037] 1
[-0.04654947681494087 -0.05555453337862486] 0
[0.030462989790821966 0.012917348778826386] 0
[-0.015393181147559058 -0.030606323724180297] 0
[0.014416401597538639 0.0068709801449546686] 0
[0.025437091901260082 0.029077277082219383] 1
[0.0035994236211609495 0.00950545472763616] 1
[-0.02100043536054691 -0.026763583321821906] 1
[0.01312127139096007 0.010148801923319307] 1
[-0.008739202702230782 -0.01901149241855488] 0
[0.005487535981256099 0.017147276659996692] 0
[-0.005328222434327606 -0.012575116122865802] 1
[-0.01867314749403895 -0.027804560161300004] 1
[0.02302078640167768 0.03321421526933502] 1
[-0.0211749299118826 -0.026546351851324118] 1
[0.04850023360112361 0.05155886204848452] 0
[0.010239752884404197 0.015223998666916002] 1
[0.02148987544042749 0.04092123248145518] 0
[-0.017444577348138438 -0.020401890183968242] 1
[-0.021466668725182922 -0.041552782330456284] 0
[-0.01375059155511008 -0.025214547493916467] 0
[0.0014736462856764583 0.008084536207950034] 1
[-0.02680709078367383 -0.04693908262308368] 0
[0.023339466232013814 0.022628591790597976] 1
[-0.022690252772862837 -0.042492039120939434] 0
[-0.028248732061164374 -0.03644855173875085] 1
[-0.012267005074332996 -0.016025373839430448] 1
[-0.00558916441133268 -0.017079224564930287] 0
[-0.05314779397655292 -0.04205838727176589] 0
[-0.007333795646340608 -0.011679426970083333] 1
[-0.02432312051809872 -0.017364870399904732] 1
[-0.017979277029433825 -0.03459949050864679] 0
[0.01112728556473731 0.017204682884052525] 1
[-0.032542496797760626 -0.0605221132568907] 0
[-0.015266178758499532 -0.027429800301824] 0
[0.023616575453154855 0.027747988220058455] 1
[0.0208321171425023 0.0222893714780125] 1
[-0.029028607928749006 -0.03533375120373004] 1
[-0.00319721927285955 0.00010786736552122105] 1
[0.027243415455111067 0.012813523305336996] 0
[-0.0012790870960705711 -0.01417969959001553] 0
[0.0015467325462722795 0.00497649118582087] 1
[-0.00015232959630018098 0.0030540591236085744] 1
[0.02327128030046586 0.04662187923431293] 0
[-0.01376236209898523 -0.01074107341300794] 1
[-0.03974903073697758 -0.05105172872451941] 0
[0.0575641870928431 0.053857449326870185] 0
[-0.0183350367979944 -0.018826644124368488] 1
[-0.015299358533534146 -0.019599597587763595] 1
[0.0077258570546555674 -0.00533361210669505] 0
[-0.04295063728536436 -0.05247513744383596] 0
[0.017992961060423904 0.022895239890555433] 1
[-0.00607636231814749 0.009625090108091483] 0
[-0.01466990618258866 -0.006962169849568019] 0
[-0.04801876149764217 -0.04836252246820655] 0
[0.015826063852463497 0.02290492196944742] 1
[-0.026738287182261844 -0.03254772894836461] 1
[0.0012858281111825147 0.004300087920560189] 1
[-0.006611768409645058 -0.004574706266368568] 1
[-0.0013579906904702082 0.0010317188189385561] 1
[-0.011208888206911906 -0.01658874799280502] 1
[0.018152909652752645 0.03827664672930644] 0
[-0.013864889894132829 -0.010429496428221188] 1
[0.016357578946760723 0.027968901293384606] 0
[0.002694672465364065 0.003954122132457242] 1
[0.0057331798817131276 0.008982479696728295] 1
[0.004270675706505547 -0.012374282817826847] 0
[-0.02521838417249693 -0.03141387460374755] 1
[-0.01256085462711114 -0.019301028431240833] 1
[0.031041697598326486 0.016164440027687636] 0
[-0.015214079845597903 -0.0228249592250366] 1
[0.0038892592028835233 0.0012376026269022347] 1
[0.02365041377641136 0.041232782082606195] 0
[0.038449312175322735 0.029337309676702304] 0
[-0.018286717138109868 -0.00557859397021601] 0
[-0.040658660745892125 -0.028954120933318575] 0
[0.01829274866545784 0.017405165091074093] 1
[-0.023588512569876523 -0.050827769950774856] 0
[0.01816885655938784 0.020765328452805418] 1
[-0.0162608671934895 -0.030306812112356384] 0
[-0.02132067725779938 -0.041696303132566045] 0
[-0.03732927713119566 -0.03012448966919217] 0
[0.022603320035553962 0.047639160886844265] 0
[-0.01510705554769582 -0.030150760806825445] 0
[-0.02153658221951036 -0.04235522137879874] 0
[0.014980573562455544 0.024332012000122246] 1
[-0.03941951705903371 -0.036391376192750916] 0
[0.004076979384534328 -0.0010877804783202124] 1
[-0.005644693421506418 -0.009584511541024326] 1
[0.019807666745882718 0.018890600552242266] 1
[-0.023497830720006566 -0.03814683896125525] 0
[0.023756991883049847 0.027597204318618833] 1
[0.022531612561166925 0.009010843530852212] 0
[0.03970136153696845 0.025426316267368944] 0
[0.04115825803973155 0.049341884385724094] 0
[0.025347550030401435 0.055895246707289195] 0
[-0.017104829636840048 -0.03456309455351939] 0
[0.01975009192441267 0.02939534963937612] 1
[0.05213197006553537 0.03741158862997559] 0
[0.019761953021851797 0.02088069311647439] 1
[0.010286333058456224 0.008603739329805429] 1
[-0.013721364795773707 -0.004241847865902886] 0
[0.03444670192016783 0.01690693320932804] 0
[-0.01368024805886705 -0.0178048560254898] 1
[-0.019633403691299393 -0.037283447585044066] 0
[0.018491133502833226 0.02260706486457633] 1
[0.038439037478083554 0.03698975296407772] 0
[-0.022715050437476042 -0.025538017887423464] 1
[-0.04746396695613766 -0.05199584112328245] 0
[0.001064475208431201 0.009936829355290508] 0
[0.04221555031031872 0.036125414256462415] 0
[-0.051218098496431934 -0.03236483722489092] 0
[0.04992836768755721 0.05131428935275319] 0
[0.005743869601545465 0.0010189109878328073] 1
[0.029552065248793828 0.03550275796531697] 1
[-0.0001697593468843206 0.0027964011258192157] 1
[0.03966420192881734 0.04549471433187054] 0
[0.017546037457167783 0.005283584413066299] 0
[-0.01974052367482476 -0.0056923976184029956] 0
[-0.018545989083827465 -0.01689637986819778] 1
[0.00030175808456634466 -0.0032860892997087442] 1
[0.016051293111786463 0.01785779548870666] 1
[0.03059045219356313 0.01704842675516955] 0
[-0.01701571150410043 -0.040902316094979005] 0
[0.027264318414724126 0.049505458782033225] 0
[0.034199330217746224 0.05219781338147897] 0
[-0.045660077887786324 -0.05264187437139518] 0
[0.0038459142155990236 0.008488178232551276] 1
[-0.015548883332813183 -0.02455930941068047] 1
[-0.0152052013907454 -0.014004967114688127] 1
[0.0054701887737980785 0.0033982889225139335] 1
[-0.010416987103637408 -0.007439999335263145] 1
[0.028749535979764013 0.018102288527221757] 0
[-0.006740672343353073 -0.003651054675313896] 1
[0.0215384583897904 0.023278869682240546] 1
[0.0025982462977101953 -0.0008564426021460173] 1
[-0.03127506351371129 -0.03792651350710119] 0
[0.01952375319911087 0.03582007188691455] 0
[-0.051492986022797 -0.04746879525269283] 0
[0.02526255010469839 0.03339921771663942] 1
[-0.016392886565165493 -0.02466594494821217] 1
[-0.01719805600193717 -0.02620744510152601] 1
[0.014155121985440272 0.026668807471131685] 0
[-0.014506249912801146 -0.02180889477455484] 1
[0.014806360554501059 0.030206011315226947] 0
[-0.013421988927590358 -0.013915352652123432] 1
[0.019956832202305763 0.018345664920383614] 1
[-0.020175942156323106 -0.024715191427091505] 1
[0.009534385980672227 0.010176704733989024] 1
[0.02623480387955672 0.03467304175332534] 1
[-0.021675786470985337 -0.02520972937342999] 1
[-0.022534216172720868 -0.04528895583255489] 0
[0.020971071837265275 0.02494598944742603] 1
[-0.016681802317974295 -0.023305031868307867] 1
[-0.028848871660474108 -0.04657387313045001] 0
[-0.03648798721666842 -0.026064351890150356] 0
[0.0283250081105762 0.06164045498544481] 0
[0.021661525926683953 0.043737012637507865] 0
[0.022720953390899523 0.028709906306932497] 1
[-0.007288778846666363 -0.003457923966374734] 1
[-0.035365010252457856 -0.029042015142675064] 0
[0.02944583584743917 0.047005447873793765] 0
[0.0304943923757149 0.04648751671202879] 0
[-0.041633577664020684 -0.06384531076196998] 0
[-0.012457245852557499 -0.011311605972835374] 1
[-0.021140394030498565 -0.023824287225866762] 1
[0.014305835852740836 0.02016870536290734] 1
[-0.018071925672525205 -0.021523199069314478] 1
[0.004288942800276619 -0.004284950493158482] 0
[0.0167299306408085 0.031672818713596326] 0
[0.013234137202780773 0.012791296864354103] 1
[0.02459471026773794 0.041509984265850695] 0
[-0.012162657354117055 -0.027057762821543745] 0
[0.018915763949209376 0.02108741038619768] 1
[-0.023202812111327624 -0.032204796561341544] 1
[0.0019446116062104206 0.00568489019915448] 1
[0.00769898020025934 0.011576541869600419] 1

