[0.31746878716407123 0.1951983616639938] 0
[0.1893691715060437 0.0056141575797508435] 0
[0.21730629738145468 0.1268909269424381] 0
[0.017977539803212032 -0.20696871415223322] 0
[0.14068730718705508 -0.05204226394679853] 0
[0.0918650491609736 -0.10712610218595106] 1
[0.195434325536387 0.06386509211104754] 1
[0.1745188723244296 0.0491112851344228] 1
[0.3125061494811126 0.19538681265574856] 0
[0.11759009216944352 -0.0455018208912598] 1
[0.20407684157368144 0.10125158930059233] 0
[0.24159347330137038 0.10998851383083966] 1
[0.2407063456253969 0.099569641734916] 1
[0.13279829606129145 0.014473092368449238] 0
[0.11664106384307985 -0.05232211810847413] 1
[0.11551973295009549 -0.08509299928438889] 0
[0.09600890904592708 -0.10994453878817002] 0
[0.12475482581235993 -0.04396075076361404] 1
[0.21443026739061916 0.06047072894105886] 1
[0.29782923901356184 0.1715661878957385] 0
[0.002832026693101076 -0.20483336771199384] 0
[0.20959561090748713 0.05382852443134811] 1
[0.24198894966448742 0.10036667083581968] 1
[0.10244594696543816 -0.034165473342743] 0
[0.17669355339543508 0.04292795448753274] 1
[0.2550929960117868 0.1263588516748888] 1
[0.12062587841415087 -0.04368295999993636] 1
[0.21998076712736742 0.08468825485119308] 1
[0.22666574060283118 0.07111397863122164] 1
[0.08771425631944496 -0.10935536724639239] 1
[0.2576776454640366 0.1291109192206974] 1
[0.20046144627785206 0.0804247378225008] 1
[0.10555396006682205 -0.06078329115884379] 1
[0.014573114384488136 -0.18941310595831418] 0
[0.25400984463636245 0.12210055179248257] 1
[0.10363149839164751 -0.08621896154051863] 1
[0.18546176052683827 0.07837233818128864] 0
[0.09815878081706066 -0.08512615001876839] 1
[0.19042663751512406 0.021091393486916594] 1
[0.12655904223804929 -0.03350275695043482] 1
[0.035469409431464385 -0.18458853424946142] 0
[0.21261300489246038 0.0569192579982323] 1
[0.07413259672549379 -0.08435972649530943] 0
[0.07908295582257896 -0.13221403474937676] 0
[0.1773483059295669 0.03859510845067941] 1
[0.23374484818071486 0.10607204954323948] 1
[0.30150779825135 0.16281862849217565] 0
[0.0023855689234605778 -0.20872602963600728] 0
[0.10758137025467324 -0.05911628055737483] 1
[0.2810908320752256 0.13264598086676077] 0
[0.20400082031554684 0.09377915972673123] 0
[-0.0005216092181058031 -0.20887238420439197] 0
[0.2320398101563751 0.1024466675586286] 1
[0.08265817467724143 -0.11152689805742871] 1
[0.16977248265845157 0.06935189927689062] 0
[0.22051380513115618 0.07260430993225772] 1
[0.012049105902362592 -0.17619112941020665] 0
[0.10702701919651028 -0.054999662415243435] 1
[0.15449831567259573 -0.02894646333426531] 1
[0.24214690854054655 0.1021424370464282] 1
[0.15686519290758016 -0.026703054712043272] 1
[0.08645329209845906 -0.09952644374416819] 1
[0.22631996872726728 0.0543225190956399] 0
[0.1835665687067214 0.05345838774507477] 1
[0.05539017335897932 -0.1620008179581433] 0
[0.1464748091279342 -0.035944799174619166] 1
[0.08902826365206257 -0.10130504449751376] 1
[0.19157201747231048 0.025539663534439903] 1
[0.24973951071431783 0.1209684656643924] 1
[0.13559264161927548 -0.05175507014649876] 1
[0.12278477819947206 -0.036950851993131716] 1
[0.15341946035761952 -0.036556494462355794] 0
[0.20519921477476272 0.11349341867720239] 0
[0.3107511027093407 0.1887030782933157] 0
[0.24448820314690717 0.11457098545352645] 1
[0.2374058036558957 0.08570200938463035] 1
[0.2671485437161324 0.13484677904054182] 1
[0.15434864914725563 0.012607363814117686] 1
[0.1868888413818265 0.06796741079456678] 0
[0.1324666086189935 0.007917452234708897] 0
[0.11633396290188439 -0.06976793524710932] 1
[0.26203058481720726 0.1369302319721198] 1
[0.10317665150120531 -0.021859945399367482] 0
[0.159656509879748 0.006062193904425547] 1
[0.12999968751858396 -0.05896587240702128] 1
[0.22247958313257515 0.13227178961649627] 0
[0.08567568350949706 -0.12393794726501371] 0
[0.2796950519827164 0.18257893937634714] 0
[0.07531494528507027 -0.11558791913753447] 1
[0.06701785199112316 -0.09426833482837012] 0
[0.16430960125988628 -0.016547517506143] 1
[0.18480921869417377 0.0027812966914594443] 0
[0.2662352217885423 0.11743429485479329] 0
[0.1247665017829041 -0.037601608832973886] 1
[0.22742749284868063 0.13398934402502055] 0
[0.3214821844241434 0.20045872144217783] 0
[0.31332350900567 0.1911068095698112] 0
[0.23600102973609965 0.09039476818270889] 1
[0.31016758933731525 0.21195888974004584] 0
[0.038225118408049964 -0.1772432007788829] 0
[0.07360584025900152 -0.07411258693512678] 0
[0.25910457124916864 0.17194986478059437] 0
[0.1349746551450735 -0.048487914070966934] 1
[0.14074774492238118 -0.010510401820774163] 1
[0.24067273456901023 0.14913767158862984] 0
[0.24983525162933443 0.12258096732943544] 1
[0.0988324922056048 -0.03381950822976108] 0
[0.08815637532201223 -0.12318597675882786] 0
[0.040573834331914145 -0.173559723544622] 0
[0.17427366841362635 0.03202982154673638] 1
[0.1761616994708997 0.005703216532412746] 1
[0.21826759931774725 0.09810536337944437] 1
[0.055510972804756434 -0.15504052927022643] 0
[0.1292947451887085 -0.028457076738559038] 1
[0.18236171352522224 0.08360799551375767] 0
[0.10793851865009536 -0.0824527500209214] 1
[0.20924756816804074 0.040297204331605094] 0
[0.2661158768909905 0.17435111070256698] 0
[0.23525453031094035 0.10798006833210991] 1
[0.010110616752289987 -0.21735742890965767] 0
[0.10050600979658564 -0.07056181542605677] 1
[0.21242965524982726 0.0857498335548131] 1
[0.01874459321345344 -0.1839981250336984] 0
[0.22495558767351514 0.09706719400107783] 1
[0.14654029677060798 -0.03837889213268006] 1
[0.06907939547726455 -0.0678172641084235] 0
[0.1546092095227339 0.008616702003132233] 1
[0.10932838517089374 -0.06398302552856677] 1
[0.30039705362283664 0.20421457341793087] 0
[0.3177789072686404 0.21567265662267687] 0
[0.2566846832571851 0.12229461112379156] 1
[0.012408202988627484 -0.17571295676748994] 0
[0.19028676520556276 0.008465680890827089] 0
[0.22218944563564186 0.10059950945059314] 1
[0.2223360613900746 0.05631713045313939] 0
[0.1684229878667409 -0.01878684800925661] 0
[0.22214617338836137 0.09728624698603139] 1
[0.12378664440400165 -0.05351579126197324] 1
[0.2315455617250419 0.08426321860938335] 1
[0.20714327629640422 0.0757318513810918] 1
[0.0676401143866805 -0.0984328218779146] 0
[0.03984515193175878 -0.1374712826489008] 0
[0.0591511292604007 -0.15703810820250116] 0
[0.2182405115985246 0.0856374485907126] 1
[0.27782401634517384 0.12985134565069825] 0
[0.04929576781390054 -0.1161198991219386] 0
[0.23137255319476124 0.07822636828185747] 1
[0.07952564296361922 -0.11758951350104721] 1
[0.12681999903627544 -0.05740080613139394] 1
[0.1415190335223728 -0.04469301776798054] 1
[0.2588813951281385 0.1184622157320076] 1
[0.17671975014577884 0.006432003442682018] 1
[0.12572574375529258 -0.07431887765155651] 0
[0.15114101913202968 -0.02983267392491454] 1
[0.14720139169056554 -0.033079718332125] 1
[0.040257863414509924 -0.11620313286185686] 0
[0.29940074411437506 0.19554267618080895] 0
[0.15406846820424572 -0.024128457650221806] 1
[0.03802239683950222 -0.17399261693402057] 0
[0.14028290814911193 -0.04281200028774375] 1
[0.10673577727510423 -0.0686962740916797] 1
[0.08859570644367047 -0.09489794648876271] 1
[0.04266370547503433 -0.171725371755748] 0
[0.24158016206262165 0.1096710312614067] 1
[0.15786483163083564 0.061152578431514046] 0
[0.030789140544285103 -0.19123239876311143] 0
[0.32528915898056565 0.2084727577753172] 0
[0.21022302223171357 0.05810118830861467] 1
[0.06763854909778486 -0.14582791443252108] 0
[0.30972048903021765 0.17261660418310493] 0
[0.2604410562379772 0.12634454931810213] 1
[0.30995948343498514 0.21022534149611438] 0
[0.1621275225405837 0.04454452448504313] 0
[0.2879412293680802 0.1469315911331482] 0
[0.08621580627202383 -0.09822780114098736] 1
[0.17739191120188627 0.005481681137746152] 1
[0.30673410927514705 0.1941539620018833] 0
[0.2492506524055805 0.08748124839531678] 0
[0.21038237343856042 0.03967295934953893] 0
[0.012713734930907907 -0.16107901123286] 0
[0.2778344821638664 0.13933558056122247] 0
[0.3202699207711033 0.2320959557208872] 0
[0.22558419594471518 0.06867746044450362] 1
[0.1712094534246058 0.058071299622912534] 0
[0.13216286336869904 -0.024800501192560102] 1
[0.20890016560636004 0.06975358768065397] 1
[0.1115729175424634 -0.05558402499951444] 1
[0.18951272990461754 0.0224744410666291] 1
[0.23656127146414346 0.09257715143340112] 1
[0.11110679718486402 -0.05141805187857607] 1
[0.1427159547722731 -0.04005236737015024] 1
[0.21327948711341993 0.09477408715618067] 1
[0.2572696131338912 0.10371711342591919] 0
[0.1617078217594392 0.05431026129423372] 0
[0.12787568484064893 -0.03244690792919597] 1
[0.15714441051255218 0.009335072352063201] 1
[0.00128573903008259 -0.18626076855657536] 0
[0.19251896650785813 0.05851414467097853] 1
[0.06962929509515109 -0.13969687403620365] 0
[0.18223377800021862 0.010119035543217168] 1
[0.15062950970138392 -0.0340518915622608] 1
[0.1266928552241028 -0.054007848399871446] 1
[0.07388194592259381 -0.14170609101429546] 0
[0.0988434729715032 -0.0649015120364281] 1
[0.0987548623689311 -0.08915906093863867] 1
[0.3001072981206787 0.20091090124887917] 0
[0.22753284145370123 0.09175258066255067] 1
[0.010737006220312293 -0.1953156174133842] 0
[0.11730721812815768 -0.0639292864375663] 1
[0.13641571110695946 -0.05093356441004622] 1
[0.07191295147375398 -0.12528211386340043] 1
[0.2355893057665111 0.11490782091162338] 1
[0.09597218846565106 -0.10943661236379118] 0
[0.0391147777312982 -0.16238637178905113] 0
[0.07358054919974827 -0.0770103855045353] 0
[0.2949411436947249 0.2142168257758112] 0
[0.21037321258995884 0.0713678742298691] 1
[0.19493143156179604 0.015139793537938548] 0
[0.16039445460575338 -0.0177399559071456] 1
[0.11303899328120645 -0.0760110410003757] 1
[0.2419074790688892 0.08604257124079687] 0
[0.18279870673603776 0.048907578175909] 1
[0.21847861430853013 0.06110525743178469] 1
[0.2167469605435764 0.05819260536148407] 1
[0.09917331925075867 -0.07216173427033795] 1
[0.21469603038919227 0.037459103887422684] 0
[0.11332836355274872 -0.05709941887614613] 1
[0.04897645010200703 -0.12223787045991791] 0
[0.18373379742905255 0.0653048191715224] 0
[0.02561579758212299 -0.1274129591660015] 0
[0.2170441152626171 0.06894316261276567] 1
[0.22455070038382163 0.1022372663662262] 1
[0.25363925187055286 0.15579207807155956] 0
[0.3283181170559332 0.22593658605896494] 0
[0.14156268232199387 -0.05437168978153029] 0
[0.10598482867015951 -0.08705343995540005] 1
[0.040882891943774896 -0.1382173191360812] 0
[0.17753518428365372 0.039153810236623204] 1
[0.2948147199134815 0.17773312588871906] 0
[0.29442786907880963 0.2128123213034021] 0
[0.17801625172094515 0.07744989133177654] 0
[0.12108111247171688 -0.046111438010810024] 1
[0.10074136439518573 -0.08653676370119545] 1
[0.11321441204994784 -0.07167401974137075] 1
[0.04436020364098972 -0.17511864739946542] 0
[0.29663561097258884 0.15535832166243524] 0
[0.09585693050716959 -0.09286505835772652] 1
[0.27480417675904867 0.18454359393038833] 0
[0.18464969908155024 0.08321905016758963] 0
[0.24272544014604766 0.12893149752927585] 1
[0.203105835883097 0.06578028985985049] 1
[0.10155849672984249 -0.07061467899095869] 1
[0.1267475818918069 0.012102385004712057] 0
[0.09784521350729208 -0.0852122321087346] 1
[0.27154974786855074 0.17383736913019215] 0
[0.19802406901465436 0.06131347728430942] 1
[0.15525119151447708 -0.02602004078633645] 1
[0.3060820338344956 0.1755310622540368] 0
[0.21013764691765285 0.11551426808010182] 0
[0.00827901117595145 -0.20387921338910348] 0
[0.0387430051753594 -0.13652284108820834] 0
[0.3170584869298925 0.2105553797712469] 0
[0.32282764973892686 0.21966036979116269] 0
[0.1392838742928421 -0.04388518045801692] 1
[0.09909939578157115 -0.10920715141117823] 0
[0.20491616524493908 0.044952048768531136] 1
[0.2550489743158628 0.09716049929478103] 0
[0.04818639168901323 -0.0983608269520394] 0
[-0.012672983337466383 -0.21163754759350809] 0
[0.3135881646783719 0.20707229530632498] 0
[0.18431923643561698 0.011666463642117899] 1
[0.2361367366153984 0.1102991435029142] 1
[0.17995954864169217 0.04425363669181187] 1
[0.16352985250517216 0.011913535136457903] 1
[0.24788686279257038 0.11668169384140309] 1
[0.0941456605753459 -0.11181409631199826] 0
[0.21232193953281003 0.08022755458175346] 1
[0.055873406580971535 -0.08699991892488515] 0
[0.20734988411148608 0.07448318904312635] 1
[0.04257800252630091 -0.17792387949690136] 0
[0.13451160638782805 -0.053009765918223185] 1
[0.2309099617992011 0.09267316360142207] 1
[0.26593418356591025 0.14529104299317352] 1
[0.0696068829560238 -0.0762501529626802] 0
[0.27564213642550384 0.17677132293510178] 0
[0.2292224662077016 0.1308024760381853] 0
[0.2501227656991786 0.12626133630875624] 1
[0.16663052332274536 -0.022942559082121707] 0
[0.20532702474833714 0.04028086189199136] 1
[0.14228937396496116 0.01532748796289237] 0
[0.2781874821111836 0.1269274962171889] 0
[0.057737288238701064 -0.15782527334961588] 0
[0.11624932750387693 -0.08610672076363841] 0
[0.08115899551772497 -0.10575122957474292] 1
[0.12794489980481416 -0.05732011406086378] 1
[0.11745636408647059 -0.005373995716056911] 0
[0.16801896863049484 0.03321301679880652] 1
[0.19585681341586586 0.03104558042402289] 1
[0.26517862506344425 0.11540099358351946] 0
[0.06805477276348929 -0.09318032277455293] 0
[0.19564925686443474 0.03512858075296097] 1
[0.10086344930340427 -0.018559473264398055] 0
[0.09549999440886556 -0.09763178301927042] 1
[0.02316347235417385 -0.1923280372094765] 0
[0.15275586678185366 -0.029705837819176628] 1
[0.14803671440541571 -0.037652302504526294] 1
[0.11645197568978721 -0.03467515796495324] 1
[0.07026512654033391 -0.07988062226990943] 0
[0.08695875978374538 -0.09890700456070643] 1
[0.31463605874885553 0.18980772883295188] 0
[0.02340883362118088 -0.19640334074468674] 0
[0.11896473981165864 -0.047039720266844304] 1
[0.10688390573282074 -0.07851430186628006] 1
[0.23710000781805063 0.06933796461762198] 0
[0.0924933290859479 -0.09225074628976679] 1
[0.3258212887608647 0.20863445139553322] 0
[0.003479333943739261 -0.20676610047965938] 0
[0.05441055404126001 -0.12473628519705283] 0
[0.17609428191534587 0.038710673115519886] 1
[0.2627494649918012 0.12532364155306752] 1
[0.10052801021528723 -0.09690182452463544] 1
[0.322674790425831 0.2347104245678312] 0
[0.24265316083578195 0.14339580360874793] 0
[0.3045481664744252 0.19064789492979767] 0
[0.25362235975319414 0.09952697096848567] 0
[0.2507227069730811 0.127145884323083] 1
[0.18064230869410608 0.007728548092817537] 1
[0.26856140116716254 0.1144820171166028] 0
[0.1823346076060544 -0.004830635959728121] 0
[0.03770673992972473 -0.18254878132551408] 0
[0.3223250173863629 0.1942915104114925] 0
[0.20871928143940116 0.05127153666419675] 1
[0.09130727324279138 -0.0858947757482802] 1
[0.0765662147937454 -0.13096953401893152] 0
[0.09451656694867838 -0.09588678079350904] 1
[0.21699880841511304 0.04456810315007957] 0
[0.2549973353198347 0.12632251794489457] 1
[0.0840176995296803 -0.099655474657448] 1
[0.07985829893500979 -0.10257107026884671] 1
[0.13702644678669357 -0.023659923701549193] 1
[0.01755296622097364 -0.18508653689488608] 0
[0.17977514460128446 0.009843833779683698] 1
[0.21945091979513384 0.08949132251152433] 1
[0.2319308396490746 0.10645178183996945] 1
[0.12220193009964618 -0.038340611389795096] 1
[0.2398441027251459 0.10945516817155246] 1
[-0.005450854561435462 -0.22268232457477916] 0
[0.010810026924089729 -0.20146866721230394] 0
[0.12058726435883824 -0.07167014085197677] 1
[0.24088429894547186 0.1009679731641119] 1
[0.2909279968516604 0.190763061325182] 0
[0.009688902412195529 -0.1736677933013798] 0
[0.0019102821761396867 -0.19381067630852453] 0
[0.09247193695813907 -0.07489425040801581] 1
[0.265754233504809 0.18041118578955478] 0
[0.24208929933959422 0.0913515013593304] 1
[0.10133830105973574 -0.06936861537579936] 1
[0.20757784400243595 0.11362821685041104] 0
[0.14092510654660723 0.019170435694060843] 0
[0.2775064572612154 0.1776854657035467] 0
[0.10233455707305242 -0.09326819590409907] 1
[0.03604616886588498 -0.14297901391717857] 0
[-0.00561833079767989 -0.191302652115594] 0
[0.036945915040474966 -0.11857141343614166] 0
[0.18445232342851015 0.051297933404068] 1
[0.0311374616840652 -0.1557388110119539] 0
[0.26479118878466573 0.13990835342053964] 1
[0.10634493606536188 -0.08334997278993417] 1
[0.22675112942996173 0.07888461250846746] 1
[0.12103337321346963 -0.07805683579718659] 0
[0.23524217690214297 0.09044661978894614] 1
[0.04440710990523289 -0.11657895078503053] 0
[0.14113301952828278 0.02326188035976846] 0
[0.2514147395392859 0.16072712176824216] 0
[0.10259021688309398 -0.08383722425162642] 1
[0.2927700379210192 0.19596030891434862] 0
[0.008215034982770847 -0.15185268698263465] 0
[0.09783546247487399 -0.028639816734752632] 0
[0.1449632683509769 -0.02411349228345285] 1
[0.21284417576310766 0.09001712189416188] 1
[0.22003554298087827 0.11534958963286693] 0
[0.10130561034727345 -0.09351145231989075] 1
[0.06908122220655714 -0.1465463205167905] 0
[0.06927178336475637 -0.09990364565758991] 0
[0.20773972825339482 0.048765026651945764] 1
[0.13229279306859268 -0.06576380961546217] 0
[0.22604383048443438 0.07044736874285135] 1
[0.26007120681311613 0.14700378599597796] 1
[0.03032945148329109 -0.15508344574680483] 0
[0.32448813286836153 0.21887786863418354] 0
[0.21941642446068682 0.07914471439460428] 1
[0.13088995320072036 -0.033428648310259115] 1
[0.1611495829899373 0.019237062778067707] 1
[0.11640370720453394 -0.04544027389481785] 1
[0.21425952670583936 0.041560792051786144] 0
[0.24161842722225263 0.1164219872760126] 1
[0.31220068260367234 0.19228996240265603] 0
[0.09580402076757741 -0.09166690949037717] 1
[0.160567921205852 0.008557571524330928] 1
[0.05741352716366047 -0.09387433139989043] 0
[0.02738522193157194 -0.19034730140714606] 0
[0.30296870426037914 0.2011001295805948] 0
[0.166677156469996 0.056964412099494266] 0
[0.2642538073101879 0.13646227226944505] 1
[0.30344777585795124 0.21699636189889604] 0
[0.1218205191176722 -0.06926349540009547] 1
[0.26852963102334665 0.17829450535815256] 0
[0.3127152977598454 0.2329199672335792] 0
[0.02364760111397481 -0.19479018750412913] 0
[0.1190640146346372 -0.08156153963325155] 0
[0.052887695299106835 -0.16406227423521147] 0
[0.19681167445315043 0.06039425373335179] 1
[0.11370327225246725 -0.015922032648792852] 0
[0.30972623246158015 0.210110138235976] 0
[0.19444592364429386 0.09567440121797464] 0
[0.16027009123546102 -0.019863060944006188] 1
[0.033432706826333786 -0.16944878506474997] 0
[0.2190989415085644 0.043889344217568446] 0
[0.049537750230561686 -0.1193062833487604] 0
[0.12178141366857956 -0.03618246381155282] 1
[0.07759877204268681 -0.12537195510393756] 1
[0.26884027159551643 0.1815191344749632] 0
[0.11677178709055219 -0.08581068723877924] 0
[0.23947537541214214 0.14991322329760515] 0
[0.2111929234896618 0.11198310388302202] 0
[0.033262996313969145 -0.19117801977418353] 0
[0.1353290804831262 -0.05161405474683513] 1
[0.24778916096613576 0.10250698596876633] 1
[0.19621493298681342 0.03183938559094743] 1
[0.2540015549471827 0.12984588842404132] 1
[0.11289675196399593 -0.07658958401831185] 1
[0.13450857873347566 0.012409981583951273] 0
[0.08868565304717052 -0.10027819130583732] 1
[0.019051610358883267 -0.18568636527700585] 0
[0.1921521594530608 0.03029511544805255] 1
[0.010181965761994528 -0.18150579345577855] 0
[-0.0018859375776129833 -0.19977837656152178] 0
[0.1303496068163645 -0.018889063747078244] 1
[0.3248795617572087 0.2245893550719008] 0
[0.021139894341638706 -0.19901538377647965] 0
[0.27252664722512254 0.15298527900458345] 1
[0.17092627347650247 -0.0034581109161589095] 1
[0.19077170020172274 0.06534460661385884] 1
[0.2523165117184841 0.13111017019175641] 1
[0.043865609595852756 -0.11877028399222375] 0
[0.050944415386277385 -0.1622795922572124] 0
[0.3029662468695339 0.2102573812056553] 0
[0.0855601602860768 -0.059859527534350185] 0
[0.03634074915982802 -0.11916836100216333] 0
[0.09161051269433833 -0.10334684300928712] 1
[0.1829415806746812 0.003022442899459762] 0
[0.0557579192745499 -0.13674205735305445] 1
[0.27441579368543634 0.16641703909989625] 0
[0.06490481356900966 -0.1451210675933452] 0
[0.25872029188146595 0.12058292784177] 1
[0.13281243837283166 -0.05533230170619571] 1
[0.006009620695148134 -0.17403850276071897] 0
[0.03437679532969487 -0.12996042516079534] 0
[0.19247074996956082 0.02408626976615763] 1
[0.2188965410287719 0.08839284692058169] 1
[0.05826850227266095 -0.11003177362383323] 0
[0.0786265763305396 -0.10927915560126672] 1
[0.06282756004337678 -0.0892778210420947] 0
[0.12623222338398524 -0.03743434808996064] 1
[0.2162140508223284 0.08214167035249276] 1
[0.18391647445261242 0.010236202261835862] 1
[0.03501955028581713 -0.18374871541707066] 0
[0.10778883726929539 -0.012368162215510441] 0
[0.01996396176071825 -0.17658664962420711] 0
[0.27270052870510375 0.18467940874908556] 0
[0.09427448635026187 -0.08710954941590614] 1
[0.20460609758325354 0.0431258591846021] 1
[0.06304195037365803 -0.09881804044463044] 0
[0.13200217050487684 -0.05824916707795652] 1
[0.20030693123729085 0.08344769490902773] 1
[0.13545835752661872 -0.04936307716053176] 1
[0.10763900196685275 -0.08355807827497366] 1
[0.017266482127536363 -0.17854862348594952] 0
[0.2097240253181547 0.03588414238850034] 0
[0.10686829482064075 -0.08158981406937216] 1
[0.1897870289831552 0.05040650277307804] 1
[0.1978476233301083 0.018910970520416043] 0
[0.18814936538320265 0.08404524595805646] 0
[0.02673436322577538 -0.15351988778447204] 0
[0.14283724973279008 -0.04368189545859653] 1
[0.15762122402011008 0.011277604860956414] 1
[0.11287635082039829 -0.0905995027014536] 0
[0.21491122532641188 0.08763723323417631] 1
[0.33592004598618186 0.23293713565512392] 0
[0.32460024399398457 0.20144556028637212] 0
[0.25371769965869473 0.09813011291049745] 0
[0.10351651364308653 -0.10054582730385793] 0
[0.18044353812427294 0.08197783355550656] 0
[0.08024467575727189 -0.1073225132228666] 1
[0.07421526889347384 -0.11951607449114296] 1
[0.19095861661818941 0.05602567643238429] 1
[0.021602628098641115 -0.19271586822115078] 0
[0.029935328884099263 -0.15401797962515446] 0
[0.03419298844312285 -0.14878466212607167] 0
[0.1571748954998115 0.009316608142879743] 1
[0.22282196117226788 0.09824207202868143] 1
[0.06426865384648961 -0.14902383552496773] 0
[0.199528503546964 0.1072400796884323] 0
[0.10193134418216264 -0.027522428331787172] 0
[0.10069173905289971 -0.09514295960554305] 1
[0.2225730524908885 0.0678244746750552] 1
[0.2429806862895651 0.10873034408948049] 1
[0.0383283605605531 -0.17371359206398373] 0
[0.2651467772006657 0.18910011022322257] 0
[0.14845566497124757 -0.029367089459187253] 1
[0.31359361799671337 0.20712378056488745] 0
[0.039221463824017144 -0.158063126164801] 0
[0.21310752446658152 0.08459376977046523] 1
[0.13522746088863147 0.009556213234539349] 0
[0.11285028058235128 -0.016863326055597316] 0
[0.1835271709358811 0.04530271106258101] 1
[0.261466445907819 0.133794182437745] 1
[0.1959574936651857 0.06387820206995494] 1
[0.2572020003780333 0.11707940033275623] 1
[0.19854097280851407 0.09089866006732589] 0
[0.019912558810122223 -0.17159727346236917] 0
[0.16758739134667233 0.028320267799621525] 1
[0.13283219106531957 0.02405511135173018] 0
[0.2326329886570607 0.0872254829332282] 1
[0.023724760634497286 -0.17102712072681533] 0
[0.2595652116237172 0.17770577166328447] 0
[0.2718047827044483 0.18497832082842816] 0
[0.33256319887941044 0.23503055482203972] 0
[0.1340352260846845 0.008813564865209081] 0
[0.311543701530052 0.1957477988645006] 0
[0.13279162174091344 -0.025961672357017324] 1
[0.18978433601880162 0.05277162680614455] 1
[0.3025607332610043 0.19282012523962017] 0
[0.1026145515666281 -0.0892173307654579] 1
[0.14676069037356884 -0.04738089738408563] 0
[0.24308146333036468 0.10281038960399129] 1
[0.13933878152070356 0.02205868303698394] 0
[0.30867081897908943 0.19090131273701566] 0
[0.1343770404546906 0.013553957287572069] 0
[0.17640096088049576 0.005353536939815792] 1
[0.20083651824973922 0.10697274184161996] 0
[0.2025949279390813 0.07293464255786065] 1
[0.3164795966541432 0.2220105079214641] 0
[0.12018261874320818 -0.06689425709129958] 1
[0.2532807040665164 0.12343013559861167] 1
[0.20391052677191635 0.04878740673698831] 1
[0.1624223125643166 0.017971631197886605] 1
[0.302096476110994 0.15970050960922202] 0
[0.07531935818039236 -0.10129256616202255] 1
[0.1806091225360837 0.04197440044051373] 1
[0.17144472145965955 0.024471743927856098] 1
[0.11029306494806254 -0.07397429788013539] 1
[0.19426833793647685 0.08948537409776842] 0
[0.16828804512985437 -0.016001777919883317] 0
[0.2530851910678955 0.09564693110081843] 0
[0.10857856816323799 -0.07859993021710876] 1
[0.23344017672902595 0.11519742671397196] 1
[0.126203631910918 -0.028773824460621336] 1
[0.12113102221180516 -0.07136823314779037] 1
[0.07275463538129052 -0.12045941132853943] 1
[0.23066100137808992 0.09953934069112333] 1
[0.009269926760820033 -0.1938935715905835] 0
[0.26686819890421076 0.11185080459428773] 0
[0.08719215095641432 -0.06446360087012956] 0
[0.1692644866941586 0.06455868636350418] 0
[0.09001390560020009 -0.09192213526376772] 1
[0.31618963383557014 0.18768876788737182] 0
[0.21052681378824972 0.052894658812611794] 1
[0.1793798836893638 0.07433254509490925] 0
[0.04913868688770233 -0.16324109106279977] 0
[0.1019678895611735 -0.08994330000276526] 1
[0.15822261221838407 -0.02223265534770086] 1
[0.11886137851197509 -0.028871536647572353] 1
[0.002994631538328173 -0.19355722522138902] 0
[0.22912370057716988 0.10916784427170205] 1
[0.1514596410104159 0.0035327915089046784] 1
[0.13021985473400877 -0.06674849062342006] 0
[0.12055004415969492 -0.04177365354446503] 1
[0.19606362415891862 0.019416349055817163] 0
[0.3268098707255769 0.2265704320367804] 0
[0.12283096285592535 -0.0684970126716345] 1
[0.23878293216787833 0.07571694440941132] 0
[0.22228644876910864 0.1288222359166055] 0
[0.27799270668681964 0.18889618424452612] 0
[0.2973538905928589 0.17072794491321297] 0
[0.1954194256779972 0.05835070389208657] 1
[0.12373946911564684 -0.04182746972028813] 1
[0.2855674371048781 0.14552185631328862] 0
[0.3204215476767236 0.20999135191596252] 0
[0.16003993570238886 0.049937213895830404] 0
[0.21405522460313461 0.07798417770593567] 1
[0.042983805985016055 -0.17664078458251303] 0
[0.2959151122491581 0.14952141905422886] 0
[0.1780392282269581 0.025301714637656604] 1
[0.027933814484867616 -0.19520480240967236] 0
[0.1816584631334181 0.012769155026533835] 1
[0.19608642695343645 0.06020982378713578] 1
[0.09448701824985724 -0.09651055671440908] 1
[0.31065341254723255 0.17775527365634486] 0
[0.24780216068768113 0.10149006210456524] 1
[0.0025299948838718514 -0.20453737205336386] 0
[0.11628259973734906 -0.06530306074397263] 1
[0.3035484120333676 0.21294613470967733] 0
[0.24642941484896086 0.10842027236573051] 1
[0.118796233881253 -0.06103676279661503] 1
[0.1861528686764324 0.04738194144577568] 1
[0.3010746721823062 0.19304966288782108] 0
[0.23294863760599327 0.09464955150026591] 1
[0.19881702445585725 0.06135066133683579] 1
[0.07962629907113984 -0.1300691121114757] 0
[0.3015739805209122 0.21439619131613824] 0
[0.12302790164039337 -0.04285878744251516] 1
[0.3281697583705083 0.21772958748254528] 0
[0.22628284772072657 0.0777242383673726] 1
[0.09071733040351004 -0.07518408248525087] 1
[0.13634359251744954 0.018025222528884475] 0
[0.20892669477976533 0.12159281003128922] 0
[0.15187919962430108 -0.0291229141585504] 1
[0.038016854485780904 -0.14022190198535778] 0
[0.27768433904929246 0.20685248031774126] 0
[0.32684940287942965 0.19988302002048702] 0
[0.3320853064343339 0.23116941480086017] 0
[0.11615854505441414 -0.08452190491474161] 0
[0.25334380821095526 0.12020202946335899] 1
[0.1459106011874941 -0.038078991284879043] 1
[0.11242737081966606 -0.07403648572529227] 1
[0.020529742456705368 -0.15976051106668365] 0
[0.17935255934670968 0.08413565730289121] 0
[0.03443054044837963 -0.17954882208483663] 0
[0.15106337584417345 -0.031154774959529598] 1
[0.20114348195046486 0.07031865602770217] 1
[0.10982466942201186 -0.05733962067190964] 1
[0.2658478280966302 0.1555729405169514] 1
[0.22221982837392773 0.1225197120998543] 0
[0.2820279960380775 0.1887510347211423] 0
[0.31969099863041883 0.18893102023595704] 0
[0.283012673763014 0.20508414435702685] 0
[0.107568794645286 -0.08053684938692442] 1
[0.07761217768284714 -0.07031774323182305] 0
[0.2485895298963263 0.10503943737124202] 1
[0.06846154459448822 -0.14620317905953034] 0
[0.11718895699760062 -0.07037697524282159] 1
[0.22481220447514877 0.06724577381266522] 1
[0.2022979096440942 0.026650421957079416] 0
[0.14644668877633082 -0.04991930986082746] 0
[0.09802080016657341 -0.0879248472146219] 1
[0.23148606342671635 0.07665132199808239] 1
[0.226501595113543 0.0651086014034763] 1
[0.2762782277754584 0.190245832043329] 0
[0.1269377642604939 -0.047466707446823964] 1
[0.03759147567779854 -0.18104675245504692] 0
[0.18726032171953694 0.01924279754193162] 1
[0.20845501097055805 0.07873768558186445] 1
[0.23614384349910272 0.13917551046798754] 0
[0.22930426983843022 0.15214241093696967] 0
[0.10431178782053069 -0.03319020853818248] 0
[0.08629367821605921 -0.10306287286813634] 1
[0.08604914221162549 -0.05936883483667103] 0
[0.08144040092676479 -0.09426226766393196] 1
[0.07865179906601563 -0.061509164368063265] 0
[0.2616748590061526 0.16444485958191757] 0
[0.023189389985768007 -0.18637657122430673] 0
[0.24073293120752506 0.11436876479517283] 1
[0.05742536148686622 -0.09545016117790978] 0
[0.21060135028749374 0.0531374187135438] 1
[0.18692484930789757 0.009765398216779441] 0
[0.06884914018423104 -0.11337351328783504] 1
[0.1173510596196071 -0.009010703650259366] 0
[0.10568114922950075 -0.07262980691537105] 1
[0.21997646808818494 0.11671951232096811] 0
[0.10519890421629485 -0.02650399136001283] 0
[0.19064802429419958 0.015865466235011116] 1
[0.09937588235094863 -0.08219349615721823] 1
[0.28559175629780775 0.14031824509518948] 0
[0.08352677430601768 -0.11741854311264063] 1
[0.07165939914670544 -0.1368401105084297] 0
[0.05278474837814427 -0.17002415099489826] 0
[0.21016282138540393 0.03485571045417528] 0
[0.296507002252949 0.16042408945299055] 0
[0.11414289678223857 -0.07972287764879946] 1
[0.10150215178250097 -0.10616304631395779] 0
[0.25260947482668705 0.11345811292934613] 1
[0.055367400350637155 -0.16579688632030148] 0
[0.3107112886296791 0.17516803056612257] 0
[0.042799563442559085 -0.1385949697079008] 0
[0.21100284481640896 0.04480185199643355] 0
[0.2511235501298256 0.08997483544392942] 0
[0.27863875804219707 0.18481364769573755] 0
[0.1968273504878466 0.017648439961144305] 0
[0.20797234454050811 0.047972337791739386] 1
[0.2034798306492263 0.041070047911503524] 1
[0.17473852394306089 -3.4659239912397194e-05] 1
[0.30494626284257365 0.1929297388406127] 0
[0.08168411313810844 -0.10195411202538668] 1
[0.14135234332884938 -0.04738833503565189] 1
[0.16053861351793203 0.013025614063717019] 1
[0.3273662690930881 0.21960532542668112] 0
[0.2517616354719995 0.12401085071307542] 1
[0.25159869479145225 0.10589640640813111] 1
[0.09567383521767953 -0.08416895162799287] 1
[0.08062940514501268 -0.13265476199644485] 0
[0.15107323455508367 -0.02965728511528276] 1
[0.057045635843759046 -0.16258431721859545] 0
[0.25623242876163044 0.13752591024370425] 1
[0.09715180379809339 -0.09787165154969704] 1
[0.04133198025427131 -0.11502621574301396] 0
[0.10551731700951841 -0.07340199439401676] 1
[0.26785325815938377 0.156391699338671] 1
[0.21706776357562863 0.06578554099826588] 1
[0.127937225459411 -0.04018209224754356] 1
[0.27783957373158086 0.13084455222221458] 0
[0.23602880415143784 0.1142068468769517] 1
[0.2404191246241689 0.11326810040395094] 1
[0.05900567890462127 -0.15697028773031313] 0
[0.10222190062672593 -0.10251738160127224] 0
[0.23000283657904452 0.10416627441777578] 1
[0.06354071413602512 -0.15299007159233396] 0
[0.20653836570355197 0.07827827621010378] 1
[0.21063189828380957 0.05352208881517362] 1
[0.163508674174828 0.015232029244002188] 1
[0.14343815139352947 -0.008976952493331362] 1
[0.02094623621375325 -0.17444605496825688] 0
[0.305256409329608 0.20492420626448393] 0
[0.2917600258425777 0.15306628111563333] 0
[0.1158835336824244 -0.07725622027404659] 1
[0.2178118798526641 0.09169613929725484] 1
[0.24089223469307014 0.09945480441309347] 1
[0.14248827620688292 0.004035691156518769] 1
[0.21506764779150392 0.09251751069745465] 1
[0.01924950260681162 -0.178354280278273] 0
[0.1157322546787638 -0.07774257769244977] 1
[0.08338629026470318 -0.06982751284328327] 0
[0.04167010405013629 -0.17298445354958006] 0
[0.017330728407256753 -0.18276117968250188] 0
[0.24284458751942264 0.12054880341486998] 1
[0.2907263435394646 0.19993235926939154] 0
[0.24604561082427895 0.16073492338954695] 0
[0.06768555380740661 -0.14744415267691666] 0
[0.28882546151198085 0.20858848595101637] 0
[0.2007678149355258 0.07220129132936975] 1
[0.08634057729834851 -0.0879267961268253] 1
[0.10127528767029335 -0.08149959413516453] 1
[0.1554139298705265 -0.0355602060315353] 0
[0.16119558701937564 -0.02738320824749892] 0
[0.152454558352412 -0.04264855529147149] 0
[0.016485269555969996 -0.1894800347611661] 0
[0.17163158988680652 -0.0019488170485520945] 1
[0.2560154020112403 0.10607783263610525] 0
[0.12442749465998981 -0.06594464065504169] 1
[0.16251038546441612 0.05172514550695871] 0
[0.25961729211544715 0.14660688385047704] 1
[0.14206646228599845 -0.043316622505730276] 1
[0.034732039814182894 -0.14485097320190948] 0
[0.2242246035464573 0.06757882875648785] 1
[0.1899455676499308 0.020975547061592704] 1
[0.28649666544878993 0.14036042073554542] 0
[0.25847895521072217 0.1141839347748367] 1
[-0.014643225427321311 -0.20360622279077326] 0
[0.12527979762008862 -0.051190730399294976] 1
[0.22610320081336388 0.05527918846900437] 0
[0.1332818947852017 -0.05497103970553878] 1
[0.024181673437901643 -0.1925818567716546] 0
[0.06449131774891864 -0.0741366756861084] 0
[0.16953176654411942 0.028839882545742827] 1
[0.0582455490459662 -0.1036471720039274] 0
[0.13569412737707648 -0.04746182218879837] 1
[0.3111699607200198 0.21126643416649854] 0
[0.30516472028692 0.18865114564722768] 0
[0.2412981745380417 0.10334732336302849] 1
[0.22823229354199853 0.07642992319632551] 1
[0.09661759973487503 -0.09300684286478356] 1
[0.08199004138994404 -0.054078618300945805] 0
[0.1233873311418697 0.010669674344592508] 0
[0.23186460760529096 0.08348297255321545] 1
[0.06144557843478085 -0.09795758524428075] 0
[0.1654061332025792 0.017492975430192015] 1
[0.11212680735304366 -0.05622699280579177] 1
[0.20848269121158064 0.047865767398949176] 1
[0.22896655496137486 0.10435249719941928] 1
[0.24490761779170486 0.1527245744816275] 0
[0.06238996544233116 -0.09031538542054668] 0
[0.09058406146360612 -0.08290751193784696] 1
[0.2407210844292162 0.0773935153945968] 0
[0.2923559043986816 0.14797367755838642] 0
[0.2419080248668214 0.10226249217233335] 1
[0.17756990986032498 0.008656640694729302] 1
[0.1295094718423307 -0.06047114015330783] 1
[0.13323335069969627 -0.02153426446111904] 1
[0.2393401505290608 0.09634356982897604] 1
[0.30815905663679777 0.17642705584032642] 0
[0.33427604232980157 0.24639210188060046] 0
[0.17336987671468645 -0.013116758842348013] 0
[0.18662687257743282 0.061013846888122655] 1
[0.2311730275532432 0.13086735913494835] 0
[0.07090339100126357 -0.08665890713576394] 0
[0.1916313707274086 0.011519923828592238] 0
[0.24502403106439002 0.11386557663572075] 1
[0.013942163476255704 -0.19201117356793057] 0
[0.19084632379778543 0.028332765201510856] 1
[0.225971828353953 0.12890194863637855] 0
[0.07988652527727329 -0.10549723662849406] 1
[0.14731279039322837 -0.031498880830835754] 1
[0.06009701424815829 -0.15665278594861312] 0
[0.09981287175743887 -0.051974568815143285] 0
[0.23794197491305613 0.09613174110976667] 1
[0.08078234438010892 -0.1293910046206116] 0
[0.1260577373097823 -0.07771992375522592] 0
[0.0919918905818698 -0.052551403450177496] 0
[0.2418760604460794 0.08378688664615565] 0
[0.12688382725948927 -0.06440445291602052] 1
[0.01764096584922585 -0.19700088990451223] 0
[0.3431105455853819 0.23953333868574217] 0
[0.2443323244744448 0.11609670688702803] 1
[0.15739397479297518 -0.020902411900689144] 1
[0.1659836623090229 0.031004115680754042] 1
[0.09012117742513182 -0.08386106647901619] 1
[0.3155507412359803 0.19345328023624242] 0
[0.2458743711866373 0.15924996160942487] 0
[0.14663518903052258 0.01984853627820197] 0
[0.3177673058824209 0.23673670442346062] 0
[0.2578597336153754 0.1260898555116528] 1
[0.08257035851302268 -0.09672673650044353] 1
[0.25382100488209397 0.09614342510338533] 0
[0.11937427213183885 -0.0466103713142693] 1
[0.002905576982675847 -0.21367166891242892] 0
[0.27039580073763253 0.1138180563190278] 0
[0.13699438317305715 -0.05791756235628363] 0
[0.24042630914594784 0.0834078361161395] 0
[0.25103338062119296 0.12640533951029903] 1
[0.1421137537257935 0.0017303974672444773] 1
[0.1004079173897473 -0.0928687672968404] 1
[0.23572352638879002 0.08458381703201145] 1
[0.17357888515064696 -0.010449658994846685] 0
[0.1360412896568962 0.014290382783504712] 0
[0.17711148145160077 0.000930362832488633] 1
[0.11667646955421665 -0.07726560549873203] 1
[0.23988885899996004 0.1232344780453456] 1
[0.09452971101043908 -0.09725329213946499] 1
[0.3205074778822351 0.22652399181312544] 0
[0.1787634603138285 0.040530755371077296] 1
[0.22031264373631648 0.12423834695315714] 0
[0.10763364134413987 -0.0782761380752023] 1
[0.10071413766697401 -0.10605195680243978] 0
[0.14899471923094326 -0.04047331689543718] 0
[0.1345551793858347 -0.005869643755462521] 1
[0.06626509099894363 -0.1475388216785589] 0
[0.2574416492206064 0.12165124117169937] 1
[0.08560042707610689 -0.1231419271056024] 0
[0.06881773695275062 -0.13320330351648174] 1
[0.13634754025995643 -0.045303963314474845] 1
[0.18434120870523035 0.001626747262836061] 0
[0.008196111192507429 -0.18471943375525002] 0
[0.17511157234410973 -0.0005515385596895068] 1
[0.0710609145684079 -0.09766338790169449] 1
[0.1226836261318727 -0.07624218888737545] 0
[0.17810230940604543 0.04286265995172209] 1
[0.019321976391418243 -0.20637677212983846] 0
[0.14050385424793665 -0.05186403774472648] 0
[0.2535161069149694 0.12665291483827226] 1
[0.24664681993794893 0.11313224970685032] 1
[0.06540126961216114 -0.13579078641277517] 1
[0.13111409130152085 -0.023931407242334883] 1
[0.2668384194787877 0.11235323482381096] 0
[0.19672666315311782 0.01478626315236485] 0
[0.14778338514178269 -0.002924882943517124] 1
[0.13913921363770942 -0.013530685733963266] 1
[0.23527227793961528 0.14584158777132153] 0
[0.10644895304932322 -0.06405125667128966] 1
[0.024175546544706904 -0.19094930249118008] 0
[0.33668269630325465 0.2433547948522902] 0
[0.09659781354754081 -0.08361705509742026] 1
[0.12522938315917193 -0.06176272055861906] 1
[0.22117711867687123 0.04823108098674686] 0
[0.015226358893006319 -0.20055031722319708] 0
[0.22697355878994196 0.09680687018548577] 1
[0.10276191656489449 -0.018903353310528035] 0
[0.08858088847376758 -0.06562409864416752] 0
[0.008741008254511752 -0.19774116242678408] 0
[0.20656949594704738 0.07672103463952641] 1
[0.074994294153546 -0.12269907252717092] 1
[0.14791342358621706 -0.0040396510124381165] 1
[0.12695519929996885 -0.03673059717946506] 1
[0.13694980000603757 -0.018899693663474777] 1
[0.14654821091743098 -0.033084732729929664] 1
[0.19651197379003643 0.09965132809270197] 0
[0.09813444927583811 -0.06844270192700691] 1
[0.1968077968229453 0.07779024345936913] 0
[0.15992884455136475 0.006056632714260705] 1
[0.16147661568889768 0.015765753155047982] 1
[0.20846517945320045 0.0257645163070239] 0
[0.08053865776581631 -0.11775020448232684] 1
[0.1485364232959283 -0.034915199279917514] 1
[0.2756625317705762 0.12441182858084046] 0
[0.13151327136679733 -0.05619897545623606] 1
[0.2012429644195067 0.04131538702852782] 1
[0.23422763283173414 0.13413770819861492] 0
[0.29411146606979394 0.16368931754751886] 0
[0.07710645025571611 -0.0668861604532513] 0
[0.0367235242126604 -0.1407122262727169] 0
[0.24707061457989926 0.1031379012451073] 1
[0.06530481906479009 -0.151718565344084] 0
[0.23654655087984583 0.10213895313442503] 1
[0.13826759287083054 -0.05580466007317257] 0
[0.09809372115490163 -0.10830650222341483] 0
[0.04152510755467218 -0.14245984913210846] 0
[0.23308270453955307 0.14670512124468976] 0
[0.14052250104733344 -0.05429833927670663] 0
[0.10051128929298975 -0.10722484924639072] 0
[0.20202546776559044 0.07469338712369497] 1
[0.03956587440047152 -0.15689941105845046] 0
[0.20861882334812715 0.045257460878617345] 1
[0.17590653045369864 0.0032238760635767316] 1
[0.24875949683042597 0.11178997999704243] 1
[0.0944029929523196 -0.11080199377225984] 0
[0.25399866636236706 0.12685150439473325] 1
[0.25717915717161577 0.09793968746731832] 0
[0.29333366454589616 0.15506025066547796] 0
[0.3054608712279096 0.20930034497575245] 0
[0.2538352528931527 0.1829174511474228] 0
[0.12756364864644304 -0.07055508788582135] 0
[0.22581530444724957 0.10508575607294995] 1
[0.31911239833752525 0.19570339384595348] 0
[0.24637062537933424 0.11045812023194629] 1
[0.22282807070151878 0.07080544713706238] 1
[0.08791845102353904 -0.059409807721732794] 0
[0.28113880353201526 0.12959683882657919] 0
[0.13310085537929311 -0.04956030739570581] 1
[0.11715381315043176 -0.08619699752699747] 0
[0.22637078372535932 0.09447602759943206] 1
[0.2940527044340609 0.17768125205105828] 0
[0.0962923718011594 -0.09669711068378861] 1
[0.0065646558407737605 -0.20630930513775977] 0
[0.12422986920462584 -0.008246145944083228] 0
[0.29925249607759064 0.18071370602937883] 0
[0.01579286497970752 -0.15620492628901117] 0
[0.3237626247538755 0.22756869089685877] 0
[0.2140636035174463 0.05283306367899185] 1
[0.26921578614833513 0.15441238484396483] 1
[0.14386765212122402 -0.009498213977257737] 1
[0.2983101736608035 0.1987081554606669] 0
[0.2473430563441006 0.08542383879808176] 0
[0.07450609997805668 -0.0670269211563552] 0
[0.08949684464652527 -0.08610722216695804] 1
[0.19285328383451497 0.026330264787439113] 1
[0.23335078224113365 0.09219312634896676] 1
[0.2767479761502285 0.12793048926242362] 0
[0.12227784873099384 -0.08131372716532573] 0
[0.2570997501756612 0.1716056157973375] 0
[0.2878769006296429 0.20244854743529883] 0
[0.008409662647001437 -0.20636418306519957] 0
[0.1492734895054844 0.004683668993823921] 1
[0.12974274737642408 -0.06026984830133188] 1
[0.1020804801556969 -0.0712471534949039] 1
[0.20989564029286054 0.0519788874350232] 1
[0.1122387303899906 -0.052385591914237584] 1
[0.2721011958098132 0.12744341176259638] 0
[0.11683518915904798 -0.04229210687403435] 1
[0.24431638274309864 0.11321402866066976] 1
[0.19680878469521743 0.03310499142270695] 1
[0.05791112615253348 -0.14550291685878602] 0
[0.2015384571316896 0.0973147783877409] 0
[0.006791312949591658 -0.19686712556587654] 0
[0.25501735444099893 0.13895298026730363] 1
[0.1295556575009369 -0.061203284955372944] 1
[0.11918749049886197 -0.07265132752812009] 1
[0.1707715429176757 0.05752417194789054] 0
[0.13523613341905166 -0.053103736731742485] 1
[0.16722808210066184 0.06030571702109702] 0
[0.11282002400299786 -0.06493161723187482] 1
[0.24910856061450048 0.10886884304315511] 1
[0.10273878938717237 -0.08862194352038077] 1
[0.21383316917121759 0.06405343738647083] 1
[0.25848953999748436 0.14303016290275586] 1
[0.09004162988809554 -0.10016585378952542] 1
[0.0852487831498453 -0.12595055279596165] 0
[0.24324621050598166 0.11408212551680455] 1
[0.1318528685908715 -0.05692968934602997] 1
[0.05816394144830961 -0.15619078321516738] 0
[0.04438363475330488 -0.13142626837864316] 0
[0.27661194400070754 0.21328368294568023] 0
[0.22268745976488158 0.13155569092579716] 0
[0.24412632688258012 0.12041027112829798] 1
[0.11654282498232454 -0.041649398016812854] 1
[0.04943706920285368 -0.1366832259923378] 0
[0.2676798092149818 0.17541767764249452] 0
[0.2708605127695138 0.1757304301260388] 0
[-0.004219209441902099 -0.23011727544134403] 0
[0.11172937665909694 -0.06011015419877076] 1
[0.09221826263219118 -0.09553431063641882] 1
[0.1899732700909824 0.05905329016651342] 1
[0.1072110445313281 -0.0789350263362353] 1
[0.21485868791232518 0.045386782572315286] 0
[0.1883348598884783 0.07944115546879565] 0
[0.22927348196792274 0.08137905071721366] 1
[0.24475473133802875 0.143997140813876] 0
[0.15767304430720286 -0.03523788580834244] 0
[0.2419872630288692 0.10551327111575051] 1
[0.09019242129491892 -0.1090673644941085] 1
[0.14783818995876838 -0.003103996842527619] 1
[0.16996914322931447 0.026461373423829343] 1

