[0.07490491367924393 -0.03316017823432619] 1
[0.023390243647339833 -0.20387097013345679] 0
[0.1212247044543783 -0.47910354089631535] 0
[0.16337757297371472 -0.5709847673328399] 0
[0.14388386742837989 -0.5458552363001028] 0
[-0.11150317814642913 0.2622364276844723] 1
[-0.2641788415178544 0.7153821328392751] 1
[-0.04287432539234892 -0.025134612180853513] 0
[0.15487597878189918 -0.5692166093258073] 0
[-0.002123614178925275 -0.13509499233169947] 0
[-0.17617900121458852 0.47374586499226945] 1
[-0.2673606019993241 0.7444579924172552] 1
[0.08377084040988239 -0.3728255209555785] 0
[0.16824203616092814 -0.6072662508131608] 0
[0.05778223960839517 -0.29788571827529897] 0
[-0.07437743879660313 0.14242691559418447] 1
[0.1411358721829801 -0.527581247429693] 0
[-0.15382996028118412 0.37538425008220094] 1
[-0.0045726969195214896 -0.12844747676244617] 0
[-0.20992517877305916 0.5502054821754381] 1
[0.10727515618401243 -0.43970314924539644] 0
[-0.21080468779672382 0.5611774291916519] 1
[0.1585279476680826 -0.5637906884826599] 0
[0.18376228402961114 -0.5980499681883031] 0
[-0.12227471011064052 0.382197230044482] 1
[0.14787592151495277 -0.5501957874870302] 0
[0.15912899158603133 -0.5801388168528645] 0
[-0.21582193779935194 0.5486142531006413] 1
[-0.08868726376821812 0.27105830667044206] 1
[0.1620389575798028 -0.5778094769952276] 0
[-0.25005375820501846 0.6874764149552715] 1
[-0.3030453513074152 0.8428248842491768] 1
[-0.17332744573329273 0.48188936776559615] 1
[0.17102563964251172 -0.6074837409385293] 0
[0.1767211945527956 -0.49664062137009857] 0
[0.15729365650099345 -0.5686690521178266] 0
[-0.33696891461243983 0.9236556545468566] 1
[0.16724546459327821 -0.6003386294210034] 0
[0.15424732172034616 -0.568386138242344] 0
[-0.381590814448834 1.1084653715150963] 1
[-0.038753871971053386 0.15914398116722728] 1
[0.16809104124188312 -0.6026203783555434] 0
[-0.11189505340223091 0.25104630678009604] 1
[0.18949316633678032 -0.6202333006188796] 0
[-0.19595680850388314 0.5489905841193552] 1
[0.15024091687042618 -0.5504817809118554] 0
[-0.27503290409064673 0.7439906936798775] 1
[0.18569516434552538 -0.5451620537215263] 0
[0.16181689596537813 -0.5357490965597713] 0
[0.17195572273428011 -0.6015813596682476] 0
[0.17798034956398462 -0.5660690831889275] 0
[-0.3439107758005695 0.9888975218086287] 1
[0.19804952367620637 -0.4462039132673673] 0
[-0.25159553861474554 0.7103643158182247] 1
[-0.2598636167719156 0.6828125470588218] 1
[0.17005467471534436 -0.5567305608749944] 0
[0.13741075989888948 -0.5202897150838062] 0
[0.1528666180901791 -0.5629636780518761] 0
[-0.08886700133709213 0.24713030419364349] 1
[-0.2106229538187938 0.5751062542765637] 1
[0.18926764011858466 -0.5376451326743518] 0
[-0.1049545835142773 0.2186563263086082] 1
[-0.3344906263877774 0.9233281861112215] 1
[0.1945888495742779 -0.4450263049016136] 0
[0.17737045456642792 -0.5106976001311098] 0
[-0.3655085505697547 1.0459812053198894] 1
[-0.31400956675703373 0.8895392017352901] 1
[-0.312933800496875 0.859962729657096] 1
[-0.2168940821213113 0.5007660349139957] 1
[-0.3359466349855217 0.9608055830201743] 1
[0.12817998220447946 -0.4984776291420947] 0
[0.17182591851880064 -0.6118731718441796] 0
[0.14672347867793034 -0.5444024409067009] 0
[0.15940367032258337 -0.5856742617928388] 0
[-0.23621704008788608 0.6467965508349149] 1
[-0.2805313284596914 0.7855003899181859] 1
[0.12630039500161946 -0.4902709039213208] 0
[-0.3272311755822489 0.9362699196480719] 1
[-0.22982877502841317 0.5845747259725437] 1
[0.10674640129759222 -0.4327909534734821] 0
[-0.24732020315213607 0.6810305083230197] 1
[-0.10068200336657564 0.23016596230360914] 1
[-0.25382463210039496 0.680144618760571] 1
[-0.21940423267333253 0.6006759942788433] 1
[0.15427111792927375 -0.5696488575754316] 0
[0.09181542651584998 -0.3958151599177092] 0
[-0.1693505224256171 0.4393711818542439] 1
[-0.29682960479331666 0.8056015673786533] 1
[0.08429118552844282 -0.37569061880339694] 0
[-0.2784770141114965 0.7153826127782341] 1
[-0.2996432620759314 0.8161586963380933] 1
[-0.2403952708473859 0.6572710488181484] 1
[-0.23208213876137657 0.6383363657909047] 1
[0.17201331847454543 -0.5229690722895717] 0
[0.13687454613645744 -0.5226922439995014] 0
[-0.19108558713778862 0.4302748979945713] 1
[-0.22743716113901785 0.5250262099149994] 1
[-0.2208936208088194 0.5758513710399629] 1
[0.13701317586636047 -0.5215048097387169] 0
[-0.2929726796301366 0.778253789796004] 1
[-0.2634602326027198 0.6611062050759545] 1
[-0.21280840713901655 0.5337961831674893] 1
[-0.2472104514161133 0.6692441601778274] 1
[-0.3288101158422498 0.9401211550197] 1
[0.10349942638897644 -0.43012575378476103] 0
[-0.19438888658605408 0.4427229251096962] 1
[-0.19984971535787224 0.49108094976365757] 1
[-0.2005328707640548 0.5011329437095908] 1
[0.10160338639397859 -0.4228928625922471] 0
[-0.22560803834366827 0.5205376380552732] 1
[0.13021983721149322 -0.5049423405605038] 0
[-0.1283215980562023 0.32140270699989126] 1
[0.1759269786229049 -0.6264489348540061] 0
[-0.12585530717915386 0.25529305869924945] 1
[-0.24157458088950926 0.6268265268277236] 1
[-0.38887882611151536 1.124924550929168] 1
[0.14768289134360527 -0.5401307162398503] 0
[0.1784537989506245 -0.4739086667297852] 0
[0.17389536151614682 -0.5351523827657777] 0
[-0.25107208115917545 0.6115830416360013] 1
[0.16201000799569373 -0.5621614518003355] 0
[0.1681625583880217 -0.5800766344925167] 0
[0.13429724692714057 -0.5061818691811246] 0
[0.1665638110100973 -0.5994035226046389] 0
[0.08259219048353683 -0.3665805084033559] 0
[0.14648105266691047 -0.5523089303231312] 0
[-0.326179236860742 0.9019421174665712] 1
[0.17753402809988958 -0.5709877366135243] 0
[-0.002495135744538539 -0.05903279206821889] 1
[0.1547661166840275 -0.5705722266675424] 0
[0.14517892025767018 -0.5462876020117051] 0
[-0.2691913899678847 0.7324567891765643] 1
[0.08488231687536042 -0.37598698695392796] 0
[0.16196258554819282 -0.5797972287682751] 0
[-0.12618844997004486 0.2318901686710005] 1
[0.15938612869031515 -0.5755023163178234] 0
[0.15465481233365191 -0.5551107851748986] 0
[-0.25251655046613075 0.6342251479250773] 1
[0.015053400104572285 -0.18083929711430696] 0
[-0.271273992186456 0.7493231284471928] 1
[0.13288520701705808 -0.5103301414406991] 0
[0.05204687162560498 -0.28364770296116437] 0
[0.15876681642150753 -0.5666545578092521] 0
[0.16547858202601173 -0.565677495536021] 0
[0.08129603693566223 -0.3648538125628732] 0
[-0.35477413897995735 1.01729356017151] 1
[0.04809734766698885 -0.195680867717874] 1
[-0.1490543114062555 0.354427262359967] 1
[0.1574291665440447 -0.5740847969247077] 0
[0.16313069557201496 -0.5509619946430593] 0
[0.04929859330498198 -0.21395474659445074] 1
[-0.18413753241384756 0.41688584887046054] 1
[0.04132286272513584 -0.2523885370378903] 0
[0.17864401987605472 -0.6118904906131636] 0
[0.15858556399698662 -0.5748408251642352] 0
[-0.32029484350732634 0.8982682867654624] 1
[-0.317926813278811 0.8942425071394684] 1
[0.1813306393105178 -0.4823083949514336] 0
[-0.1872292506255 0.5008613617108859] 1
[0.18979214011782689 -0.5715627235005449] 0
[0.17204043454698692 -0.5841391698392024] 0
[-0.300789226415658 0.8449108227810523] 1
[0.19464398879316275 -0.6536565392952198] 0
[-0.08988934628503066 0.17228227084877626] 1
[0.17345272087984376 -0.5773410919482961] 0
[0.17353172326253752 -0.6288472804609158] 0
[0.20646347110767693 -0.3887354197191982] 0
[0.16393217382741343 -0.5055805290341351] 0
[0.021009372288182386 -0.03387147464291035] 1
[0.19331940398929473 -0.45690623392081114] 0
[0.16148423750897778 -0.5399499756621297] 0
[0.1618916431837708 -0.5851920770985103] 0
[0.15073616994010058 -0.5301292295510214] 0
[0.15270115569727585 -0.5584479725122637] 0
[-0.22865995299299413 0.5920380513201797] 1
[0.16872128950369547 -0.49933102386785133] 0
[0.14441780976481172 -0.5471871778320221] 0
[-0.24716750834233966 0.6415091747365238] 1
[0.022123325301769817 -0.2044417273273792] 0
[-0.21488609658281319 0.540344158662718] 1
[0.1652646956716612 -0.5619534005800495] 0
[0.1631983965603957 -0.5327854238681139] 0
[0.16504722501356672 -0.5840684868901398] 0
[-0.1562933839676406 0.41660670188700144] 1
[0.16825350150164833 -0.4904177782574104] 0
[-0.18797533917880094 0.4174176679238534] 1
[-0.01070030678513699 -0.09023243407556242] 1
[0.13773103066669856 -0.5239969496198894] 0
[0.1523964343999351 -0.5578280950558261] 0
[0.12135445126164049 -0.4797010800120101] 0
[-0.05683538719206966 0.16682798467348997] 1
[-0.23737607278758638 0.6557866765922991] 1
[0.18198034816523306 -0.49814444529937907] 0
[-0.1606209376832476 0.3807446665319697] 1
[0.1549593170388879 -0.5735462183202873] 0
[-0.16200841719278275 0.3198623361247644] 1
[-0.23892891974049507 0.6636063329694672] 1
[-0.19920148749806402 0.521290243620751] 1
[0.20455078928569434 -0.48895190265663346] 0
[-0.17259308484705288 0.3440666814020057] 1
[-0.3421445080171019 0.9665860574556188] 1
[0.16372503676499228 -0.5887760600790916] 0
[-0.25976600073140055 0.7174356121686578] 1
[-0.31268540893626057 0.8709733332192249] 1
[-0.19461398913971692 0.5034524017084387] 1
[0.1582967340442199 -0.5315629357294154] 0
[0.1444424296986809 -0.5439247193039269] 0
[-0.18972943076408383 0.4704970080031565] 1
[0.1659032562461159 -0.5399289503164542] 0
[-0.17580750075586582 0.4039351535286609] 0
[0.16584090607306073 -0.5960827088342414] 0
[-0.12420990041350899 0.2950282638554076] 1
[-0.255907691011241 0.6811845116121338] 1
[0.1826545095820995 -0.5709188728302075] 0
[0.14912962801224477 -0.5561528836005207] 0
[-0.09877854446779724 0.2574445916371101] 1
[-0.11058346343607159 0.26360955533885605] 1
[-0.28398609206370473 0.7962860888731191] 1
[-0.15916292416902172 0.3838669862874824] 1
[0.11871624785972815 -0.46656821211701227] 0
[-0.09535361877842881 0.28009975842369583] 1
[-0.41428577103531405 1.213857988527495] 1
[-0.13253777445628986 0.32101605605189043] 1
[0.07462490395672311 -0.3461917319927535] 0
[0.1959914281670732 -0.567157479048549] 0
[-0.2363020261728641 0.6394860438286851] 1
[-0.2047166512623268 0.5320698895478367] 1
[-0.17158799646623682 0.3856011249664376] 1
[0.19578736389937168 -0.5312399855926233] 0
[-0.08745802076346011 0.1775036928958122] 1
[0.14990054655325744 -0.5574036150967605] 0
[0.16435137033210795 -0.5902442652184388] 0
[0.15238627417123668 -0.5665381743525402] 0
[-0.25129375495020045 0.6935290888393153] 1
[0.1385770577251571 -0.5300641280932014] 0
[0.1774726288216783 -0.6205302454533148] 0
[0.08534087829431736 -0.3759974810692206] 0
[0.15357337136299315 -0.5572425423191643] 0
[0.1932273491037157 -0.5089530171621768] 0
[-0.3490289734726172 0.9812001128660842] 1
[0.15485895554435963 -0.5691213316066777] 0
[0.16024929933816603 -0.537720980239297] 0
[0.13403699534378088 -0.514307608491635] 0
[-0.166876555952906 0.37614232345321896] 1
[-0.034902958954488014 0.033253206430145656] 1
[-0.06177681006825646 0.15186923782154294] 1
[-0.10001490664612384 0.2392595991491756] 1
[-0.10100796422867327 0.19728872374499218] 1
[0.10178004904908762 -0.42604607919277443] 0
[-0.08123913736020022 0.14116294595119494] 1
[-0.17687186503084124 0.4101625398515192] 1
[0.16549442878675408 -0.5350708477785053] 0
[-0.09029803369354347 0.19932112922671946] 1
[0.11758600698871553 -0.46555657719832055] 0
[0.18112722791081587 -0.5618659448625525] 0
[-0.32742891871874935 0.9159784770134494] 1
[-0.22830581490342106 0.6022562825968159] 1
[0.0299528339343458 -0.2246716691090426] 0
[-0.1333591916106855 0.3834373726815711] 1
[0.15941125877542628 -0.5657211160184503] 0
[-0.06434561056006269 0.15250926088980615] 1
[-0.029464251165928972 -0.06213758126550646] 0
[0.16521102389310605 -0.6028566225120955] 0
[0.13356229351320575 -0.5097954538659861] 0
[-0.07945919355118511 0.2707924382979309] 1
[-0.24409503130193833 0.6521670911378904] 1
[-0.2784416055993516 0.7680733635672797] 1
[0.14491067862416443 -0.5461166823423229] 0
[0.16308363437578144 -0.593481111203298] 0
[0.15429213568165073 -0.5620622270049473] 0
[0.13461408108847694 -0.5135344132246029] 0
[0.16714094644851593 -0.5831884571620831] 0
[-0.26179859243292664 0.6523582774434534] 1
[-0.08289333659647585 0.11008793586913687] 1
[-0.17857432849236043 0.49350873994694483] 1
[0.049196479756516184 -0.25569019245282093] 1
[0.1770517974975313 -0.5353097498090297] 0
[0.2094003353471638 -0.5327655354701888] 0
[-0.35758105693060194 1.0288019326389524] 1
[-0.038056681597288367 0.038717189034980726] 1
[0.192946076456083 -0.5262193953925801] 0
[-0.18891574891839324 0.45904506661149314] 1
[0.042313190489010416 0.04156845598123001] 1
[-0.21366427414461353 0.5871045516076026] 1
[-0.10319592600668187 0.2056852308585096] 1
[0.1732261184326997 -0.6078558899111206] 0
[-0.250957917864186 0.6529309963720322] 1
[-0.19989025943912997 0.5517806503678082] 1
[0.15775292724877588 -0.5820284176519824] 0
[0.16082207606983367 -0.5873874791284199] 0
[-0.2489151726544942 0.6438668391815462] 1
[0.15956685879206878 -0.5370650566648065] 0
[0.1886677311185571 -0.5538599326646931] 0
[0.17985454488592106 -0.6001917412490547] 0
[0.12676772908593884 -0.4914629338082524] 0
[0.18032480925808753 -0.5942832830736287] 0
[0.06466955232906352 -0.31712883030425604] 0
[-0.15030105289569606 0.38768308246044486] 1
[-0.29255014232356924 0.7852417604873531] 1
[-0.08217645856325843 0.2026857001234441] 1
[-0.1388142428828379 0.3508186070748023] 1
[0.04225904645634677 -0.25481224687381954] 0
[0.15419496486127798 -0.5717117353873837] 0
[0.20128552634719443 -0.5006140477980117] 0
[0.0982748256044072 -0.4117898794950662] 0
[0.15809222896104544 -0.571910325249034] 0
[-0.32513331643980803 0.8874536121444709] 1
[0.17285927276812668 -0.6174090588945949] 0
[-0.25196701735613203 0.6927976591293885] 1
[-0.1524378121647146 0.312618758427519] 1
[0.16025383319762793 -0.5907566224508398] 0
[0.13950440976171044 -0.5270403160517314] 0
[-0.27056052909262884 0.7551261850674018] 1
[-0.19605356743521676 0.5181391225452241] 1
[-0.259720350722519 0.7117824364250738] 1
[0.18832249625995195 -0.5396212361003014] 0
[0.17455186819891272 -0.5270870176400765] 0
[0.17948403681819097 -0.5465326253939313] 0
[-0.2932347316269216 0.8115264545261289] 1
[0.18656842183848427 -0.48035211630177094] 0
[-0.2266092584207547 0.5701984470182486] 1
[0.16981651764843245 -0.5458024530938268] 0
[-0.13696308009246083 0.3592572633261552] 1
[-0.2314699578542215 0.6378103283849288] 1
[0.15737947853982603 -0.5845378589493513] 0
[-0.3228630792070505 0.92076721313877] 1
[-0.19794125515204536 0.44974811386575886] 1
[-0.020310416835149794 -0.024948174851054376] 1
[-0.259581258901059 0.7109606153303809] 1
[-0.2277606061720821 0.6012705737836119] 1
[0.007753974463423938 -0.03903996526083671] 1
[0.12429449487002187 -0.4866516541399364] 0
[0.18069872517562266 -0.5019544810223678] 0
[-0.1708534229583834 0.41594001161146144] 1
[-0.37189521791407226 1.0792108301757677] 1
[0.16376895117536777 -0.5683215676858622] 0
[-0.14341316594162945 0.32803052785298353] 1
[-0.2440517826934665 0.6698957291018666] 1
[0.08558147796729634 -0.37565387097813846] 0
[-0.2753341194905411 0.7061716764225158] 1
[-0.23549810817245367 0.6395330515653999] 1
[0.1888157331361546 -0.5339608243930722] 0
[-0.22108687945330985 0.601071439863174] 1
[-0.3348733158853003 0.9472053162421357] 1
[0.1659322959349815 -0.5985681929601103] 0
[0.16500912459879485 -0.5634346862028676] 0
[-0.10500746659388356 0.21959431357740566] 1
[-0.3717905100436022 1.0596088567307689] 1
[0.13900943615688854 -0.5163029459068056] 0
[0.16402843193187566 -0.589917908400726] 0
[-0.11889101414358832 0.2830792262561337] 1
[-0.13844563513720243 0.38259618640458676] 1
[-0.21573317975907796 0.571811376339407] 1
[-0.016092889726983015 0.019833050570406234] 1
[0.16580553952625265 -0.5185185700078236] 0
[0.039802594512291165 -0.25206975463397185] 0
[0.16379463064661579 -0.5945503041584043] 0
[-0.10084271077935152 0.2259067394999142] 1
[-0.015812586141486257 -0.0626811461922537] 1
[0.1518652510232963 -0.552784747340777] 0
[0.17900696736844457 -0.5759104254784676] 1
[0.18224967830887417 -0.5832587191987241] 0
[0.19204519306358675 -0.49763904950461524] 0
[-0.23527886094471764 0.6180037300171233] 1
[0.17432595053617456 -0.571313703643922] 0
[-0.16906383452333584 0.40395357912404206] 1
[-0.1093149810685473 0.24570436844785132] 1
[0.019919919239097243 -0.10836962084384645] 1
[-0.026834276695853376 0.02147760404155137] 1
[0.2007329202665461 -0.41270183789443704] 0
[0.174643965449232 -0.5173754820344398] 0
[-0.2203685297283108 0.5012037434382532] 1
[0.11149632520545064 -0.44750481274841064] 0
[-0.20795135965291378 0.4793598140073193] 1
[-0.07541723356485341 0.32794344847105783] 1
[-0.2206712688019215 0.5616828189071545] 1
[-0.19259684112868558 0.5237956291027016] 1
[-0.012382293195495627 -0.04546668980799368] 1
[-0.2680827400355245 0.7063575366521446] 1
[-0.28048435203424305 0.7239898627109382] 1
[-0.30748195152303825 0.8296909738711722] 1
[0.20134940222659214 -0.406120859477476] 0
[-0.188955584436372 0.43690441584810635] 1
[0.1698646658697105 -0.6034363610393751] 0
[0.19022541837508478 -0.47370358199051055] 0
[0.16461335296903373 -0.5919180471828025] 0
[-0.07130709718383138 0.13909055815063273] 1
[-0.23770238222753753 0.6608803559615203] 1
[0.15509432678335877 -0.5612873826324098] 0
[-0.32165164627676224 0.9140557152682791] 1
[-0.3315857914697602 0.91024589817103] 1
[-0.2086760236436524 0.578549266042687] 1
[-0.1751635447467519 0.4104960971648581] 1
[0.18880271915445623 -0.4606844011676893] 0
[0.18954716759304513 -0.46054817399514836] 0
[0.1475067770190886 -0.5502907434136393] 0
[0.1787595889744275 -0.5276482153727418] 0
[-0.2220060708351695 0.5637653241051397] 1
[0.15606274581772644 -0.571140279310594] 0
[-0.011199193497702034 -0.1109918472217418] 0
[0.17543764340444262 -0.6208746722440228] 0
[-0.29047565288146027 0.8043497770684223] 1
[-0.16306054335793796 0.38789291016611455] 1
[-0.20857639299120778 0.48321813068128305] 1
[-0.3456760671016146 0.9911357947966017] 1
[0.15747672587554284 -0.5816474701028297] 0
[-0.17563858361230372 0.38392260034736847] 1
[0.07954027252116783 -0.35867497230637657] 0
[0.1407263630731694 -0.5337643925949056] 0
[0.13231535410906492 -0.5068642642873695] 0
[0.2039435746241264 -0.4890716369031547] 0
[-0.21651408928627336 0.4892136537529087] 1
[0.14745320397652606 -0.5421310273700675] 0
[0.13111545953462547 -0.5065162328355912] 0
[0.16409733365282336 -0.6067723490771937] 0
[0.10770603343055618 -0.43823358650816513] 0
[-0.30734189433105635 0.8309908215502231] 1
[0.11186224883080113 -0.4536296299818847] 0
[-0.22684920296420652 0.6230480721781938] 1
[-0.29860624062157415 0.7940041089840492] 1
[0.1664030151520357 -0.6020247472627731] 0
[0.1746144417191851 -0.5658515411955265] 0
[0.10983570128337178 -0.4428741980866657] 0
[-0.3265348138696905 0.8910993521856772] 1
[-0.228789774186329 0.5535001824225654] 1
[-0.21576087698762433 0.590056742079486] 1
[-0.17106857844353593 0.4611388322745214] 1
[-0.09710195683639303 0.16458470378942924] 1
[-0.07392278740621253 0.06320637216252686] 0
[0.09734754955484558 -0.4112238604577806] 0
[0.17080696548011443 -0.5976401604372101] 0
[0.1824281737710757 -0.6044854462413969] 0
[-0.19814963831925023 0.5375175839617357] 1
[-0.30863639396051323 0.8728491493392286] 1
[0.14759967897546705 -0.5430443003832897] 0
[-0.206983339306864 0.5571855982352868] 1
[0.1611019364058115 -0.5938932588950515] 0
[0.16009587605060172 -0.5526633907272797] 0
[-0.12166312859052769 0.19461286694185664] 1
[-0.06300008814120411 0.08519135956071813] 1
[0.17328989509750795 -0.5948671560727464] 0
[0.16052628107849964 -0.4810749032836813] 0
[-0.019848513007646534 0.020164320204404455] 1
[-0.2910218725775532 0.8021191098680007] 1
[-0.16416735615857925 0.4033695086483196] 1
[-0.3447030973223135 0.989925797366654] 1
[-0.016332695045921327 -0.09924705962632555] 0
[-0.2615205473843917 0.7068854845126883] 1
[0.05866495297222451 -0.28429803173891144] 1
[0.1608186542879249 -0.5854672674886763] 0
[0.17152764472014434 -0.5445332732926053] 0
[0.058984987351672194 -0.30220436922153754] 0
[0.07360712309966005 -0.344276774858729] 0
[-0.23757611180786614 0.6314834956936992] 1
[-0.3488522533183606 0.9813083071265968] 1
[-0.07446708965859652 0.12590202730061173] 1
[-0.22200418911165543 0.6105281133224301] 1
[-0.19369444089172275 0.45547774228012605] 1
[0.19170535662978572 -0.5153454548961961] 0
[0.04956199441952781 -0.24165921660717854] 1
[0.010111056756621238 -0.08076308103891827] 1
[-0.2576114040339919 0.7104083167496026] 1
[0.1168514387197552 -0.4671746325178462] 0
[0.17671029079108894 -0.5159260072301404] 0
[0.1791215852586989 -0.6183647797446943] 1
[0.03637450884074869 -0.240858115151875] 0
[0.15719510403507653 -0.5250163967926218] 0
[0.16857387581650657 -0.5833420581323016] 0
[-0.13649194429396688 0.3493525728758422] 1
[0.15396598830350108 -0.5706382691111886] 0
[-0.010526601588217258 -0.11340267469903273] 0
[-0.1780070327982739 0.46296252093119783] 1
[0.1772368929740969 -0.6285554108599407] 0
[0.16575399404789184 -0.600195604892263] 0
[-0.33254662289943526 0.9197955189544332] 1
[0.14968920775891795 -0.5377969581670597] 0
[0.1385174905559382 -0.5196753276960999] 0
[0.16907776845869227 -0.6006452334711694] 0
[0.13076549288392808 -0.5052985075089657] 0
[0.16096616025403154 -0.5472344666064592] 0
[0.16294319203465804 -0.5899300432667394] 0
[0.16723817769930405 -0.5504099623256862] 0
[-0.25034859329993125 0.6099398470261197] 1
[0.15980149475677524 -0.5764723092950108] 0
[-0.2621686895350954 0.6962074266085361] 1
[0.13278072794502083 -0.5124300451293631] 0
[0.16256152100968063 -0.5872469739533774] 0
[-0.16858978823542775 0.39839883170102497] 1
[0.15726612157233666 -0.5470469219391281] 0
[0.15822266942957713 -0.559896315082206] 0
[0.17421016450224347 -0.5061191420578779] 0
[0.16876103326577896 -0.5558855342984848] 0
[-0.207373086867502 0.5589869750134406] 1
[0.0745198566546235 -0.3459818537776607] 0
[-0.1679725435771382 0.42602701927362835] 1
[-0.16628900150809495 0.41373202046702173] 1
[-0.10838161680616984 0.15959358123664047] 1
[-0.25679421969326177 0.6319991856497553] 1
[-0.22426561759527935 0.5465596082069023] 1
[0.161873853935483 -0.5469527743371634] 0
[-0.2990203562321684 0.8450342370223567] 1
[0.1518095813022489 -0.5625427457602855] 0
[0.1499661037217852 -0.5654352417701458] 0
[-0.14708994759513877 0.4170184097058121] 1
[-0.3353916242545304 0.9298210233302038] 1
[-0.3305326157567654 0.938307160010925] 1
[-0.06431728764856309 0.16541721305445514] 1
[0.034247658679591786 -0.1990679965641668] 1
[-0.21615085754658636 0.5684815184359393] 1
[-0.2752342104041465 0.7610272923702319] 1
[0.16799575862833233 -0.6092217300225723] 0
[-0.27216416273060573 0.7601703218460591] 1
[0.1474800701314234 -0.556802472630521] 0
[-0.24354908051416255 0.6688920509143481] 1
[0.153931264598575 -0.5571329467153644] 0
[0.16444899499503496 -0.546669471243878] 0
[-0.11069833119178626 0.22061823179691203] 1
[0.02046860256551069 -0.17846988537884384] 1
[0.13855322553627553 -0.5227016663313824] 0
[0.20638811829381792 -0.30358200847086614] 0
[0.1508558073009813 -0.5565400263797933] 0
[0.15899415673867678 -0.5769626278649485] 0
[0.15554189596231155 -0.5695000286844748] 0
[-0.33285622559012007 0.9202286497771834] 1
[-0.14753144074307545 0.3590002832551631] 1
[-0.22565481821105107 0.5851527470943676] 1
[-0.15597613085055761 0.42562364716415324] 1
[-0.15814738163704772 0.36585403431533703] 1
[0.12569103621986372 -0.49035772342891926] 0
[0.004605415453184592 0.06001131653207767] 1
[0.1902374390036341 -0.5093277362747926] 0
[-0.3743602052387382 1.067892249765261] 1
[-0.22656584316244502 0.6094332387461763] 1
[0.15653387165803911 -0.5754966802631363] 0
[0.1644396092059358 -0.5925299104397957] 0
[0.16442307304412745 -0.5776893458368724] 0
[-0.2517786577137762 0.6213104835571037] 1
[-0.27583477342581375 0.721316199464576] 1
[0.1669270745249748 -0.6017005733206806] 0
[-0.019768210435512457 0.03402460675733621] 1
[-0.226743117210143 0.6188014684681795] 1
[-0.22054827706733568 0.6078030279273062] 1
[0.13934419403314696 -0.526090951775434] 0
[0.11203806078970632 -0.44858595298205256] 0
[-0.11438667418252446 0.2115194208351331] 1
[-0.2444087151541843 0.5881401637988795] 1
[0.15778164636050754 -0.542162184470479] 0
[0.02789000691402016 -0.21514887742322053] 0
[-0.34310132244842495 0.9833361732113306] 1
[-0.060132944121184737 0.06427028762605094] 1
[0.19031855705679027 -0.4603922330008783] 0
[0.06857034139812455 -0.3294272187442462] 0
[0.16029952124891164 -0.5885021046982648] 0
[-0.24951798255509677 0.6750202630393515] 1
[0.15458582678869934 -0.5721092425440943] 0
[0.16968308221071643 -0.5933206936827361] 0
[0.16228314297585344 -0.5791816464374795] 0
[-0.21570273777977494 0.5797176793188946] 1
[-0.21315830635785557 0.573894173346345] 1
[0.1496664930123317 -0.5320577313666608] 0
[0.12776830706073225 -0.4973708171547065] 0
[0.1775347201199916 -0.5379742736935605] 0
[-0.3685082751797767 1.0551788836239804] 1
[0.03333821998290876 -0.12343243133655053] 1
[-0.10644126405957566 0.27851982363618366] 1
[0.12225525798699571 -0.48320392859019123] 0
[0.1650242146028256 -0.5891154407875163] 0
[-0.09394495653149307 0.2113771141608691] 1
[-0.07854177919789462 0.3640150089173487] 1
[-0.17779551312077058 0.46083368667140745] 1
[-0.27224077770094923 0.6925777396507937] 1
[0.16428760287164887 -0.4985280954371687] 0
[0.1776102403257358 -0.5233687167814951] 0
[-0.16233156696915874 0.4280215902820163] 1
[-0.2882601995272181 0.7482871566992426] 1
[0.016177969222061404 -0.18594434868233095] 0
[-0.1260293931234294 0.3566256114941704] 1
[0.17011874932188475 -0.569167083052109] 0
[-0.29892012310619 0.8302482112143537] 1
[0.12812235501769736 -0.4968276663866909] 0
[0.1898099289623879 -0.5128095832846593] 0
[-0.05058844728687187 0.2189478405199191] 1
[-0.053554176145978516 0.10533916989249967] 1
[0.10988425591441 -0.44879810357571615] 0
[-0.10592349372460405 0.23510646405333363] 1
[0.1576542669413 -0.5435112253887167] 0
[0.17303558921544743 -0.5601930762595502] 0
[0.1705331667155493 -0.5594597460559553] 0
[-0.13549260098334906 0.3238690670621492] 1
[0.16353816956022127 -0.5381491885478423] 0
[0.15858899464955767 -0.5746051358505826] 0
[-0.1627137722949697 0.37119933885941203] 1
[0.14569003909892791 -0.5336938456308382] 0
[-0.02028769601801246 0.16108443444103093] 1
[-0.31030249933288745 0.8452211516361396] 1
[0.0715945726344702 -0.33562408778951314] 0
[-0.3930835627948287 0.9680148010370455] 1
[-0.21961548895811284 0.5557888689469006] 1
[0.17019336130656298 -0.5570826574684771] 0
[0.12838341076916407 -0.49407604152101914] 0
[0.1222876652838808 -0.4762655557823826] 0
[-0.28417329523034396 0.773582932894489] 1
[0.10069381151066256 -0.4134754299914807] 0
[-0.12034871247490148 0.22735189623190427] 1
[0.1694396092439362 -0.558340750930833] 0
[-0.24710301782545296 0.6187380432578458] 1
[0.16997349556705998 -0.5409875383887975] 0
[0.11916466961135212 -0.4748027710048469] 0
[-0.31392014665318113 0.8875946763970086] 1
[0.18004840264198163 -0.6455159116607784] 0
[0.14812379435765055 -0.548080106174677] 0
[0.17592709904602855 -0.5709481422545408] 0
[-0.14859275876693795 0.3386647196603574] 1
[0.10132662113032352 -0.42034925301245096] 0
[-0.27656714618006173 0.760741923781429] 1
[-0.1975386158612159 0.6043699604610392] 1
[-0.25393167578595843 0.7069034247861783] 1
[0.14183528864145156 -0.534650013965599] 0
[-0.2130408179522713 0.5799404789946335] 1
[0.15657918345495492 -0.5801006647539146] 0
[0.16926642342238934 -0.6150867715986658] 0
[-0.03436279226167929 0.06506611075779128] 1
[0.17200892317971694 -0.560530908714404] 0
[0.158160945915883 -0.5533330911664653] 0
[-0.13933184388392064 0.35406659475627356] 1
[0.14597701734169755 -0.5470296575915736] 0
[-0.13228736038748823 0.3033136310476947] 1
[-0.2060374821023566 0.5248216139298205] 1
[-0.09174731825441444 0.20856834298735416] 1
[0.1779010207113954 -0.5883964989951609] 0
[-0.18047678654196397 0.5020827353842776] 1
[0.16721032619187612 -0.6027327535813688] 0
[0.14103179585243486 -0.5288703762101468] 0
[0.1761671449455714 -0.6109892940922999] 0
[-0.0835969779506242 0.09377311998862034] 0
[-0.245711866411365 0.6085819954116023] 1
[-0.22224606344483994 0.6061372990029256] 1
[0.15524500160702853 -0.5503025002760444] 0
[0.1604581445792706 -0.5745708748860019] 0
[-0.19986145620540746 0.484589117434596] 1
[0.07936780780328972 -0.3618884103135317] 0
[-0.146698275215982 0.3514211935457039] 1
[-0.21724822095781832 0.5290604429128796] 1
[-0.004564026400807547 -0.12891366482155964] 0
[-0.15674615635918338 0.35867298870236364] 1
[-0.16887075078758962 0.44478249190313984] 1
[0.19545621713930567 -0.4260912344499703] 0
[-0.12225370505675218 0.21897290351991122] 1
[0.11830448062473119 -0.4637607590656808] 0
[0.07735104524774189 -0.3537660582847054] 0
[0.03370577888018263 -0.23338379857332842] 0
[0.1394225711649772 -0.5276332569349522] 1
[-0.2856839171447707 0.7670803447537557] 1
[-0.0980229534793637 0.2455082840880365] 1
[-0.12774811386061818 0.2987756997835159] 1
[0.16724436225910078 -0.60579501407488] 0
[0.1847354698255126 -0.656496471894678] 0
[0.16380308840874028 -0.6015776890920121] 0
[0.1711233790187054 -0.6210742102171711] 0
[0.21176044123073456 -0.4653452535760455] 0
[-0.14947380790042053 0.3965285765548742] 1
[-0.16909415833990482 0.4587391989443248] 1
[0.17788247720193798 -0.5866117038040444] 0
[0.12863217625992196 -0.49773697653091475] 0
[0.19550443098670678 -0.47759862088847027] 0
[0.20127528439442857 -0.4755148619763525] 0
[-0.22585427947998202 0.6151263033756019] 1
[-0.3497495901794033 0.9776381057856773] 1
[0.18102304134473626 -0.6367754048841583] 0
[-0.2838299216750503 0.7923107415100348] 1
[-0.2689069203053799 0.694142411392231] 1
[0.16536976555399874 -0.5694489458489158] 0
[0.1551293511170051 -0.5373380145451063] 0
[0.15192476520372397 -0.5606717700041997] 0
[-0.19417383972441254 0.5985188196110538] 1
[-0.2715351937689493 0.7597067403007434] 1
[-0.20300915145278328 0.5245701652229546] 1
[0.07514900957909358 -0.34834079506347293] 0
[0.17801044955686268 -0.5620260392214966] 0
[-0.07715130826191896 0.13876830721479028] 1
[-0.28686018197358826 0.804443217652134] 1
[0.14868317114397805 -0.557316127978088] 0
[0.16444662284595465 -0.595909941023896] 0
[-0.1305343548996591 0.35363633622039303] 1
[0.1740069077589005 -0.6310277851297463] 0
[-0.29091488108047864 0.8148952730086374] 1
[0.14814133756601483 -0.5583074397039844] 0
[0.18486589062174746 -0.5712917950774987] 0
[0.06453590093891431 -0.3147298119253609] 0
[0.01793910125103931 -0.14564711001915365] 1
[0.17455847511299982 -0.5922851584783584] 0
[-0.23628973298433115 0.580765309279891] 1
[0.14459789234657178 -0.5182223773365057] 0
[0.15079555210303652 -0.5489332051016782] 0
[0.046503451506061305 -0.26790751172288263] 0
[0.06311693244744788 -0.3139803374048671] 0
[-0.1141060452094253 0.2864905540568693] 1
[-0.20910605143781227 0.5246397389611327] 1
[0.16220591608129314 -0.5089152048416821] 0
[0.18774106400051296 -0.6026534615578869] 0
[-0.11136436031035526 0.2980858214644076] 1
[-0.07259005129554971 0.1349665231136553] 1
[0.03816665839812044 0.11417998840242106] 1
[-0.23437327091312715 0.6028829425334381] 1
[-0.1279397356392944 0.26783265229613884] 1
[-0.1514183813913737 0.40689256284827063] 1
[-0.2784432962467225 0.7708104501994366] 1
[-0.07758678447364002 0.2681161330749998] 1
[0.17632755435559516 -0.5888464305156709] 0
[0.15693945784735083 -0.5737994321672116] 0
[0.16281346342188463 -0.5851986286616717] 0
[0.1199667599972486 -0.4728522347843872] 0
[0.15082537057623263 -0.5112193537387866] 0
[-0.2852932808777709 0.7814077040164127] 1
[0.09284007954351924 -0.39698880314857365] 0
[-0.2076270029859426 0.5611318970657938] 1
[-0.019816868354835496 0.0018564928367829322] 1
[0.1368745582721277 -0.521217032861647] 0
[-0.17532154288157265 0.4486953405803681] 1
[0.1295016152227893 -0.4954799109510267] 0
[0.14052523005447007 -0.5310175991818347] 0
[0.06101671826986803 -0.3076428340924965] 0
[-0.18604059499704184 0.4328806393401573] 1
[0.05645363684595578 -0.29496952352752337] 0
[0.18975722201399697 -0.5905234132132626] 0
[-0.11264784471805042 0.28032016390564624] 1
[-0.27426917912427995 0.7209641286508415] 1
[-0.24010932349284725 0.620995828951924] 1
[0.14273559250782003 -0.5382537582412834] 0
[0.12909510321351542 -0.49742237557359215] 0
[-0.08421178729014234 0.19043619729837907] 1
[0.1562020337094668 -0.5681803465663686] 0
[-0.31295287380626224 0.8464792199221165] 1
[-0.12779136912688904 0.2690765877447958] 1
[-0.11400308044936697 0.23595988774756438] 1
[0.14665520341915417 -0.5462309416886904] 0
[-0.2655483993326107 0.7355363196971576] 1
[-0.2488939045047801 0.6723830919798168] 1
[-0.21094175399141818 0.560343341550054] 1
[0.07379310703940498 -0.34492557739563645] 0
[-0.25236279322985283 0.6164320259403533] 1
[0.16973942371996054 -0.6168365729213947] 0
[-0.18274975933341137 0.4737017201970456] 1
[0.17165671672227795 -0.6042397156319409] 0
[0.16253161529422078 -0.5302737834467568] 0
[0.16482606392230253 -0.5824891575104733] 0
[-0.16406854032132429 0.3970992943193832] 1
[-0.20218725846460742 0.5116740456613627] 1
[0.13051747412216766 -0.49651500282562044] 0
[0.17039729236151568 -0.5878258110238757] 0
[-0.2852486151056512 0.7995130970626696] 1
[0.17061425105778033 -0.5625588867735141] 0
[-0.3110441366298341 0.8810298016616203] 1
[-0.1619582596536735 0.41459953209742006] 1
[0.17017804458572228 -0.5687660102228016] 0
[0.19773511653367312 -0.45332814502812835] 0
[-0.3496986187078782 0.9793637859162189] 1
[0.19739309968538554 -0.5994215596996892] 0
[-0.43144830434665404 1.2667428561031473] 1
[-0.26095745905147516 0.6493676281475838] 1
[0.17070685914672534 -0.5813940558697768] 0
[-0.2704115304419341 0.7506820878946632] 1
[0.15337847226435403 -0.5690048596690351] 0
[0.197680042410371 -0.4843598289134665] 0
[-0.25276450109764703 0.6179762093873007] 1
[-0.23384677710071233 0.6376419705197733] 1
[0.10653387011620682 -0.43362963106240965] 0
[-0.2156055309876178 0.5699783586784399] 1
[-0.10054999709556812 0.19637800481950018] 1
[0.03838605665005006 -0.24706108430703486] 0
[-0.18461905829993652 0.4616868880750464] 1
[0.19468491558981063 -0.445842218924123] 0
[0.1602204437207056 -0.5397408831230869] 0
[0.16425035572551216 -0.543707605325255] 0
[0.20208610514793773 -0.5026221920520453] 0
[0.15215396424132055 -0.55263622026602] 0
[0.16375137324233796 -0.5471668061043276] 0
[-0.23246787884462733 0.621794895927952] 1
[0.013814507801897373 -0.11102859161937023] 1
[-0.3789208825480299 1.0989435714942082] 1
[-0.31962113288454785 0.880075337796315] 1
[-0.2204608809269618 0.59493728920415] 1
[-0.12867792396555727 0.37231780635971046] 1
[-0.2240750318695958 0.585988589998576] 1
[0.10229626884994024 -0.42458384212024836] 0
[-0.13858034409107375 0.2455912173136886] 1
[0.16017558686685057 -0.5727531268103916] 0
[-0.0777387695527946 0.27433645943120083] 1
[0.15908356243836952 -0.5848026806953661] 0
[-0.2247262506238933 0.5773300584371064] 1
[-0.037241763854677756 0.049696289106349684] 1
[0.15575956867286245 -0.5527036152221312] 0
[-0.172416965399859 0.4477623325733553] 1
[-0.227958421145748 0.5833392935024382] 1
[0.1999320588798873 -0.5077505306471106] 0
[-0.12834833719393357 0.2644990567343863] 1
[0.08171264703710926 -0.3685050426265011] 0
[0.18059316648802218 -0.6452623794540737] 0
[0.029105271823867337 -0.22067378403599197] 0
[0.14666580640679144 -0.5507936646919163] 0
[0.1801874584976531 -0.543014565968678] 0
[0.17069139631421798 -0.45624143582202736] 0
[-0.1828199497852384 0.4284688521337504] 1
[-0.0704154932032276 0.05001572369675587] 0
[-0.2140168549758899 0.49907251718088097] 1
[0.19662551472808742 -0.4492364824972329] 0
[-0.3172056804239836 0.899514919499169] 1
[0.1642462051776004 -0.5706873095955585] 0
[0.2056174421403404 -0.5336219608227459] 0
[0.1558057031133137 -0.5764028462588446] 0
[0.17458658017084278 -0.5048600839475175] 0
[-0.13231446978402978 0.23061432049384378] 1
[-0.1834885891725734 0.41170516329703477] 1
[0.1609086419424711 -0.5878219770996062] 0
[0.16009758527904402 -0.5608675639861267] 0
[0.15897065127677107 -0.522849107155582] 0
[0.18094744582602623 -0.5456335394648864] 0
[0.19925530657346235 -0.5292007392393003] 0
[0.16565455503480947 -0.6028968990339432] 0
[-0.30433312267581897 0.8345032636354129] 1
[-0.25759373628031096 0.6478742334348307] 1
[-0.0061315438992338225 -0.126353304535563] 0
[-0.1371970356703912 0.43101234315767534] 1
[-0.1544119976080094 0.3372405613134516] 1
[0.14320313442335014 -0.3002401151505765] 1
[-0.07661743720612371 0.0717646810978799] 0
[0.07874987529753821 -0.23991324976846357] 1
[0.16058353785570428 -0.451616778437966] 0
[0.10394022020678723 -0.42907314368419913] 0
[0.1587023856979297 -0.5804864292932979] 0
[0.16584558509755964 -0.5987473125639624] 0
[0.14914797625582782 -0.51903311542674] 0
[-0.03893208429248343 -0.0376053878398247] 0
[-0.21808403108590893 0.5921183627715713] 1
[-0.23463555958566795 0.6046200132000406] 1
[0.14404181846929007 -0.5438959551272773] 0
[0.18395343371173123 -0.6188478976718355] 0
[0.16966049292157148 -0.5495972702030401] 0
[0.06744365791452295 -0.3264603635239634] 0
[0.2019733367888032 -0.49741600893240734] 0
[0.16452349044186187 -0.5219108284505849] 0
[0.13442511782302446 -0.5030148267431505] 0
[-0.20018174064610128 0.4354399642606294] 1
[-0.1749123066859736 0.37149096519581] 1
[-0.07844706876007021 0.2189466127594853] 1
[0.1500874549784617 -0.5554598138360565] 0
[0.07881709566141187 -0.35755225048594075] 0
[0.0377974491562576 -0.2421929377937372] 0
[-0.045890706665840914 0.06516072435526794] 1
[0.0505581887676852 -0.2799996389446992] 0
[0.1388990299480966 -0.5270256911013682] 0
[0.134838719110737 -0.5146190076608514] 0
[-0.28661467655681083 0.7993842653201224] 1
[0.17377782842163647 -0.5578906349219026] 0
[-0.1669906470080509 0.43661704556789926] 1
[-0.18872315018205355 0.4572004320609242] 1
[-0.26970222605914884 0.6892967185895882] 1
[-0.17258929678881546 0.45248413451339575] 1
[-0.13921718595445823 0.3159902427375181] 1
[-0.24607301827340405 0.6796986764417154] 1
[-0.2243774476737509 0.5243148122015928] 1
[-0.24376366731998655 0.5834545698512912] 1
[0.10317233831133663 -0.42565755505526714] 0
[0.1934652292130159 -0.4384317499798429] 0
[0.11172776036413423 -0.44901283681283266] 0
[0.16113162497349157 -0.546317204057048] 0
[0.167289909043984 -0.551923935586381] 0
[-0.3413263241548726 0.9760580519231634] 1
[-0.19195956947500578 0.47285170928937736] 1
[-0.20028193950713497 0.5364412005240455] 1
[-0.30893093595527077 0.8685026400462419] 1
[0.05404432890239275 -0.28744025479480706] 0
[0.17888161358170995 -0.5311839322514273] 0
[-0.28377454823542836 0.733306743172696] 1
[0.1737499661710725 -0.5537849383884257] 0
[0.18581020599350984 -0.559147502153085] 0
[-0.23899389204810953 0.6206951362471831] 1
[-0.3088127714809883 0.8330401336917955] 1
[0.09742770388384192 -0.4084454376484802] 0
[-0.41102620363964437 1.1962242178173463] 1
[0.16638206245971088 -0.5159812026011174] 0
[0.16882116145291334 -0.5964947552967945] 0
[-0.2505208797068665 0.65794504863704] 1
[-0.29002512537903635 0.8153517928505606] 1
[-0.236401723878758 0.638534870378256] 1
[0.09850161945703506 -0.4137129182937501] 0
[0.1177778400909611 -0.4694223523417365] 0
[-0.1595617045553407 0.3624260968729137] 1
[-0.0009312337406351147 -0.13938981066769893] 0
[-0.0635808815635614 0.13090221888053877] 1
[-0.2447263320586815 0.6493422316682813] 1
[-0.1131003706218815 0.25251556721591495] 1
[-0.27330042716821523 0.7575915964940636] 1
[-0.3252017433202036 0.9138748315807064] 1
[0.016811470914867323 -0.18601696865238274] 0
[-0.17368546250282663 0.416228381827895] 1
[-0.14086333385207922 0.38699876686840556] 1
[0.13979188029157447 -0.5328142149395685] 0
[-0.06066853971285616 0.14526649970962724] 1
[-0.2745682778358065 0.7268654025272296] 1
[-0.2491808421759169 0.6933222336079979] 1
[-0.11093554631171301 0.2580331241329797] 1
[-0.17556806922346085 0.43833995685392046] 1
[-0.17442654422648557 0.3533598444345242] 1
[0.17301514695572365 -0.47271157366292715] 0
[-0.2307297387619604 0.6339168342188176] 1
[0.1459303636662479 -0.5368828317623696] 0
[0.18843179805069793 -0.5146710778493817] 0
[0.14042103872018533 -0.5308724413154138] 0
[0.1818698195788787 -0.5583824138904396] 0
[-0.1875222593167541 0.4473307706160956] 1
[-0.08671773602659835 0.11456528198047211] 1
[-0.13713075263204755 0.4810279770944605] 1
[0.128915875626898 -0.5001276587214436] 0
[-0.16296161562089573 0.3918395182586751] 1
[-0.3281548232022361 0.9124581590074312] 1
[0.1744817938780408 -0.6297629965470279] 0
[-0.21987721899443438 0.5751186534784392] 1
[-0.1461606109033494 0.400255793574567] 1
[0.16923514869992545 -0.5470194907228532] 0
[0.18065732561167838 -0.5843503390299325] 0
[0.1584365054747292 -0.5835709378854053] 0
[-0.35533856905711125 1.01256150942381] 1
[-0.2580312452576585 0.708522671252064] 1
[-0.34846178570634456 0.9781965174763143] 1
[-0.31879575450633935 0.8782763906054295] 1
[-0.3293921679333419 0.9390180303864881] 1
[0.07998205076941646 -0.3244135610163811] 1
[-0.2488306055521451 0.6371287921634716] 1
[-0.2861397602411334 0.7518620544095986] 1
[-0.16417341953390888 0.3994682540644149] 1
[-0.2357112035238268 0.6444572414780534] 1
[-0.20373493157001657 0.5673905767039911] 1
[-0.28546613975385704 0.7645087331600307] 1
[-0.19431600053791198 0.5056536591632292] 1
[-0.1428594491774049 0.299296518089816] 1
[0.10424494266603762 -0.42934594114585123] 0
[0.19326861327288075 -0.46079551309435285] 0
[0.15311879704342107 -0.5037112396712282] 0
[0.17437184328776006 -0.5551335512917472] 0
[0.05658342159149406 -0.29574886857459015] 0
[-0.17637779377234786 0.4458005538403208] 1
[0.13702600560942002 -0.525416562721009] 0
[0.1715008503369223 -0.5960525762973803] 0
[-0.14615887458147092 0.3768623089639975] 1
[0.14667637601839678 -0.5536879256959043] 0
[0.15873947927657026 -0.5851598388631377] 0
[0.16460413103708127 -0.5820307670793843] 0
[-0.406311343223647 1.1767173099750834] 1
[0.18229364834009315 -0.5536572397068023] 0
[-0.23695162836676992 0.6493135231959891] 1
[-0.24657062515577016 0.5962928888702983] 1
[0.17105664864992853 -0.5973368938729244] 0
[-0.1727302809701991 0.3638508066913122] 1
[-0.30629508198019195 0.8428489974433521] 1
[-0.16360230634579664 0.42704129557970644] 1
[-0.08742520342011945 0.11467840511192573] 1
[0.12718194785072917 -0.4984477510576151] 0
[-0.24152449332572543 0.6630025238107611] 1
[-0.2347410843926353 0.5530745621818028] 1
[-0.3610102182082792 1.0402008120838668] 1
[0.1529407387746881 -0.5701470982149069] 0
[-0.10171781161560516 0.26706400109244555] 1
[0.14735236179370853 -0.5525122519366584] 0
[0.0032875246953952076 -0.09517238046712392] 1
[0.14589365117934616 -0.5402423226046866] 0
[0.16535536258983896 -0.5509149000533036] 0
[-0.32394500279943683 0.9248607648975007] 1
[-0.3336946485166605 0.9524637772637456] 1
[0.19601895196500502 -0.47166214250233257] 0
[0.04619784834086545 -0.2673578538272289] 0
[-0.08077694993365131 0.23763412458419064] 1
[-0.25721017223202214 0.6554554589078916] 1
[-0.18923406845593355 0.49002813513423316] 1
[-0.16285042393762722 0.4154345402618225] 1
[0.37001897594802013 -0.9296556033327517] 1
[-0.11338201967782512 0.2498940343093473] 1
[0.14823475545012543 -0.5485144055046403] 0
[-0.023606357876700998 -0.03135515659239463] 1
[-0.2830527403175358 0.7786956868311405] 1
[-0.12284340165136264 0.25446993171479915] 1
[0.16785588581341743 -0.5729576853778857] 0
[-0.2507145584575152 0.6851453640005151] 1
[0.010768009218247306 -0.08036062582366985] 1
[0.16618129748272104 -0.5707890184479425] 0
[0.1475422898322697 -0.5337036381424111] 0
[-0.2588279780845606 0.7036101233512893] 1
[-0.1361239528843263 0.25051195399551307] 1
[-0.10907679010296757 0.26175367665939786] 1
[0.1579918885974385 -0.5224647875402988] 0
[-0.24753953652030702 0.6519001417204934] 1
[0.15115623957249835 -0.5239142657649003] 0
[0.167575438774538 -0.563171680577974] 0
[0.12299940093003817 -0.4821142291050063] 0
[0.07729546588266525 -0.35402820913867805] 0
[0.10482489535151973 -0.43232643629335843] 0
[-0.18975905640763185 0.46089275502773075] 1
[-0.028324829476448498 -0.06650092338084956] 0
[-0.30185135996423756 0.8242439637818229] 1
[-0.20463932813414343 0.5497933859182854] 1

