[30.240096680834757 13.365657712025588] 0
[18.441783379941274 -8.997163922359057] 0
[-4.588139391568023 -26.062753866801273] 0
[3.8291357731110014 -28.50381234750486] 0
[2.183369316795477 -5.45807491917361] 0
[-1.4877662979498267 2.716811905963702] 1
[-3.7256148292148987 4.09967184608243] 1
[-1.8623251482047254 0.21487482596143592] 1
[23.01511617627297 10.815147746202197] 0
[-1.123373529737049 6.2706253962636875] 1
[-3.206592469996812 -15.12522973997163] 0
[-0.15214963810886628 7.003753770734296] 1
[2.3518373251232467 9.150889296065635] 1
[14.718397952912632 -7.75282616968325] 0
[-1.5475677189712154 6.2384577838655595] 1
[0.011721756272338204 -10.245770772332701] 0
[-1.078470394596285 -13.446651777271073] 0
[-2.1651865036291964 6.404375042658158] 1
[1.49739780602975 9.306183788775023] 1
[18.293833329026608 11.76993098102367] 0
[9.85116840221366 -9.076071224584187] 0
[1.3381295183802875 9.23372007167769] 1
[3.1337861374717892 9.509037902653942] 1
[14.569187061914771 2.849613640553457] 0
[-2.9463230995555945 3.4850027476129597] 1
[2.0563668199723395 7.6287899324466935] 1
[-1.4980283461631072 6.311238253037269] 1
[-2.391781395748008 6.207202664721122] 1
[4.32861502896187 10.085073617738647] 1
[-1.3592816771107037 3.850219913114793] 1
[2.6158871224026354 7.814679736074546] 1
[-3.9116249853797145 -0.8641368645910649] 1
[-0.11057329291900272 6.096487820357698] 1
[7.337224578507307 -4.980427320243227] 0
[2.446633781343697 8.16578680563082] 1
[-1.77411956002959 5.29405151938724] 1
[0.07290754763510485 -14.301200692267908] 0
[-1.5670530844604125 5.468681964027535] 1
[2.4501539068846188 8.114618357358696] 1
[-1.4761170742775684 6.314386857670641] 1
[1.6048460342838615 -15.374136361009285] 0
[1.4086992856578404 9.269805255755625] 1
[11.169578331217304 5.821363831543643] 0
[-1.4852826705813298 -14.865676018492914] 0
[-3.0910877159100254 4.340738248738875] 1
[-2.0436642674947265 5.322678922878782] 1
[37.20964767755141 16.56936544316341] 0
[9.187725256710191 -10.944156604132978] 0
[-0.2073664529767288 6.115787743743429] 1
[32.47194538069475 14.818456758746283] 0
[-3.7053716917033626 -7.995729730868675] 0
[10.753304808282564 -10.14590677934643] 0
[-1.9128598166564426 5.774642459149877] 1
[-1.1566479611699951 4.144159045341635] 1
[7.542899730207903 -25.68417004645586] 0
[0.25036279336954914 8.639533745431859] 1
[13.224911350632226 -2.227233165722855] 0
[0.6530595776027464 6.1368226111414765] 1
[0.14396008653873477 5.21094506603492] 1
[3.18917947849015 9.475629319364565] 1
[0.33777852017498766 5.1709426460335] 1
[-0.9579817007057347 4.862652781774964] 1
[26.213457149687244 2.564438401318568] 0
[-3.1117474906855653 2.2276148455193114] 1
[-0.6289147094529337 -16.471089575539317] 0
[-0.9594195029317665 6.292876771522975] 1
[-1.3582633343855373 4.76970067904581] 1
[0.6425505393804567 8.667918809072189] 1
[1.0721389062273874 7.261326009430773] 1
[-1.3492032618696548 5.743010874109988] 1
[-0.9269986173794635 6.249405986976731] 1
[5.6795832130172865 -8.308956706534454] 0
[-1.7953827684702566 -32.488584733074184] 0
[25.014854262354618 12.436984655898936] 0
[0.7878580175304322 7.5029779923007816] 1
[7.299558327994294 10.817697216237246] 1
[7.631224437743175 10.205410995692052] 1
[-1.5472722823832752 4.6707468365277585] 1
[-2.137533615341224 -4.070544246646614] 0
[10.562546646699564 -3.023325602975432] 0
[-1.9222223466205561 6.022537390334708] 1
[2.7101495391990014 7.215125411877047] 1
[23.20129454014786 -1.9310064918223566] 0
[-2.896190762278775 6.360988714398364] 1
[-1.1868229753770172 4.474214045360846] 1
[-5.101112329117183 -25.855776456202676] 0
[-1.4191733809897886 -14.846808271527458] 0
[1.759315401840214 -3.7561101735119125] 0
[-0.4612078287256871 3.992213533879987] 1
[11.477798177887454 5.652535513132403] 0
[1.4978877215428736 4.8782335922864695] 1
[10.945076349113018 -2.1473294632682047] 0
[19.7370954567507 13.129364641197549] 0
[-1.6046080909849056 6.342922941669969] 1
[-5.398256147517128 -21.596325128019394] 0
[34.09252348254303 13.855978002027506] 0
[26.783413222082654 12.721723655003704] 0
[2.9397857139611387 9.6402917923143] 1
[14.262507959093618 0.9201867511263857] 0
[1.750664420379484 -7.774160331069715] 0
[17.87161905793543 5.491804232501499] 0
[-4.502914560350823 -19.429358697369082] 0
[-1.7439929755843218 6.626711165588718] 1
[-1.3513453018697899 5.844230800105239] 1
[-5.637115584795126 -19.366014598186986] 0
[0.5408434838582727 6.699592251547832] 1
[20.5251267855355 1.2023736003553158] 0
[-1.1495693462558167 -22.387111156252487] 0
[1.3317546089774304 -7.750889743417229] 0
[-3.0492588441312476 4.984585370666254] 1
[0.17913575892920525 8.01900217717238] 1
[-4.192213364834119 0.7082063542553226] 1
[0.019338617189537388 -3.857557759980913] 0
[-1.1114640693485918 6.2014614869567595] 1
[3.071419851339118 -25.14934553599352] 0
[-1.7846029616675134 5.318736778547555] 1
[9.761005608392292 7.0092848211366015] 0
[-2.6123348901161343 -11.879345222270462] 0
[-1.8030792533968847 5.481535953204798] 1
[5.159112970780403 -35.40191199758774] 0
[-0.3586240586698095 5.893477106678613] 1
[-3.8330640137092127 3.25452069454049] 1
[6.8632912188132185 -3.80457053677279] 0
[-2.9861706489739364 4.57377054244968] 1
[-0.510308659563258 5.188057119238708] 1
[32.064607054710635 3.7920125683961374] 0
[-2.3199715372643377 5.585088690447059] 1
[-1.4990815573343712 6.033600243717785] 1
[8.066778177591877 -2.8864770196554828] 0
[17.764222279840666 2.5333981930018306] 0
[4.620290948396681 9.396831122519012] 1
[12.980109380494078 -2.100178835697766] 0
[16.79351325256293 -6.099271940346215] 0
[-3.8458051318601383 2.1425903151596835] 1
[13.507158856609891 7.915122060253937] 0
[8.815815526423304 -6.782038957245508] 0
[-3.6882084645356015 2.886538484966163] 1
[-2.270808007855867 6.457830580425909] 1
[2.4000370148517263 9.503740275254751] 1
[-3.7607281170206206 3.962168463158517] 1
[9.687476427839375 5.487256642875473] 0
[10.616247069141384 2.8900565727696272] 0
[-0.7626508269753318 -13.478604479408347] 0
[-2.8828201904481263 5.510898370134915] 1
[31.36024022479946 14.59296317214664] 0
[15.323420130386742 4.870813482719372] 0
[4.837036261257984 10.281014197444435] 1
[-1.0323923838296554 3.5775336656429118] 1
[-1.8198890020322964 6.359491526203298] 1
[-0.584971313485787 4.527005900628069] 1
[7.304670393551923 10.721761388972848] 1
[0.018457256362381137 8.081030523885147] 1
[3.069838274295254 -19.659736441020986] 0
[-0.9169067264736515 6.74018020335607] 1
[-1.2011427878225898 6.813761053168209] 1
[25.863236399313294 5.147294355000662] 0
[9.887089148280303 2.621851863707893] 0
[-1.1578393548208825 7.2190747365064] 1
[2.038089462448914 -4.754900292044769] 0
[-1.346043408876926 6.409795130431389] 1
[-1.495604666910153 5.926854338322286] 1
[-0.7154258961913694 5.065672165772883] 1
[1.405134854501836 -5.876905665989733] 0
[-0.03523158530852825 7.151349358522522] 1
[14.97505538662929 -32.64898484209303] 0
[1.9539324151382882 -20.46099210796374] 0
[33.56526966452397 12.599741097621164] 0
[0.1003408163358514 8.73443755486008] 1
[-1.0748632054665928 -9.83567928557218] 0
[46.90420452339202 18.026908083733566] 0
[4.750522498250594 9.279789282143316] 1
[12.730909532110346 0.2235776066065212] 0
[3.9284390100742 -7.4165503999028415] 0
[25.664810601503593 14.676344656649015] 0
[-0.8954380280556349 4.922559810387691] 1
[0.8755078469622792 7.708134414572065] 1
[17.22661640064009 8.314150887507072] 0
[23.54519236774093 10.239872187846704] 0
[13.317020254898189 5.126620158379271] 0
[22.659523120958447 0.5355564200786673] 0
[15.515824995825248 12.677786185380949] 0
[16.767464377486256 -7.332888051218356] 0
[6.4868534053270706 10.2123212302049] 1
[3.0732779917082427 -11.26726562488599] 0
[-1.4770255672425174 6.233628935486537] 1
[-2.670990447305467 6.451787467107291] 1
[-0.9460947455560921 6.168687731179243] 1
[0.727182689664412 8.549298276575474] 1
[3.6946470492196184 9.913039763896505] 1
[-0.34424208161172076 6.18990466397656] 1
[-1.073992099010827 6.176558719766795] 1
[-4.30208500372798 -0.38002851142829625] 1
[18.949887206899483 12.30103609225624] 0
[8.156527497950151 -17.38964636272587] 0
[-1.7023414838636435 6.35132600282877] 1
[-2.711480057410615 5.913868162634061] 1
[18.3206861036576 -4.055921128818585] 0
[-3.6622112221708925 4.017340179549411] 1
[-0.7539291262972853 -1.9071711523868125] 0
[0.678714457540134 8.085779060082466] 1
[0.13981848061297614 4.447037419422884] 1
[-2.117646554931884 6.555123574375607] 1
[-1.4889144772710952 -28.458130816796675] 0
[1.853749834051436 6.038290928635064] 1
[-1.7042658255891157 5.339751544869407] 1
[8.724365644732213 -0.7679858986110315] 0
[-1.1699332781566105 7.119696161911349] 1
[7.85761004640632 -6.630450837868977] 0
[-2.136787357697096 6.247635976766742] 1
[-1.2904970104247813 5.7117942766056755] 1
[-0.34116766039667074 3.3004659309799598] 1
[-3.050792297660718 2.701829282464415] 1
[-1.2396994713401168 -10.312543901613441] 0
[3.196283606168643 -0.42714690309321446] 0
[16.585043459966002 5.6411577724838] 0
[4.681815445841075 -16.26057963080147] 0
[-2.4018895839250503 6.728613774210574] 1
[16.033954645216355 -3.1832226782992015] 0
[-0.541718449107567 7.144696069968033] 1
[-1.831945574062642 5.640468724807336] 1
[11.483226533642206 11.131760504990527] 0
[-3.345360948926496 3.763986705882684] 1
[4.9891757204506115 9.881953360175409] 1
[2.9904083757345785 9.649761179802589] 1
[-0.3271376892484779 5.856524236346089] 1
[24.564145117841267 -1.636629198547399] 0
[-1.6749000481260763 6.176124654782884] 1
[10.045535582935333 4.18373055760946] 0
[-1.5665947207476023 -4.752352501180189] 0
[38.24515713123208 4.78539013104915] 0
[0.051018208163623055 8.583608533304297] 1
[-3.839956774026122 1.9951892522222998] 1
[-3.746845018284855 -8.556647127934642] 0
[26.509467080777302 4.9574585656747026] 0
[6.645975701930865 -19.321854756506777] 0
[-1.7472428774301503 5.122346075949017] 1
[8.957923930489724 2.7075624698006413] 0
[-3.2475608205481983 4.763024423973199] 1
[12.11729808549931 8.289546725164243] 0
[3.9211573632002805 -17.22637303307591] 0
[3.182277497557345 -21.67801539791916] 0
[-1.7800899010978033 6.32461846981991] 1
[-1.7648517219144115 5.467613296660019] 1
[-2.0190335296948465 6.021770848923277] 1
[0.43110685341603394 -16.340837605754636] 0
[35.543339208852885 16.219789756359695] 0
[-1.6185903183235864 5.188598341483328] 1
[-1.309836331727305 -12.631874052840224] 0
[1.5462848839345011 -20.968844187912836] 0
[-2.9153421790104144 1.0510330739233247] 1
[-3.21506766435275 5.832928337419] 1
[-1.0970539870500016 5.878670051059353] 1
[22.164976461180416 -12.375728682554303] 0
[-1.5650144863515956 5.468323227946996] 1
[-1.1203696744193001 -7.038304204697104] 0
[-3.606075491404389 4.904045743901156] 1
[-0.16716409413152536 6.041414933886156] 1
[28.669842055082405 14.606325998999424] 0
[-3.5780218550970266 -23.924100460063507] 0
[8.192850480344141 -9.222313810551661] 0
[12.169690109236171 3.084528335768115] 0
[19.51670965934746 5.683176578447011] 0
[24.360851856075833 5.786392097503416] 0
[-1.4372123916651445 6.494569558114357] 1
[0.844547379056687 -33.98592279829142] 0
[1.5480676620190383 9.180031406642303] 1
[25.381566552279267 11.35866278091375] 0
[33.31276323847021 5.491904292700628] 0
[17.867471229365243 -10.524635776081126] 0
[18.155053591848272 5.630664261334823] 0
[2.4161119193935 7.342218322956381] 1
[-1.9460914488949377 5.094561216952892] 1
[-3.2439030833026354 4.102214504164833] 1
[-3.013072436761248 6.347031181225472] 1
[1.015289092997088 7.537361096185238] 1
[-1.3338426440911038 -9.630244663648446] 0
[-3.290257864852709 5.079955156836619] 1
[31.94443026699988 5.208942913405538] 0
[-3.4066795513983728 5.105203987520813] 1
[0.3882082636314724 -19.72876359737223] 0
[-1.165881165983903 5.144420871549705] 1
[-0.31315121836984555 7.749015490892157] 1
[2.287416566716934 5.88270041097031] 1
[21.409202355581414 5.33030534191222] 0
[0.8496840098523595 -3.536921751622483] 0
[-5.3135354337481875 -14.638635860422617] 0
[-0.28811793229381893 5.567792787523929] 1
[13.111364914264776 -15.545850343918652] 0
[2.6675818932793436 9.109120118996728] 1
[5.487979863889372 -1.210978932984982] 0
[35.47545369068489 14.416461024509992] 0
[-0.5826391446351151 -11.782036967251948] 0
[1.9380959683718226 -22.1428066950723] 0
[-0.32244466135372774 4.58406722022002] 1
[-1.5497716356347562 5.7802699728420865] 1
[18.740950946172052 -4.315978380531469] 0
[-2.280748640526376 3.4257383848589065] 1
[1.5767990799831242 8.811793113924082] 1
[18.906012634233388 12.966513673153472] 0
[10.933320459348003 5.669610336045629] 0
[-0.20034986425952278 8.63345847834651] 1
[32.828484474377134 -6.673576095489555] 0
[-1.5966858931452141 4.768244859155805] 1
[4.219249722159859 -8.854021228631098] 0
[-0.49004430211431815 6.153233620315939] 1
[0.2248124732643229 3.724197809347374] 1
[2.628958014366443 5.628310784800695] 1
[18.172762589363195 5.626216378168314] 0
[-1.1029984948854974 4.9086850772421045] 1
[29.536717564084277 13.713152387194157] 0
[3.749840738606669 -14.233368541013505] 0
[-1.6156748350889405 6.29526422656506] 1
[-1.898827463763333 5.749651003209831] 1
[27.764464692459992 5.864588686860351] 0
[-1.4167108803339201 5.209861039679081] 1
[32.14514996405377 12.0059096563699] 0
[9.218237924562288 -9.979578087401858] 0
[4.808575738474627 3.6264127687823815] 0
[-3.1317856470732535 4.47898267278447] 1
[7.843110036663646 10.701086084393708] 1
[-1.5970303972340174 3.334707280727545] 1
[19.045665149408855 -6.194206924339583] 0
[-4.890193614050102 -10.634559555119973] 0
[14.504192905868269 7.364716397978717] 0
[18.60083909913727 11.998256120775824] 0
[0.382175936142371 6.132674218541051] 1
[1.2625781034274117 7.692313349323204] 1
[30.26034561926228 13.089543744235367] 0
[19.962971478670582 -15.74377555722394] 0
[1.2053477443246148 -16.288052048576088] 0
[45.395674642968544 17.238470927951507] 0
[1.7236243006150849 9.304134730035308] 1
[-0.6456475417564784 5.425714298683737] 1
[-1.1859603988244865 -3.221067015946523] 0
[-1.6060127854731483 4.981578163925322] 1
[17.27291297533519 4.195930567994601] 0
[2.1229391647070663 7.641887284025442] 1
[-0.688594196459714 4.866423179671285] 1
[-0.04359304064789406 4.740155551060029] 1
[-2.382730714931247 6.499211609228005] 1
[6.900394994283475 -4.049886461226627] 0
[0.3012774336317362 8.165865824942623] 1
[-3.144656347778475 4.825952192816851] 1
[-2.7661580163064254 4.1413856540273155] 1
[-1.195897220170465 6.28932968789203] 1
[0.03841475152409388 7.183608938126082] 1
[10.739382821450366 -17.954259998737008] 0
[7.054602688044238 -9.276083173906855] 0
[-1.6252978719081432 5.01079012475458] 1
[2.5565214838558297 9.223734328678677] 1
[5.707666031286235 -0.5456269257112494] 0
[17.304612586287423 -1.7009079327816488] 0
[12.959828516188983 -5.815523027889721] 0
[1.87945728656595 5.8691343923605785] 1
[-3.6190601681268637 -19.733571493216594] 0
[6.645825650307115 10.790133076468713] 1
[-0.6498193045391463 5.920274084510231] 1
[-3.0919314160528337 -25.06734494189805] 0
[9.11492663123545 -5.0560022468573536] 0
[0.8847024597478202 -3.9026363625209948] 0
[-1.6131743371785199 3.433242241851261] 1
[10.842072238100638 2.3332102251897466] 0
[21.824399035946826 -5.2792173968950085] 0
[29.09877729058652 5.140878918142711] 0
[-3.473829456341763 4.002726800072882] 1
[7.711123305913908 0.7544534012169574] 0
[3.9188556382662405 7.819674144405296] 1
[-1.818389482044611 5.472398866872315] 1
[1.9316431234957832 9.373274150474035] 1
[0.10912829182149775 -7.517532177599739] 0
[2.7933861468048127 9.57766689781198] 1
[20.48242061476227 4.973029115885952] 0
[10.908249336277343 -7.693661978029654] 0
[-4.854049121130036 -16.378530393164716] 0
[-1.7945334889482187 5.548500401495481] 1
[5.529648256103759 -3.056769688596356] 0
[40.997415520170364 2.489972830656625] 0
[25.68905624960444 -1.3410289752124578] 0
[-2.5232971990668895 6.947746273894565] 1
[-4.045321378989417 2.0160574465892704] 1
[-4.842795299708449 -9.821433927042722] 0
[-1.6476375979425044 4.26837583257694] 1
[-1.4010458831496377 -19.111424199296618] 0
[5.912154883595572 5.244770127415235] 0
[1.639448994872089 9.252111279987282] 1
[4.805703746771242 -20.698981359705652] 0
[5.442780902830732 10.223445951587912] 1
[-0.6278283991125135 2.145589765305137] 1
[8.708121889089384 0.807226714357292] 0
[25.510271626705915 6.747964891735748] 0
[-1.0554965561893104 7.65136849356475] 1
[-2.174693665128302 6.45371983757804] 1
[-2.312137724999406 4.871586166024561] 1
[-0.5037517455778373 6.223567920214542] 1
[16.027198004847495 4.250105764422775] 0
[-1.5780287666794948 5.0133680537660545] 1
[23.37325709177935 11.318594929284338] 0
[-1.5702883841439323 5.228820072624149] 1
[-2.9587726863045516 6.377704942602186] 1
[22.64259098058477 5.666513862760681] 0
[3.339902330709509 -10.404322646269566] 0
[11.031272547151243 1.874133975959281] 0
[5.210016384663552 -14.47873856422762] 0
[3.450426375014249 7.800869021884797] 1
[8.503010761178459 -9.592604490631778] 0
[-1.3867707125138038 3.966319255469944] 1
[-2.5521167078972553 -13.869535362285161] 0
[11.744917164820613 -16.568629034132947] 0
[4.088115766573578 -10.931928072663293] 0
[0.8509519511470434 -13.415636832626127] 0
[-0.38739637338191213 -14.670865383648223] 0
[-3.5624885521912795 5.103130231555715] 1
[13.826845715215342 0.32079080276196337] 0
[14.237054113367712 1.402998584067973] 0
[-0.4729555300215408 -23.39620482290109] 0
[0.10223291965322923 6.276254789457601] 1
[3.8373100540974194 -1.4589038059414081] 0
[24.28835590059196 0.6253772117527866] 0
[10.330279444167736 4.400941578958679] 0
[-0.49832289993474344 6.183821723251057] 1
[-1.0003101868081827 1.8936818055675613] 1
[-2.4298976362442395 -15.28996534580659] 0
[2.341142303884422 -24.111287969122014] 0
[-5.791355095996927 -21.93442599809936] 0
[-4.0994351185742195 -16.828276561198923] 0
[0.6864636228150856 -33.944101228274846] 0
[-1.3178759757532215 5.68683889783252] 1
[6.701663692796078 10.798589561523617] 1
[1.1531314335510596 8.841713133509558] 1
[0.9066226086405487 6.413070330649334] 1
[-1.7940081534523382 5.483125784989843] 1
[12.666171114013828 -5.694964949863063] 0
[-1.3192344016972308 4.829400341631859] 1
[6.150836278021008 -4.317983835725655] 0
[-0.11311770917498293 8.62941699006044] 1
[12.140282991790954 -3.1300565782461787] 0
[13.69114060600495 -7.161950223122567] 0
[0.6091672179130299 5.4811820251655] 1
[25.51965397581535 4.91705687090286] 0
[4.119789598367888 -15.13076067456435] 0
[4.1957147350322614 6.5309790735528255] 1
[0.12151043908116328 7.555510659433818] 1
[-3.3785921683229 0.5071090123264098] 1
[-0.6204393966316168 4.57682043487277] 1
[19.498787943694833 4.861849601890439] 0
[0.9353853546638171 -2.7830228721637997] 0
[8.146992798917815 -6.122125267508115] 0
[14.410600401815053 5.139386934130569] 0
[28.90392588311481 5.087232182967067] 0
[-1.5150623065856497 4.2149672407249605] 1
[7.808882275621084 1.239733322232905] 0
[1.349156931662188 2.4524881166299854] 1
[2.1295756228326006 1.870371769069258] 0
[-0.6648040510135019 -3.7817613067649374] 0
[6.353284807634891 10.29182203818852] 1
[-1.112536434494511 4.6464074839681775] 1
[21.351946120469297 -1.6939938741520908] 0
[21.69152932005008 4.15363123991047] 0
[2.0272087568019814 8.416302726625943] 1
[-3.2931453596311924 4.623559106580808] 1
[9.022250841351719 4.891276895911567] 0
[-0.6523559165272248 4.37606784524204] 1
[19.471451723095548 5.70589341896113] 0
[-1.912745420109614 6.391757025059373] 1
[-3.0841311065804815 5.35345297323627] 1
[2.476311992876096 7.146720272360023] 1
[1.926683902399839 -12.024030539976497] 0
[28.09782538571099 -6.834105820813328] 0
[7.70166883640171 -2.4323632513246825] 0
[-1.6969641186204218 -14.371094570025953] 0
[-1.2143790480215575 5.373537000857228] 1
[2.4586603900199235 9.20178840514426] 1
[11.137136561549005 5.514500157459423] 0
[-0.8922323726702852 3.506506955277601] 1
[-3.707983519110977 -3.2845411409126952] 1
[-1.626010952127101 6.467686860127991] 1
[-1.7845791898247947 5.312549345096238] 1
[8.777977919611569 -2.6315419898735275] 0
[15.414021529853436 3.151765156764978] 0
[-1.8540405038504126 5.599703911438912] 1
[-3.4792640871976683 5.469846593073793] 1
[17.926635311588832 -3.596813472988765] 0
[-0.19482611330648372 -16.693129322189108] 0
[13.318297416104993 1.2259571530874396] 0
[-0.3386450131635524 4.072027537158297] 1
[-2.4204440000767433 5.533370515422462] 1
[0.476364759292052 -16.21518903509139] 0
[-3.6478285753712214 3.7964977365716717] 1
[32.22026257703564 5.574978077208998] 0
[37.67780157045566 14.741979115172859] 0
[19.006482634141825 11.835218482276119] 0
[-0.8116574649964292 -11.798845844487847] 0
[3.2007681867571485 -24.449151051946323] 0
[-0.5855146696239073 4.474199360287732] 1
[-0.7203996651785687 3.62607821775146] 1
[-3.6190860674265517 4.324661539961751] 1
[4.467555934771601 -8.580409820558849] 0
[8.842826636250699 0.9324726556445284] 0
[8.818221255828327 1.6026958978659342] 0
[-2.61022334278233 5.84180926243509] 1
[-3.651691084231497 2.9916960804079276] 1
[-0.8097318658050671 -8.432636369298713] 0
[-0.868593801228734 -30.99920683381479] 0
[21.279209475335755 -0.16074639657973683] 0
[-1.6317892013637958 4.192665874647305] 1
[4.1063617741024885 9.993780719389331] 1
[1.1557883406701746 8.076777387142693] 1
[1.901331494477764 -5.0108608000909065] 0
[-4.857141962029723 -33.702923306316976] 0
[-1.4540251841122962 7.171653562383943] 1
[16.72714193814201 4.692249035713058] 0
[3.5341526524482987 0.20267315141273679] 0
[-3.7928531211662624 3.4717692888812812] 1
[8.847959121095279 -2.286720521774143] 0
[16.932919109540464 -0.7308166385253267] 0
[-3.454936176352008 5.24799598512631] 1
[3.701264422290178 8.185869958086823] 1
[-3.736190083824963 3.8923665424800467] 1
[7.974485297693247 10.98879641366938] 1
[-2.8627782436995295 -10.878199837749285] 0
[9.296742098694619 -1.5726329341780558] 0
[-2.689542809825131 4.652659656042778] 1
[21.202294350721417 -16.851561435498134] 0
[2.536776250497475 9.515028169187365] 1
[7.494038714709141 -1.5033236377282644] 0
[-5.150087936530792 -27.200389651317444] 0
[-2.206411589352678 -16.40410377247796] 0
[29.178000136415427 2.774471897104091] 0
[9.286049746589072 -2.2618969181698647] 0
[20.870419197973597 9.826578907969512] 0
[-1.6698658915965097 6.296670544115798] 1
[-3.56856714058595 4.744654529592905] 1
[12.926643974069373 5.974611508802474] 0
[-1.720491794670334 5.005016264082546] 1
[6.062986674312656 -13.983653780377377] 0
[3.46349343310586 9.579879037160865] 1
[11.893887643421943 -8.16057824206472] 0
[20.89350247648445 10.53597477369297] 0
[13.14441048891637 -6.405652468381446] 0
[0.08317992256594145 8.026692804296193] 1
[-1.6110110423209347 -27.331595514862684] 0
[-3.8313306907644016 3.6095977138246336] 1
[15.231386049165348 -2.7128498857155394] 0
[-1.7848930012587827 5.864237510759975] 1
[2.0936603648619037 7.853993688571256] 1
[-0.09703966858128975 8.69048683991122] 1
[-2.8607259304971593 5.69791639719532] 1
[47.71832741545629 17.68563093137891] 0
[2.669057649324187 4.976858740365577] 1
[-3.3483392564977503 4.833228719919765] 1
[-3.17758008874388 6.1549542046715455] 1
[-1.9926472592182418 5.9276212816599045] 1
[-1.4733901165981091 -15.527126056204938] 0
[6.417512767592475 -2.1938504284477456] 0
[24.03035125124921 11.285232851199645] 0
[-1.9005487204612899 5.7510252733640925] 1
[-3.241756283467881 2.2167221430707356] 1
[-0.646331717316202 6.109660562749716] 1
[-1.5784049877899533 4.7676831817435605] 1
[-0.28804023247816335 3.674940973304559] 1
[-1.7378641977624287 6.177410171122576] 1
[9.63661085717426 -5.855920987413348] 0
[30.389954876786895 12.891768952655095] 0
[10.215856858674464 5.703763647167104] 0
[6.311187281612643 -20.116613639514313] 0
[-1.0395182945374373 5.195260694197342] 1
[38.66244772510257 16.204783421490653] 0
[1.90285000871914 9.3750909637316] 1
[2.192501401410418 -17.460847404540697] 0
[0.7270473750375237 -4.316141777428381] 0
[-1.7049172861288895 4.873702126465438] 1
[-0.43143469368025833 6.7274409351331155] 1
[3.740057957699652 5.117002157279256] 1
[13.024711709185482 -5.742691244991292] 0
[-3.5926423305285202 2.059727319761977] 1
[-2.4199804522100044 5.916892786636416] 1
[0.6394913481266136 -5.381498412834336] 0
[-1.2987319895347893 6.29797183784636] 1
[11.309217738829489 2.0123280476808993] 0
[24.137791114531524 3.201211147431742] 0
[-1.4496426937481361 4.396230236453072] 1
[20.499907212504674 9.005252239195636] 0
[-5.108268458322484 -21.62825601872794] 0
[-0.7214251163905366 -13.422820350236744] 0
[19.93921724241398 12.473109593697] 0
[-3.562563055582207 5.1153171297749225] 1
[-1.8595033408040647 6.363017945078316] 1
[24.023010493270704 14.393734862070804] 0
[24.188886516179018 8.501303470589697] 0
[6.163617274428384 -12.777390478280285] 0
[-2.6619317415304753 6.197897442972334] 1
[0.389482669203399 -18.50049194183383] 0
[52.15365770203826 17.166862007900434] 0
[-2.8635561924688404 6.968555708065788] 1
[2.5232832573177366 -20.926653616904396] 0
[0.8737800198134847 8.139391499362901] 1
[-3.5719204520916334 5.065869986648826] 1
[-1.5775010057758974 4.992723306232236] 1
[38.80619979422544 16.694456608931766] 0
[6.177685067489325 10.651729479632449] 1
[10.550450619622852 -8.774963236529384] 0
[-2.107765590638702 6.213037087927345] 1
[8.734330509068048 -6.636326413151464] 0
[3.184606256291509 9.28168854317008] 1
[-2.1646847433138436 6.299687818981498] 1
[-3.4904576238730165 5.084142057024095] 1
[11.932694870575407 5.161269856118926] 0
[-0.0800623109598084 7.82220953324087] 1
[-3.503246764898825 5.299914636305772] 1
[-1.4124118783214104 -7.863894399757976] 0
[7.6028450942490675 -9.744442314952778] 0
[-1.9555985888217173 6.3711124614382255] 1
[31.344465315959276 9.811089942919711] 0
[2.03951902974649 9.432167709873143] 1
[2.88677425294242 5.899014504379533] 1
[14.048677458597105 -8.517849116599528] 0
[-2.8417167096004796 -34.16991683153722] 0
[-0.597172019149752 6.3239244845696465] 1
[10.698170481415815 2.669328942571264] 0
[-2.6178111689106194 -36.578345361098215] 0
[52.88579697614715 18.398980918713193] 0
[29.347313051470564 4.7832609218310225] 0
[-0.11480546503833321 -9.0444723328626] 0
[2.759920399131087 8.483277953644173] 1
[-0.6129975943679615 5.450610286153806] 1
[-1.9565676545628365 5.9258759618916095] 1
[14.727734671164434 0.48594856554283705] 0
[5.0342496482086325 -30.744203080479412] 0
[2.3531194523815913 -6.838560436724981] 0
[0.16810799817810212 4.865876953318956] 1
[-3.7706913813095317 3.9973047214076853] 1
[-0.9157713273692634 6.143858265786145] 1
[0.3785862537894072 1.901305427000214] 1
[-5.027368827509175 -13.496077765299313] 0
[1.840270027759426 -6.5505360857121895] 0
[46.91512971367169 17.815662696585235] 0
[-0.5272100428717474 -25.183347350910843] 0
[-1.8744252514089428 5.66630770786083] 1
[16.65875865800202 5.425401883493292] 0
[4.68644305918845 10.063116278065113] 1
[-1.201172043618205 -12.511420783516392] 0
[-1.7718784573464315 5.640680325771012] 1
[6.572956711990162 10.155666096404577] 1
[13.732535331122207 1.9782677834335214] 0
[10.771812433547282 -27.174937622325615] 0
[-1.69308162544286 5.382280881454978] 1
[6.012769925437771 10.451352892303554] 1
[7.7416166527552255 10.019985555032004] 1
[-1.4612239871643768 -17.117191277230656] 0
[-2.3635715713319065 6.511050981305186] 1
[1.6363452329262755 -11.208085052353065] 0
[0.6344181120259191 8.474900920037694] 1
[-3.8424318598260223 3.5065284122979974] 1
[-5.370948147038055 -14.349828118446368] 0
[-5.808484450575375 -47.30605702777646] 0
[15.446339016419579 2.4775245567370545] 0
[-1.1526432968109581 4.7074503917155885] 1
[14.314067779367093 5.125253212596926] 0
[1.0876029792968738 5.190074446540496] 1
[23.981968771718755 4.105917254131326] 0
[-2.7990132990887293 -8.237710681801797] 0
[4.754536331182736 -5.42040117979176] 0
[-1.5230958107443504 5.2670876537801385] 1
[21.039433847746672 5.67814305060547] 0
[2.5324978657670276 9.479017214361686] 1
[7.937432410944647 2.5941443862114193] 0
[1.4081344422870845 4.218041265694662] 1
[16.97759271214359 -2.548571070638671] 0
[-1.9173110036338328 5.894167932837977] 1
[-4.832277866088614 -11.862059566363007] 0
[18.42243207812237 0.5763515557522775] 0
[5.299835837672891 5.910756948063169] 1
[-1.5861463313089614 5.565672671947427] 1
[33.0930204889294 15.344760890880831] 0
[-1.2539654651162422 2.347971261475132] 1
[-1.011301178812185 -3.775241055155961] 0
[-1.5444014820856053 -51.126595796919844] 0
[18.85039368387563 0.8474001155797964] 0
[27.483458678275703 14.927928214543197] 0
[-1.4952550248771992 3.19624605569458] 1
[0.5209577711543895 -28.07499925143939] 0
[5.039643574257168 9.976379674595254] 1
[-1.4584113676682084 -41.030043501635035] 0
[41.1103465270473 17.15345367916675] 0
[6.986231541823969 2.525795902086859] 0
[8.22156889210764 8.152875933893743] 0
[27.229710187759636 10.129132605635316] 0
[0.4515319576603568 -7.953881098639124] 0
[16.902485025915514 -3.010951277959843] 0
[2.066287268547564 9.318421162219934] 1
[1.973150206027368 9.140456322438022] 1
[0.9760581164089022 7.264623546372677] 1
[15.041401557224479 7.218182988904124] 0
[-0.19447793243968658 4.7704747647733186] 1
[-0.10717273555638465 2.731606044115452] 1
[-2.8034434234169434 5.898877974113558] 1
[27.500432961286755 7.633469537756653] 0
[0.8147262636204242 6.857236954218999] 1
[9.63011400130776 11.516201427497151] 1
[-1.250695702379729 5.500235328687996] 1
[-1.3854732225666528 -24.28242923021856] 0
[-0.5096345596897032 6.172077274464904] 1
[-0.992363087158292 -23.231457351500428] 0
[0.337922846898829 4.894205488010706] 1
[-1.6014923099547944 4.567353124409234] 1
[25.756039414615934 5.226685740429593] 0
[-1.6409018074742938 5.821168299068528] 1
[0.8716005260334463 2.4675692300122583] 1
[0.5989962704462333 8.911060890889182] 1
[-2.2584712924732626 6.453373405769934] 1
[30.07695529090684 14.568801671275233] 0
[-2.670941001794471 3.556297988627134] 1
[-1.0492662780711313 5.93414175981562] 1
[-0.9418435869482696 -16.72281455097076] 0
[-0.35109919590511507 -17.626342806820297] 0
[-2.509744279084888 4.81260724592175] 1
[-1.1582209061604831 -18.201586217407176] 0
[-3.9380438679511984 2.8549018025007524] 1
[1.3833498150321546 9.244230925165748] 1
[-2.9574249465457774 6.036230376347538] 1
[-1.9510483777747174 6.0622841237066485] 1
[8.069352261417773 -1.9945727616158133] 0
[11.929243642723332 1.377138130919807] 0
[29.388345060057325 15.312068596041186] 0
[-1.5607803460419305 4.07980987353443] 1
[-3.666424117483984 3.4625853110590334] 1
[3.076685354294222 9.508524230457407] 1
[1.138743853211939 3.595775362482261] 1
[-4.011869583156708 2.066931852562646] 1
[7.798342880039835 -2.709872567583594] 0
[-1.4787913599373073 3.3617923693119183] 1
[9.64860406175194 5.823187014562426] 0
[1.0705010026400124 -8.703004002179075] 0
[7.28503258983743 -3.502788262701406] 0
[-1.4352510414398285 4.771113219079173] 1
[3.8245406118333545 -8.108378497665221] 0
[-5.9029814873844035 -25.726695768784403] 0
[-1.3501465003925448 -18.013388875341672] 0
[1.7228042930307468 -19.968444853807757] 0
[-3.8776826904699306 3.0216247610776037] 1
[0.6757001173364666 5.4123349314024] 1
[-1.7244554635747535 5.605809279518322] 1
[7.548835077940808 -11.766442762836538] 0
[7.996957015851365 -8.986160110399297] 0
[14.487215098078803 -30.153804183307024] 0
[6.365450158183064 -5.282723146439187] 0
[0.04414415389990303 7.683592863336598] 1
[14.584632150812851 12.218125355400392] 0
[-1.4256622622808508 4.550937984281866] 1
[4.842138312528528 -11.282393818306048] 0
[-0.5690127995634748 2.2014140954186887] 1
[-0.747026457734213 5.088413669876022] 1
[9.724429928045838 2.0701464461212975] 0
[4.540518738221144 10.050769065729378] 1
[2.20325526507017 8.164743642862366] 1
[34.694102736392374 15.521395487441424] 0
[9.26345448557877 11.414861958685123] 1
[23.891391887838026 -8.435151768093935] 0
[-2.312531803175628 6.4892264944499605] 1
[23.176438054816963 4.143158395549836] 0
[-1.2758730477967806 5.259619791181549] 1
[3.9134722650525093 -9.681211545778451] 0
[31.05087291232732 4.445631667250948] 0
[-2.878214344929674 4.869542908071546] 1
[13.44697496083482 5.390889284714698] 0
[-1.7532369750425991 6.668385249929134] 1
[14.036320886307877 1.0217169794602956] 0
[17.13145685705665 9.25824681417232] 0
[1.46242215613139 8.491270210805258] 1
[4.082253894008098 10.097461426538105] 1
[-1.6273936052737459 5.198324512583127] 1
[26.484697822962367 2.8943202799575083] 0
[24.350341222039006 -13.182723154093576] 0
[3.126583497370113 9.79625258171816] 1
[14.73910791070572 5.609950623165682] 0
[-3.059730748261872 6.154507475914031] 1
[-1.1836184627257247 6.161687560368] 1
[2.0459214755074986 9.299114826676469] 1
[-2.930677150014039 4.080004557370227] 1
[-5.420667674813475 -17.850213195859393] 0
[18.653815370660453 5.721906300493465] 0
[0.18161328266258042 5.5672999123313875] 1
[24.685286985854344 8.336479065511924] 0
[35.23518846731031 15.95148048573184] 0
[2.1948032333859926 8.959243935145405] 1
[-0.10046576423129958 8.178459635621529] 1
[-1.4192298682217799 5.11548194188002] 1
[-1.0731458033846364 6.060928853266866] 1
[3.417050137039296 9.747663007862247] 1
[33.999540277688304 15.80592934744798] 0
[27.732897453385476 -4.503212199048812] 0
[11.904410690783278 -9.144617286578145] 0
[-3.178395957312639 0.8899449244877076] 1
[-5.264029604183807 -12.926107134817386] 0
[12.248193567930288 5.7977599971906795] 0
[10.62551690259653 0.6169402717423642] 0
[0.5895292916541943 7.395338684720004] 1
[7.112394598412024 -5.7276819160606] 0
[-0.33225873774545434 8.53749425760348] 1
[-5.255678815964159 -14.601686481201405] 0
[-0.3765340951450753 4.597664752646853] 1
[-1.3466426595888996 7.0319028760352165] 1
[-0.9055022198572764 -15.55398877286095] 0
[6.026857316544964 5.724362220842777] 0
[2.7981991967229525 9.456288434268998] 1
[-1.4443399164901085 -8.956373942175997] 0
[6.923147353353886 -37.324217616344185] 0
[13.5709523482351 4.772568342732519] 0
[16.268188962066866 10.68937399355063] 0
[-1.1343421923968933 3.337960491871221] 1
[5.317989851695231 -9.208920060509442] 0
[42.71457866719408 8.508903911792626] 0
[-0.17923760442504486 6.578185447309055] 1
[-0.5864774067391046 6.98057405979216] 1
[-2.2151531594439478 3.6258390055645773] 1
[0.21794972558387624 5.53369441794954] 1
[30.282195823639825 13.586599728627272] 0
[-5.829914987100277 -24.302743675748] 0
[5.15371863722861 -1.8835806042960859] 0
[15.23663557777406 -12.958796809850844] 0
[3.6516282877758943 8.671794091584205] 1
[0.30241880049682646 5.048992768285922] 1
[24.277026908957588 11.29714986975647] 0
[-1.7426938089057833 6.311369093882293] 1
[8.71477682289864 -14.394682499645096] 0
[38.323286259195015 12.753174948056365] 0
[2.7469825309443987 -9.695909177482832] 0
[13.512636970350849 10.920086577084255] 0
[-0.0978901992673181 5.767551590942348] 1
[0.6895133252901215 4.002490949910552] 1
[-1.6874925249078296 4.844465552964864] 1
[5.574059503618389 10.502426880617264] 1
[7.354764806659901 -1.9388982448865992] 0
[10.92877324247147 -4.909509738373936] 0
[2.1385513415537067 6.404919194436471] 1
[-1.4981801649961066 3.5672348971255023] 1
[-3.336909664394902 0.824788553983723] 1
[-1.5928018772092611 4.87732681192945] 1
[19.055965408733883 -1.1032379653237612] 0
[-3.2443736124332165 4.572664899482824] 1
[-4.920936786662818 -18.908524932305244] 0
[-1.927415668770975 5.7916439263086685] 1
[-0.3237807507246244 -20.394688919569766] 0
[2.8846530478416903 -3.387621898516146] 0
[1.867208875411165 4.1425585072770765] 1
[-1.1011166744297984 -12.022401014063579] 0
[4.436016449306742 9.355294753458592] 1
[-1.4715298618085362 -10.744108882489174] 0
[-0.5849618386826858 1.669030133116804] 1
[-1.906462076722073 6.8359814781576125] 1
[12.0950677658045 -3.8653299331334754] 0
[12.829879766204183 -3.726273391308061] 0
[1.1295292346847514 7.101895907146934] 1
[4.860985465082628 5.273394304023146] 1
[0.897787005143835 -10.945307299107398] 0
[-3.0980085398011212 3.846576350956336] 1
[3.2306639933328913 -32.35081067721636] 0
[1.5537540610733747 -3.379065203019217] 0
[0.6551370226844482 6.491203424215463] 1
[1.7397623438783243 8.230156839870997] 1
[-0.26786987664158657 1.9179730710132499] 1
[-1.0653858056543386 6.120643728977876] 1
[29.67782417797615 12.954847607141811] 0
[21.033720657392955 -7.642968607337418] 0
[-2.218451785225227 6.021061660571566] 1
[-1.6230272403391708 6.043159474922186] 1
[-5.852533015919673 -24.908809274959374] 0
[-1.036335243095726 6.030261750818948] 1
[3.894504649021549 -9.007083446025948] 0
[31.70838597081508 0.7240478327538183] 0
[-1.4780189455059625 5.506689605226846] 1
[-1.9069592631145205 6.274138362286531] 1
[23.949484998178782 1.821807086998164] 0
[5.6729493733184135 -10.583385277858547] 0
[-2.296507417519556 5.682839459728627] 1
[28.522352972360295 -4.93370302392229] 0
[7.365448023013213 5.88009753120409] 0
[8.172996192516512 -7.151674429293195] 0
[-3.8552724465244324 3.4556844305434513] 1
[-0.8443686327608564 3.0844141436217933] 1
[-2.266563686901216 6.088007233833837] 1
[-1.9349971184593457 6.396791690645964] 1
[-1.7648643728679565 6.227377089076974] 1
[-1.2921925969776336 6.900983141913085] 1
[-0.9090016737232006 -24.226586064180843] 0
[0.9037548096084371 5.964415325755047] 1
[-3.579188271603713 -2.1104763183284345] 0
[-2.9673810060262524 6.59083321193696] 1
[-2.815027654953539 5.786044114090705] 1
[36.6787496704482 -15.067165419202194] 0
[-1.0537352107821483 3.489063975697383] 1
[-0.5128242248070748 5.58530764117242] 1
[31.896678857915617 14.149403357342358] 0
[-1.2845984835457376 5.125888036473098] 1
[0.9544693331439882 9.016398654998822] 1
[-5.257196125794657 -12.430826148607848] 0
[19.813396120317922 12.909639093425085] 0
[22.34682900535863 4.721826090403981] 0
[10.696010642169512 2.556287252678949] 0
[4.36878199230678 9.968803223459421] 1
[-1.4626689989160528 -26.452072230520944] 0
[0.0972688843031884 7.647165512916834] 1
[2.9983653012914995 -9.608885993934681] 0
[-0.7860689038530131 -16.524611654241873] 0
[6.752654817930912 2.2012059152526695] 0
[-5.897527757035428 -28.653246410005774] 0
[3.5524380736200207 -10.611692062592521] 0
[-0.21658293827515174 -22.080304411893728] 0
[-3.933602450212466 2.063111766505299] 1
[3.699663753783594 0.44007709326477806] 0
[4.425109411620397 9.138174052304358] 1
[0.43439962196090187 7.792897307565491] 1
[3.363977018154797 9.235012836405485] 1
[-1.4924065348243665 -3.1456107366190587] 0
[1.0673251023021906 6.807282352791798] 1
[28.023426707727864 11.213295301868083] 0
[26.88321798073023 14.877171503670858] 0
[10.76621905351546 -1.8641155619639993] 0
[-6.6735705690286595 -46.658582905220484] 0
[2.4121943542296718 -14.729344313377869] 0
[-3.7602574855210658 1.9465366890500317] 1
[33.95055777825182 14.380091525819267] 0
[2.225515007892822 8.657459421385939] 1
[2.386654186098395 9.603027979548248] 1
[12.535556402316873 5.309534621129712] 0
[38.542834890617094 14.776898589821116] 0
[-1.8308774640796994 6.65094272108632] 1
[0.5826384356910721 -14.467372018964596] 0
[-2.044392340961451 6.099985302771909] 1
[11.345345398206813 7.869083554385986] 0
[-1.6033703687132395 4.925954094416694] 1
[8.401523549113186 -10.459293458204492] 0
[8.62509260522986 1.2123351303310006] 0
[15.320694921584883 9.575198505517243] 0
[22.935145332570645 1.2488335912241044] 0
[21.02849731989413 0.16250390737882253] 0
[4.6691138079339645 9.532223293570148] 1
[2.094493888084369 4.296956705411992] 1
[-2.2343686061291015 6.222190359886348] 1
[9.60570540081832 1.288130899869929] 0
[26.521601365154105 9.438347756217519] 0
[23.813431711217838 4.58946322522617] 0
[-0.09049414430811287 5.432041404865682] 1
[1.5426721702086605 8.64216589919362] 1
[0.13559244625288822 8.077163694360042] 1
[28.315093001982454 14.278080477357467] 0
[7.806002359066278 -43.99931286113655] 0
[-4.803121956965114 -21.25347017162707] 0
[1.987345398212255 -14.224048400055516] 0
[7.493276988485926 -11.182729711574352] 0
[-1.4072192439583233 5.124651550395404] 1
[-1.150400808552115 4.177139519775184] 1
[-0.9999238120410363 5.878766814760132] 1
[1.6551735846381226 9.302649940792193] 1
[-0.7358357109686504 6.201060128418703] 1
[19.57255654784946 13.447542918160728] 0
[0.10737011618859704 6.158934675726657] 1
[0.5955291336504318 7.415191871315093] 1
[0.5091155036771688 8.81068890242528] 1
[0.20753715731855707 0.8025869223865054] 0
[-2.9132793436271562 -14.154818884037393] 0
[9.728307624718548 -6.613529917897758] 0
[-0.5991252230028039 3.5476272236567374] 1
[-1.3162469995660013 4.630264130667003] 1
[-1.5813888847872315 4.644022908587745] 1
[1.7046660766085062 -8.705205189403898] 0
[-1.1503955355033875 5.080175306630531] 1
[6.8457252920440474 -18.92625200398862] 0
[-2.0430249698729166 6.098902201515656] 1
[4.212919153081263 9.756750751255787] 1
[-1.7536528881140514 5.250340651813891] 1
[-0.26441886661227215 8.471998223459796] 1
[-0.6599048943406971 2.804717343910996] 1
[-1.4521976397883405 4.805510686242238] 1
[-1.3464995638093942 -19.764629380237775] 0
[-0.08637195104620304 6.762427481315621] 1
[-1.3684469892572328 5.2915448375229825] 1
[-0.35015839153081313 -7.740490274221418] 0
[9.320096687174605 3.376087106961292] 0
[-3.4522247524352596 -50.375785924651055] 0
[-5.1440631645266475 -24.16443534392745] 0
[-0.908882421565478 5.3892618998370345] 1
[0.024658716548614 6.168061989255849] 1
[4.320687097613826 2.627128299313003] 0
[-2.6117914755994587 -12.56262898266939] 0
[-1.4392042535016412 -8.700786682246456] 0
[9.30670161133618 -32.54100244185032] 0
[-1.613990397886098 6.114629845515914] 1
[-1.5144609331630745 5.067900823126515] 1
[-3.6109108744495106 3.2952285383121103] 1
[-1.903581022942445 5.745685105174792] 1
[13.296805046526599 6.156420786730756] 0
[-1.2810636084636893 -11.11661846044147] 0
[1.63627783866538 9.202316538369796] 1
[-4.611105704173893 -8.94310636006584] 0
[10.471613288544784 -17.273724155182034] 0
[0.8381649137269381 7.989589229893728] 1
[-1.430998560695798 3.2332368343864895] 1
[-2.197691832950473 6.0216445655234585] 1
[-3.1010539334017304 5.607334575498232] 1

