[0.3171697066209047 -0.20489665958500464] 0
[0.33118540309839695 -0.2102399264751794] 0
[0.30227680002722057 -0.197151459943901] 0
[0.3307854339906158 -0.20796608640430903] 0
[0.33010182160196705 -0.2090187708210015] 0
[0.325281195037301 -0.20634685539927977] 1
[0.30947266397016415 -0.20033990473280297] 1
[0.30667631213788593 -0.19884989203340692] 1
[0.3150402066425876 -0.20408839684097035] 0
[0.3131198394406137 -0.20128456962390678] 1
[0.3037174903482769 -0.1975707363575753] 0
[0.3129586581071894 -0.20234551669922726] 1
[0.3167345564327815 -0.2040044562896864] 1
[0.303836166143906 -0.1970180086625658] 0
[0.31490027635430284 -0.20178339244556426] 1
[0.3307103808689493 -0.20883526186162835] 0
[0.3309648430020603 -0.20891582033816306] 0
[0.3151223913191728 -0.20190800471998194] 1
[0.32006759631507614 -0.2050754070951244] 1
[0.316352203964933 -0.20458195331108095] 0
[0.3232777995126733 -0.2044074188516819] 0
[0.3197875980334674 -0.2051979662800742] 1
[0.31727433119446924 -0.20399064207398865] 1
[0.3067201664117192 -0.19794767007869038] 0
[0.30874960235455434 -0.19968507752841824] 1
[0.31375819685664075 -0.202782378222716] 1
[0.31359927202203164 -0.20126698827600775] 1
[0.31240519377771425 -0.20164136954717676] 1
[0.32114839909416204 -0.20587777104669328] 1
[0.323537535497037 -0.20544560362258668] 1
[0.31402450553225386 -0.20288093735488136] 1
[0.307035961276089 -0.1991537762967461] 1
[0.31390276978036014 -0.20098802495284548] 1
[0.32271518792916215 -0.20389326212389425] 0
[0.3143103668478733 -0.2030328627274608] 1
[0.3223154485062374 -0.20488027384644059] 1
[0.30309781135739994 -0.19690417719761388] 0
[0.3183916061116043 -0.2031158626124484] 1
[0.3239479621848097 -0.2068066688301178] 1
[0.31274416403620253 -0.20111400947904523] 1
[0.3294928939345477 -0.20725410919252196] 0
[0.3196583132798546 -0.20509076038945764] 1
[0.3106988667285812 -0.19961756108043271] 0
[0.3307476925258793 -0.20864486894548312] 0
[0.3093946024385996 -0.20008305476771168] 1
[0.3111884519315603 -0.2016444384178424] 1
[0.32127291535705405 -0.20682085906147013] 0
[0.3253055289411153 -0.20497913490497338] 0
[0.3132856096164893 -0.2009498756636445] 1
[0.3240084130777973 -0.20758890574890226] 0
[0.3044191239522247 -0.19828558236007227] 0
[0.3242330502558567 -0.20452709178066775] 0
[0.3116543031628817 -0.20172667081150386] 1
[0.32203091243584375 -0.20441905622481055] 1
[0.30172170886106675 -0.19624233975013183] 0
[0.3166484021615201 -0.20400001722489264] 1
[0.31724403203979956 -0.20226194000264153] 0
[0.3124264955464036 -0.2006462292405194] 1
[0.3256177047279914 -0.2069735650038375] 1
[0.3170457087262503 -0.2043481073350072] 1
[0.3257055476568381 -0.20721547889177389] 1
[0.31854387644758686 -0.203199615150076] 1
[0.32859294371104014 -0.20955339100378576] 0
[0.30741365038340707 -0.19934377809412188] 1
[0.33122204244736186 -0.20812699110836025] 0
[0.32400796911526475 -0.20641402483350138] 1
[0.32051571758023634 -0.20392747140965994] 1
[0.32166512881969 -0.20558119738108147] 1
[0.3135972234202481 -0.20252357576442684] 1
[0.3244717899533517 -0.20615374387792304] 1
[0.31270005796477174 -0.20057831932011927] 1
[0.33034858197673794 -0.20960919669851105] 0
[0.30185947034679034 -0.19665902476818795] 0
[0.3165042742151974 -0.20469984530159968] 0
[0.31363884488444127 -0.2028446275780999] 1
[0.3211081128330079 -0.2060567235267853] 1
[0.31657068147564393 -0.20433248418466288] 1
[0.3093292983840428 -0.19964559526461917] 1
[0.3057918501949423 -0.19847195299340692] 0
[0.3047005644229165 -0.19702179830805225] 0
[0.3220641618452104 -0.2052116669600786] 1
[0.31300386789154167 -0.202646699384193] 1
[0.3047307177470164 -0.1969025110540305] 0
[0.3125419640300766 -0.20109936242852133] 1
[0.3259375741291053 -0.206748126239317] 1
[0.30228988313939 -0.19743882749269462] 0
[0.3314438628511301 -0.2088927235359592] 0
[0.30747716745622644 -0.2004263844791062] 0
[0.3199430341086077 -0.20342175325534204] 1
[0.3114458223573183 -0.19962654387407044] 0
[0.3257008980555053 -0.20760444207989923] 1
[0.32897888322348046 -0.20939652684332816] 0
[0.3224996281301794 -0.20679984887652963] 0
[0.31333020114901633 -0.2011635052647123] 1
[0.3028607764857366 -0.19769687362356292] 0
[0.3165057974022178 -0.20488545622825624] 0
[0.3163336678560118 -0.20474820700488933] 0
[0.31888543594754 -0.20453402999288645] 1
[0.31012467991275905 -0.20174896304362214] 0
[0.32737012653952247 -0.20653959799177232] 0
[0.3089241826102904 -0.1982019957631238] 0
[0.30366965870080165 -0.198647217125267] 0
[0.3225635758405696 -0.2055411628037996] 1
[0.3108624906559695 -0.20047000763202566] 1
[0.3034523528883394 -0.1981356072371732] 0
[0.3124261816920352 -0.20242558151535645] 1
[0.30593110097643295 -0.19754117700318763] 0
[0.33245135376674173 -0.20955065294924757] 0
[0.3276720357364363 -0.20636557009092488] 0
[0.31028758517549826 -0.1998469290871896] 1
[0.32283554925528385 -0.20630999198151598] 1
[0.3074751307517609 -0.19973321158474489] 1
[0.3267868302336628 -0.20650713050707714] 0
[0.31192465493867283 -0.2005654390268924] 1
[0.3016456186855192 -0.196584794517331] 0
[0.3228778315234917 -0.20538984947355227] 1
[0.32595447839286007 -0.208056623861712] 0
[0.30507918863794226 -0.19935094062078174] 0
[0.3110456720770968 -0.20137372747647753] 1
[0.33169989415091045 -0.20804968781507438] 0
[0.31467466355832635 -0.20134225150849921] 1
[0.3086835045939156 -0.20026878241440946] 1
[0.32209734785362587 -0.20392002925614966] 0
[0.31071791264300763 -0.20087167828210734] 1
[0.32570767680025037 -0.20676436477440271] 1
[0.3068104877402954 -0.19738405584269286] 0
[0.3102403511265418 -0.20044381226163954] 1
[0.31551034351516577 -0.20171800579203497] 1
[0.30887880169471293 -0.2011615126451899] 0
[0.31074890244124515 -0.20206099244534304] 0
[0.3164201024125272 -0.2039358081348442] 1
[0.31818857915964205 -0.20225637834397375] 0
[0.3303962042167691 -0.20991406192191797] 0
[0.30905409466770195 -0.2001309775302526] 1
[0.32601787719906405 -0.20827778131871624] 0
[0.33045499910089027 -0.20959096215932482] 0
[0.30898834186238405 -0.20026684251285037] 1
[0.31833650856058815 -0.20359188591622113] 1
[0.3181363892487913 -0.20465421378674703] 1
[0.3089883721564872 -0.20040134753164368] 1
[0.31200300484342786 -0.2001055604233738] 0
[0.3149412680578404 -0.20094555479134357] 0
[0.33014273838459196 -0.20819403419215238] 0
[0.31111058855171625 -0.20142830976083276] 1
[0.323343130872785 -0.20789997905343072] 0
[0.3123655836067653 -0.19973352405559147] 0
[0.3207481763998329 -0.20566143515922425] 1
[0.32215721261512087 -0.2048444663642144] 1
[0.32268534943514227 -0.20530774813186134] 1
[0.3257848422866555 -0.2072399881751309] 1
[0.31787905058105015 -0.20479820581072952] 1
[0.32221904593694256 -0.20589507580386524] 1
[0.3318845503367106 -0.2099200317961758] 0
[0.3236192652617884 -0.20619414907587322] 1
[0.32288109750395005 -0.2059716211713729] 1
[0.3113820331928717 -0.1993139766456657] 0
[0.3102054110644368 -0.20185831671418852] 0
[0.32289768785221107 -0.205943451492701] 1
[0.3256651688516242 -0.20591357674742683] 0
[0.32373325185531726 -0.20601068767988795] 1
[0.31611916243260463 -0.20216781517723964] 1
[0.3177711264500974 -0.20271180887171736] 1
[0.32684540484054747 -0.2064691692324563] 0
[0.31351967108751255 -0.2026466393064087] 1
[0.30116362893364035 -0.19555072123936346] 0
[0.33047674963343276 -0.20781379253208662] 0
[0.31568750968842385 -0.20448772623361314] 0
[0.3178033125369954 -0.2045415402990884] 1
[0.3299783835509035 -0.20794906988968626] 0
[0.32182308989438085 -0.20710372052128848] 0
[0.31566473442977816 -0.20386074049664143] 1
[0.3091840093789102 -0.2017845893397193] 0
[0.30433533259621187 -0.1974318666040405] 0
[0.32126873840406955 -0.20627864798283468] 0
[0.3182201684631403 -0.2031944549073179] 1
[0.32417717433352145 -0.20657630268243649] 1
[0.3132416812464075 -0.20332087436131685] 0
[0.3264007437610731 -0.2083216825999884] 0
[0.32732461908804955 -0.20863263100747806] 0
[0.3148148314043202 -0.20073063707932937] 0
[0.3194116940750798 -0.2055620037270257] 0
[0.3076970305347616 -0.20097362012447326] 0
[0.3225528856005354 -0.20647110729559454] 1
[0.3035786980484831 -0.19729234537267845] 0
[0.31202226111870424 -0.2008460125940149] 1
[0.3126280727363374 -0.20183409482548764] 1
[0.31429421014459147 -0.20128205866556995] 1
[0.32175938671563453 -0.20569693945024126] 1
[0.3183472538379728 -0.20487286155271495] 1
[0.3129721064211589 -0.20093186851713424] 1
[0.3248623519608619 -0.2063706256499475] 1
[0.3076412457051191 -0.19951231929735996] 1
[0.32342305084884293 -0.20733772349968155] 0
[0.3025347911457327 -0.1965999381130012] 0
[0.3128136858978354 -0.20110623610163547] 1
[0.3109268557881678 -0.20078266294570846] 1
[0.31778418363296645 -0.2017091805499638] 0
[0.3094186188021067 -0.20017809465365177] 1
[0.3271424934916849 -0.20665672296001442] 0
[0.323127379798405 -0.20626760614409884] 1
[0.3269917669272555 -0.2076164610246021] 1
[0.32031933808755547 -0.20437525906608875] 1
[0.33247123081153995 -0.2093176286767548] 0
[0.3131920294336632 -0.20061386960657357] 1
[0.3207240950737371 -0.20401858835909223] 1
[0.3091325986677106 -0.2012665508552216] 0
[0.31368640018234617 -0.20241162233767895] 1
[0.3237133012439011 -0.2044731864570677] 0
[0.31947307939775904 -0.20376770385944248] 1
[0.3251263070456883 -0.20619652840094604] 1
[0.32108970383877966 -0.20411493391705704] 1
[0.3090236414424231 -0.20058377479796058] 1
[0.33034452711640444 -0.20881632183877386] 0
[0.3212236816672194 -0.20400329068904288] 0
[0.30933440218467 -0.1988015151184026] 0
[0.3052762771675502 -0.1998210345252553] 0
[0.3127320708094359 -0.20197517969749573] 1
[0.329687955408279 -0.20947874696101837] 0
[0.3235684680905342 -0.20625495786379144] 1
[0.32255510872369797 -0.20536158625378803] 1
[0.3229919051634551 -0.20687224587811787] 0
[0.3091060762347264 -0.19984606421457318] 1
[0.32267110101655483 -0.20627896901041118] 1
[0.32080718941602226 -0.20576477654526593] 1
[0.314717707426874 -0.20147286048857402] 1
[0.3297930389964756 -0.20990866197628338] 0
[0.31520740826031685 -0.20176201701929425] 1
[0.31405581602043053 -0.2005510007944542] 0
[0.30565975972770476 -0.19858088220867526] 0
[0.3106540867863164 -0.19886209311682412] 0
[0.31698516401488674 -0.2038532033512785] 1
[0.30953834349784365 -0.2001406739806849] 1
[0.30599636911295724 -0.1993435078526518] 0
[0.311554447080389 -0.20279695953358484] 0
[0.3321724036134449 -0.21015153079942153] 0
[0.3228712276244132 -0.2053664725870083] 1
[0.3153973569916183 -0.20141512790646618] 0
[0.30986466898902687 -0.20015141129714176] 1
[0.3138047118175674 -0.20329473268516884] 0
[0.3046994055249602 -0.19935302619540085] 0
[0.3022611088484093 -0.19671236028705819] 0
[0.3145960617276915 -0.20162170917129796] 1
[0.3201451584771546 -0.20398446501686326] 1
[0.32025304143002997 -0.20428308193952616] 1
[0.3301539448223985 -0.20779448439688125] 0
[0.3218557334681763 -0.2071163542058641] 0
[0.32045897849365934 -0.20408790692416495] 1
[0.3051254638457123 -0.19935833797624597] 0
[0.302690610483756 -0.1967335498902446] 0
[0.3086400852364935 -0.20039335695148497] 1
[0.31137048491003644 -0.2013286273387196] 1
[0.31542100116334937 -0.20187966346079264] 1
[0.3032206553727522 -0.19619531675721474] 0
[0.31841565369396074 -0.20316061803742663] 1
[0.30633433017295714 -0.19988823346840434] 0
[0.310344791157976 -0.20066795707877727] 1
[0.3249096268124294 -0.20678331660389987] 1
[0.31870500173048943 -0.2058437823953203] 0
[0.302330412828106 -0.19717436796618198] 0
[0.3248191843747442 -0.20486147303181168] 0
[0.3150547478491714 -0.20099084853786622] 0
[0.31161795577772994 -0.2029445986726085] 0
[0.31234507613909057 -0.203375176174329] 0
[0.32362361739485457 -0.20590346116291294] 1
[0.3329450548995282 -0.21010134025226782] 0
[0.3201745324628375 -0.20560185374548773] 1
[0.32545461003126497 -0.20806585388986493] 0
[0.30822200673160816 -0.19818715490679234] 0
[0.3215242134092712 -0.20347173463249857] 0
[0.31207997172078134 -0.20296708478188957] 0
[0.3241716926524606 -0.20707572140850217] 1
[0.31095392672892674 -0.20147222989721736] 1
[0.30891635761173725 -0.1998929791477407] 1
[0.3125267139596394 -0.20127931414855624] 1
[0.3143030321895318 -0.2027198319924944] 1
[0.3295517090116882 -0.2086326170445698] 0
[0.3105374013893293 -0.2008531159316505] 1
[0.30787369428128086 -0.19788302242343409] 0
[0.31089329422913603 -0.2012478318958391] 1
[0.3305013161173847 -0.20802002891136886] 0
[0.3253357352143621 -0.2068984480568629] 1
[0.31448957796978627 -0.20257949070875036] 1
[0.31192421647759866 -0.20226002972521812] 1
[0.3083216258164967 -0.19829115240268946] 0
[0.30742280581287296 -0.20043825055661518] 0
[0.3036607488315436 -0.19832297201231064] 0
[0.3119673137066743 -0.20173180850243852] 1
[0.331600829959459 -0.21026493649492772] 0
[0.3223014647803252 -0.20633160714616142] 1
[0.3055027927535099 -0.19798112053983033] 0
[0.324149640938704 -0.2079580075312904] 0
[0.32972485883748875 -0.20775821431945485] 0
[0.33324160137534264 -0.210087033522505] 0
[0.3180289693245616 -0.20298508702924417] 1
[0.32403166629583247 -0.20615348329441696] 1
[0.3045403633771649 -0.19712720560166624] 0
[0.3087744355069716 -0.19945878794361876] 1
[0.32279857080554414 -0.20619868564668195] 1
[0.32178004954229716 -0.20678674097828492] 0
[0.3111741769889879 -0.19965053678798575] 0
[0.3199183663671149 -0.20476925620203223] 1
[0.303672047882528 -0.19630238181457774] 0
[0.32245008600303815 -0.20488039447359613] 1
[0.32663645095650246 -0.20589430626337546] 0
[0.32484242862150065 -0.20665881909027536] 1
[0.3265769788930919 -0.20745039209823157] 1
[0.30971658186840595 -0.1995710255437847] 1
[0.3092333959340069 -0.19872259149485644] 0
[0.31895733678819593 -0.20344007140842196] 1
[0.3173230497911804 -0.2052208491584427] 0
[0.32857341980781807 -0.206759500355502] 0
[0.3143842891007326 -0.2015973448465933] 1
[0.31968500471913147 -0.20373767941657864] 1
[0.32802135493172624 -0.20916578559593896] 0
[0.3185712582219352 -0.20341249126358146] 1
[0.3150947622726932 -0.204425743321144] 0
[0.32460828970777217 -0.2046334360035988] 0
[0.3159053901234493 -0.20163026931673117] 0
[0.30960153987445305 -0.2002513017030496] 1
[0.3185672174141485 -0.2046909812941547] 1
[0.3252750372157459 -0.20619466034475548] 1
[0.3082625147660972 -0.20122385494581427] 0
[0.30498647336429846 -0.19886909122228968] 0
[0.31284477826424373 -0.20304699762991277] 0
[0.32380256263173085 -0.20740551828737236] 0
[0.31195855304665643 -0.2021308313919249] 1
[0.3240195900198659 -0.2067394617780438] 1
[0.3247948368405318 -0.20780235908205857] 0
[0.33153071054085026 -0.21062036564816589] 0
[0.32984477006482227 -0.20763202679851758] 0
[0.31939858712796565 -0.20602756457856036] 0
[0.32073742925078846 -0.20573042826445614] 1
[0.3166105810550597 -0.20226249576250388] 1
[0.3277111883120494 -0.20721587914772854] 0
[0.321577016197541 -0.20454574775944664] 1
[0.32778893700043377 -0.20911200555627535] 0
[0.3142276109820932 -0.2028666203322283] 1
[0.31835718875398045 -0.20291980222862943] 1
[0.3173195346316273 -0.20253604909698716] 1
[0.313731980906671 -0.2015655545888359] 1
[0.3219570217119252 -0.20387824315664038] 0
[0.32268148794822593 -0.20599754699533007] 1
[0.31067674068232254 -0.20089968856075607] 1
[0.30962605764932205 -0.2010897829978717] 1
[0.31287342773458 -0.2010972751790503] 1
[0.3137688933513689 -0.20266772562821417] 1
[0.3272122101683403 -0.20575322706052715] 0
[0.32534408968498263 -0.20532371692935336] 0
[0.32453789848192416 -0.2063638172997927] 1
[0.31674117410773145 -0.20395883350726526] 1
[0.30891079150430706 -0.20086586522377883] 0
[0.31671697126567955 -0.20146917028769418] 0
[0.3206448523836757 -0.20306523996958462] 0
[0.3132241818606459 -0.2008704340521545] 1
[0.30413975857175457 -0.19881277814695586] 0
[0.32011528860079097 -0.20561440063919795] 1
[0.3148779615762768 -0.2015351432619546] 1
[0.30222442476656114 -0.19712314414582854] 0
[0.30464126604540986 -0.1974660184233678] 0
[0.30727195268641094 -0.20015942430646874] 0
[0.3252191026557836 -0.2064363378905375] 1
[0.3157763094333238 -0.20108441762052398] 0
[0.31809975604675195 -0.20192385884901146] 0
[0.31031352334280904 -0.19880531692368378] 0
[0.3095979187210359 -0.1999732151267351] 1
[0.3176016671074948 -0.20208162230219745] 0
[0.31355479917154155 -0.2030898134047297] 1
[0.32224616518807025 -0.2052575687578419] 1
[0.31895040219052245 -0.20458248817790078] 1
[0.3299934083700666 -0.20867334959446027] 0
[0.3180532902513443 -0.2046014788616623] 1
[0.31153238056966803 -0.19951482465019696] 0
[0.3038555788720609 -0.19697539385394996] 0
[0.3042450313826235 -0.19857904190761894] 0
[0.3196808404636211 -0.2040482436109369] 1
[0.3079611672415592 -0.2012334317663756] 0
[0.3116718464605778 -0.19969799278972117] 0
[0.30471941744881476 -0.19704857479896365] 0
[0.3171287662927917 -0.20303228008598945] 1
[0.3081532229561307 -0.2000801329657591] 1
[0.3049043446935613 -0.1985150588851956] 0
[0.3242485766076515 -0.20587414909191204] 1
[0.3312120116976756 -0.20863525657817303] 0
[0.3135219200557807 -0.20069972427362898] 0
[0.320859221998128 -0.2053329403474244] 1
[0.33246511693531244 -0.21021361499303653] 0
[0.32205595087952466 -0.2058331596102324] 1
[0.30928134698520815 -0.2009013466876286] 1
[0.31718327925572265 -0.2019778208722691] 0
[0.31260576149642705 -0.20298802896592688] 0
[0.3144305906113031 -0.2029571061484484] 1
[0.3142215189802452 -0.20157580059076582] 1
[0.3097500773809681 -0.20003330024014865] 1
[0.3128728071698078 -0.20097782129187858] 1
[0.3272784667873219 -0.208962885973355] 0
[0.3100976758839845 -0.20149731472378304] 1
[0.31496389833967364 -0.20411755923787456] 0
[0.3196806511920831 -0.20353994772970316] 1
[0.3127450252538676 -0.20126498498914908] 1
[0.3096494512581458 -0.1985834013667988] 0
[0.3274279148059148 -0.20653562342786064] 0
[0.3100226958191428 -0.201855725718121] 0
[0.3026231870983898 -0.19711016957060554] 0
[0.31363138818649416 -0.20293031491397104] 1
[0.30666945147184826 -0.20045377822504573] 0
[0.3263356310113318 -0.20681481161787196] 1
[0.3048783951219502 -0.19928451603298292] 0
[0.3058510039722364 -0.20017634808739632] 0
[0.32723454762962967 -0.20610949452092436] 0
[0.3308801703389497 -0.20943837867486523] 0
[0.3300672400328146 -0.20797021698058576] 0
[0.31048146460168996 -0.2009113251385272] 1
[0.3058831441379445 -0.19764902909600018] 0
[0.31006430376524263 -0.2019334958071067] 0
[0.30228200562153795 -0.19697089560002448] 0
[0.3249282893803147 -0.20693618181298842] 1
[0.32184365100923196 -0.2040096384672634] 0
[0.32913109551951114 -0.20958786731049944] 0
[0.31360128419025035 -0.200622369992993] 0
[0.31201421174165017 -0.20080774747911617] 1
[0.32445962150332053 -0.20572929318111938] 1
[0.30457792096031583 -0.19889351404889782] 0
[0.3323250589485128 -0.21022630403461773] 0
[0.30283585476466923 -0.19798572712223528] 0
[0.3034750959766242 -0.19772595075608462] 0
[0.3322690708631951 -0.20873648227762795] 0
[0.32456090338339155 -0.20630740061381508] 1
[0.3190271841857394 -0.20549577814870879] 1
[0.32161968530827545 -0.2058869952624312] 1
[0.312443392612998 -0.20227995045394068] 1
[0.32323987477402794 -0.20543977887492093] 1
[0.30421172739811675 -0.19704202467919577] 0
[0.32056755928235137 -0.2037752856483161] 1
[0.3226461983434217 -0.2043526648318444] 0
[0.3201459224476747 -0.2050781025310512] 1
[0.3193604299353704 -0.20241177601713778] 0
[0.3210833339685542 -0.20326545174055788] 0
[0.30995613819259715 -0.19969578728945714] 1
[0.3116177768283918 -0.20271566420232312] 0
[0.3287956184998557 -0.20673583982600377] 0
[0.312492598824284 -0.20252196488602653] 1
[0.3234473347279296 -0.20633928465594054] 1
[0.3071775839379791 -0.19914614319019003] 1
[0.31058255438540305 -0.20157640474042443] 1
[0.31186567235521767 -0.19969778937188487] 0
[0.3256096335450495 -0.20591028466025915] 0
[0.3076628659305799 -0.20077331718598512] 0
[0.30838282650637305 -0.1985672227892247] 0
[0.3110121279761774 -0.19894649498952294] 0
[0.3232469507449612 -0.20531909034178158] 1
[0.3281962783799515 -0.2087694229794983] 0
[0.3196555241656942 -0.2031505635077535] 1
[0.30932800314087 -0.20135816347044677] 0
[0.32772010914286276 -0.20689522174695155] 0
[0.31723170913728027 -0.20467176370842904] 1
[0.32550284483581426 -0.20664166992060085] 1
[0.3159605803445723 -0.20159238369697857] 0
[0.312326440462938 -0.19977379070828966] 0
[0.3235957073268475 -0.20654602784873377] 1
[0.3103936074437778 -0.20082525493519204] 1
[0.3130312563838723 -0.20023535845024182] 0
[0.3192638986127354 -0.20358335500755792] 1
[0.30964215212163004 -0.19885486072530562] 0
[0.3138194199452477 -0.2014785037291652] 1
[0.3108591657717533 -0.20123934354430828] 1
[0.32471020697694525 -0.20712464728476987] 1
[0.32903327038455255 -0.2070702015461347] 0
[0.3038225011990456 -0.19652326697401543] 0
[0.3202997252675604 -0.2031894135406198] 0
[0.3043552160152596 -0.19940931317369232] 0
[0.31749765817159087 -0.20277232177867457] 1
[0.32214950224327743 -0.20613297373974715] 1
[0.3118069696701087 -0.1998663108548512] 0
[0.3264827237879931 -0.2070987676762788] 1
[0.3058456198175682 -0.19837668098599476] 1
[0.32274855143736925 -0.20607714982168665] 1
[0.323424936151138 -0.205351308204202] 1
[0.31989975989345565 -0.20303347402133293] 0
[0.3279992225719347 -0.2087808750720902] 0
[0.32142386005117884 -0.20450676950034585] 1
[0.311052083514114 -0.20095794630033492] 1
[0.33021687854207005 -0.20980767738913536] 0
[0.3026785670828429 -0.19723975789037337] 0
[0.31623311215855143 -0.20110719340945812] 0
[0.32665976392216145 -0.20730500971123622] 1
[0.3104793237830488 -0.20031317526225118] 1
[0.33124408404516203 -0.20945205313830922] 0
[0.3097399332854679 -0.20036608674022116] 1
[0.31215425026681626 -0.20333162613010075] 0
[0.3173519785693353 -0.20511692852832122] 0
[0.3239699714407285 -0.20722073316982287] 0
[0.33066551382639586 -0.20896044831950916] 0
[0.3019398404041761 -0.1966435451956694] 0
[0.3191062777555002 -0.2032008477599282] 1
[0.32132349240489855 -0.20436520579237583] 1
[0.30920542723767774 -0.20023695891734933] 1
[0.32609305023952473 -0.20583519918328685] 0
[0.31741355072070854 -0.20180246782053307] 0
[0.3165258180440871 -0.2017397372812072] 0
[0.3110372536149213 -0.2004211345617426] 1
[0.30927973738655895 -0.20036093547486905] 1
[0.32848748854466925 -0.2077774505821875] 0
[0.30157366984128187 -0.19674580264876168] 0
[0.3055844116934858 -0.19728397027571853] 0
[0.32382374596681474 -0.20578029293166306] 1
[0.3209665099201985 -0.2058342133308559] 1
[0.3142308679755953 -0.20289453431897203] 1
[0.3258764973275914 -0.205899494727664] 0
[0.3024275158461629 -0.19802850371650937] 0
[0.32283322220226474 -0.2056612586495443] 1
[0.31135209373237915 -0.20241985296365136] 0
[0.3203925176610344 -0.20338825755212514] 0
[0.30911564027410676 -0.200273441169029] 1
[0.3050657991330813 -0.1976007382505106] 0
[0.3055148664820264 -0.19739577415812665] 0
[0.3108660915204773 -0.20068011387712698] 1
[0.3142122261857797 -0.20296146173822271] 1
[0.3091749069278937 -0.20028631271228242] 1
[0.31888963220288735 -0.20534057413492682] 1
[0.304290274822968 -0.19811736925455925] 0
[0.31905852018816133 -0.20233626488775958] 0
[0.3092659979338982 -0.20026449009559785] 1
[0.3020265921175806 -0.19610113277110677] 0
[0.3180877061563706 -0.20440963560820063] 1
[0.3196764804924701 -0.2030117293613906] 0
[0.3029437335613654 -0.19827701782089446] 0
[0.3043150078674003 -0.19903555057776545] 0
[0.3106571059155935 -0.20272424249102822] 0
[0.30522800816929985 -0.19761212828945732] 0
[0.3140451580682966 -0.20378155629663086] 0
[0.31269643430387006 -0.200896545524347] 1
[0.31009681241537546 -0.20044175581251056] 1
[0.31201571799173533 -0.20267464155716874] 0
[0.3228725141295091 -0.20533088554253798] 1
[0.33151145853748853 -0.2100299504268867] 0
[0.3172554738262936 -0.20443348229356384] 1
[0.30373405285633415 -0.19681851212814883] 0
[0.31413216240715486 -0.20385876323977054] 0
[0.30454322884811147 -0.1970182456087576] 0
[0.32288799642958244 -0.20600747934038227] 1
[0.3020924948686051 -0.19674872605207133] 0
[0.3092783819202738 -0.2005560121502618] 1
[0.3086086962113347 -0.201102036875251] 0
[0.3231571273234479 -0.20543521153696498] 1
[0.3143953717305683 -0.20288923309750378] 1
[0.3186362144229286 -0.2045401133986816] 1
[0.3117518012723699 -0.2006092760828278] 1
[0.3227546263588845 -0.20773229031817192] 0
[0.3148837512639687 -0.2010821035171843] 1
[0.310374420593672 -0.2003162219114072] 1
[0.3115913244830646 -0.20106340227391317] 1
[0.3196882906023346 -0.20393789352626163] 1
[0.30306724163273313 -0.1974132626166672] 0
[0.32904049379594497 -0.20917208939648374] 0
[0.3252026717512731 -0.2081849036134681] 0
[0.3210884018868924 -0.20471404802599302] 1
[0.3088234401246226 -0.20043485566655125] 1
[0.3118278199567568 -0.20061811359512224] 1
[0.3244372152687174 -0.20624214037118876] 1
[0.32023615146465445 -0.2035897324501468] 1
[0.31253852236090873 -0.2017332467330531] 1
[0.32172016039186496 -0.2035774775668627] 0
[0.32489583280237033 -0.20813633702381965] 0
[0.3097280318427727 -0.19894834802544284] 0
[0.3025656962636881 -0.19631749392975287] 0
[0.31734478760608714 -0.202749761166983] 1
[0.3191110356760526 -0.2058127175922342] 0
[0.32049311550384524 -0.20536408766237724] 1
[0.30279610684121105 -0.19682262159820973] 0
[0.3266086338102778 -0.20611498838089776] 0
[0.3232577912868845 -0.2052411439214061] 1
[0.3243950896148369 -0.20672804823997054] 1
[0.30917025722085567 -0.19914139177796475] 1
[0.3204415627346101 -0.20295914880870247] 0
[0.3089200596259864 -0.200489370554864] 1
[0.31114361391974843 -0.2005516597989082] 1
[0.33007513341069605 -0.20873994262135775] 0
[0.31344698615476485 -0.2010643127289835] 1
[0.3279285005225019 -0.20878162653239835] 0
[0.3109662401359779 -0.20270439232503773] 0
[0.3248566220422383 -0.20647054045139557] 1
[0.326509601840715 -0.20849731245793698] 0
[0.3030076454431907 -0.19771917524443627] 0
[0.3051467281574931 -0.19949701329662928] 0
[0.3171210335526974 -0.20497339078424864] 0
[0.3105825523020741 -0.2006375971525721] 1
[0.3141318188114165 -0.20152574859346956] 1
[0.32048013607556947 -0.206426261039175] 0
[0.3134085466021552 -0.20364272133093095] 0
[0.3032466186971493 -0.19709623057349696] 0
[0.3119434843309036 -0.20179068338867484] 1
[0.33048011157767243 -0.20782588413610636] 0
[0.3240074483075428 -0.2081246666690083] 0
[0.3141042190937504 -0.2022953133639704] 1
[0.33030603221544275 -0.2076076344400445] 0
[0.32319119797468054 -0.20633505324886497] 1
[0.31078342970141887 -0.20075715888629275] 1
[0.32121221056534766 -0.20432409186175593] 1
[0.3204404198238311 -0.20599202032488073] 0
[0.31898397470925516 -0.205211252796489] 1
[0.3235495161085574 -0.20435919746466974] 0
[0.3197507906194931 -0.20384532133344696] 1
[0.3075915946049116 -0.20072233368651646] 0
[0.31623366569658695 -0.20383319418194945] 1
[0.3198002086621433 -0.20363490997936415] 1
[0.30996564571167573 -0.20059801302381836] 1
[0.3114575448310829 -0.2023315753802651] 0
[0.31455479486120663 -0.20295683774104503] 1
[0.3109401109022243 -0.20062705060432978] 1
[0.3293356062894168 -0.20798753480193216] 0
[0.3062584576629633 -0.20040539495816456] 0
[0.31456119805048977 -0.20152719433817023] 1
[0.3137985631000333 -0.20399743468070636] 0
[0.3186024962993387 -0.20472649081765398] 1
[0.31260529698510353 -0.20063605013232555] 1
[0.30362171106994373 -0.19685898041010463] 0
[0.3013814213617697 -0.19673113591774521] 0
[0.3244463613437928 -0.2064947954667838] 1
[0.3155494913505287 -0.20119566612136586] 0
[0.3023421226789097 -0.19826587459682893] 0
[0.31973473992952733 -0.20616610784047568] 0
[0.3118540375943598 -0.20284957684382632] 0
[0.3305360965540438 -0.20875063211319472] 0
[0.31505676644159875 -0.20336241323552204] 1
[0.32547456773437256 -0.20674401720065888] 1
[0.321261083322496 -0.2045331753854343] 1
[0.31670269229383985 -0.20110744363529837] 0
[0.30153204966225655 -0.19632922850706708] 0
[0.32661317673000023 -0.20634566158420037] 0
[0.3259237921891766 -0.20749545019138102] 1
[0.3092136366590278 -0.2004969560351716] 1
[0.3140106987678154 -0.20134703501238455] 1
[0.30983488796232966 -0.20127512375880535] 1
[0.3039084307702087 -0.1982418153518105] 0
[0.306933542285632 -0.2002326557059464] 0
[0.31984148081081754 -0.20631116257084642] 0
[0.3032121890682073 -0.1988420837912251] 0
[0.322044565879997 -0.20475855480586747] 1
[0.3083699941150112 -0.19881539319777247] 0
[0.31792855127980946 -0.2045751851383498] 1
[0.33011557379174805 -0.20825747361698163] 0
[0.3234054832520249 -0.2055443280902703] 1
[0.32259600458776727 -0.20656211882637993] 1
[0.32919272816378947 -0.20913522513722987] 0
[0.33247678644151746 -0.2107299955764686] 0
[0.31987129589591434 -0.2037901151406406] 1
[0.3215941270460868 -0.2060954805891753] 1
[0.32360354247220324 -0.20691234179026163] 1
[0.30456740814581196 -0.1989271892727349] 0
[0.3175803054007812 -0.20309806110871143] 1
[0.3284686846654119 -0.20685715947358987] 0
[0.3222834504178559 -0.20616436156851886] 1
[0.30916806274516695 -0.20039498678968687] 1
[0.3042642625540525 -0.19830960246774904] 0
[0.3006694172243655 -0.1965612635214149] 0
[0.30641815613400397 -0.19785236934584155] 0
[0.32010123990535644 -0.20383464117059885] 1
[0.3082101845458716 -0.19877669228979974] 0
[0.3152936343942534 -0.20153451954569745] 1
[0.3072453707466099 -0.19780222461929142] 0
[0.3060227547692316 -0.19942925552855012] 0
[0.32425696590923836 -0.20515784122152453] 0
[0.3111193254295126 -0.20191420870926888] 1
[0.3099494755058373 -0.19872543049795344] 0
[0.32150425812086814 -0.2057488775032475] 1
[0.3281372313656254 -0.20872947774707823] 0
[0.3173494213296471 -0.20237202557549688] 1
[0.30517440750839564 -0.19740744590176562] 0
[0.3180533594820076 -0.2031986111486101] 1
[0.3043990737481922 -0.198331687610583] 0
[0.3056671676027771 -0.19744582109181869] 0
[0.32629486027434473 -0.20785672678147787] 1
[0.31802571604650787 -0.2031494592459329] 1
[0.3222982235175519 -0.20727147239250004] 0
[0.3247618266497619 -0.20599760806847217] 1
[0.3280637920889564 -0.20729771460516574] 0
[0.33420954963747773 -0.21010010796161696] 0
[0.32845042862576646 -0.20929899683604014] 0
[0.32034142309906355 -0.20616877450867424] 0
[0.3265133858512642 -0.20672548853605793] 1
[0.3326122551688109 -0.21006180231607796] 0
[0.3170358876188968 -0.20419471944228346] 1
[0.33356368618999044 -0.20955331974591646] 0
[0.3206510432165932 -0.2066742549321022] 0
[0.31652816150356 -0.2015634749115] 0
[0.3250248543194625 -0.2076654431084936] 0
[0.32612633428276616 -0.2086274680410924] 0
[0.3069658792300769 -0.1999620173117178] 0
[0.32968173166160786 -0.20977378414966752] 0
[0.32084801456814593 -0.20615869179938134] 1
[0.3220004477069406 -0.2056636027115592] 1
[0.32440302271968985 -0.20685700818274494] 1
[0.31272984733667 -0.20286296156850703] 0
[0.3173424825217437 -0.20285219011181232] 1
[0.32677748628111136 -0.2076701056259675] 1
[0.31136329011985897 -0.20029399037351303] 1
[0.31255720006325616 -0.2033743150547801] 0
[0.31290229363131544 -0.202585719029291] 1
[0.3202877652441811 -0.20582689277794414] 1
[0.31774131619979085 -0.20269982497597228] 1
[0.3316952014072147 -0.2093191355985622] 0
[0.32498073027682384 -0.20674957832432658] 1
[0.3316131436343541 -0.20879932190448547] 0
[0.3111796092074859 -0.20155013371668185] 1
[0.323042586373283 -0.20526519252835157] 1
[0.31035335699936617 -0.19918595639374276] 0
[0.317028702278878 -0.20264459168487686] 1
[0.30999177184613624 -0.2009473142189069] 1
[0.31815984800647945 -0.20430198077100453] 1
[0.31532216159208 -0.20193052511684878] 1
[0.32325573042091255 -0.20729048253872184] 0
[0.3100067308810671 -0.20097747744279687] 1
[0.3120489727698653 -0.2020136807560654] 1
[0.3306285084552544 -0.2084241918273235] 0
[0.3316119818851463 -0.20914622436980645] 0
[0.3103247173637564 -0.20148402536686238] 1
[0.3315602088065235 -0.20836440053575345] 0
[0.3087875951769379 -0.20008554709074955] 1
[0.31991810855635483 -0.2052654253718894] 1
[0.31157151601828226 -0.20082930733661103] 1
[0.3117701669913935 -0.20050696515311692] 1
[0.31989183126816817 -0.20291933306469123] 0
[0.3098819142727553 -0.2017144108373192] 0
[0.3210035862008146 -0.20651803835814755] 0
[0.32527521404587395 -0.20638803120522575] 1
[0.3095183293857412 -0.20038268246588603] 1
[0.3171456036453162 -0.20438959100449353] 1
[0.308154751288636 -0.19899102978503172] 1
[0.30890583455824894 -0.20006469196967638] 1
[0.32040853005837433 -0.20314558135540356] 0
[0.3258226539325134 -0.20643444945930922] 1
[0.31017150152790607 -0.19921207070978908] 0
[0.3281824165885754 -0.20669017157437897] 0
[0.3210767066391626 -0.20358834604465054] 0
[0.31057128895865227 -0.20131759493461604] 1
[0.30700683311303734 -0.20032674723852728] 0
[0.3032408966948929 -0.1980171268870199] 0
[0.3314753392230789 -0.20868099172999444] 0
[0.304608324090113 -0.19910635285462128] 0
[0.3092147922058669 -0.19968742888688262] 1
[0.31521932786239215 -0.2013922847462048] 1
[0.31859301228388937 -0.20317456689774313] 1
[0.33126868433193907 -0.20955605068237748] 0
[0.3305729386518169 -0.20959949419940727] 0
[0.3329540270498058 -0.21101934540625938] 0
[0.32329244997444356 -0.20433245882879797] 0
[0.3232503864828511 -0.20622248391384057] 1
[0.32222343558921673 -0.20647249604360565] 0
[0.32518376327009124 -0.20665267733384382] 1
[0.3033829616719952 -0.1970421906843271] 0
[0.3094780797893393 -0.20102687647290396] 1
[0.3259781151753109 -0.20693613135227523] 1
[0.3158867563517966 -0.20126697356835843] 0
[0.32114765998992134 -0.20603813456251818] 1
[0.32400634015303276 -0.20691745924079052] 1
[0.32282628504186606 -0.20740766369650274] 0
[0.3193308511554343 -0.20535897016781313] 1
[0.31921674726993565 -0.20233507570968917] 0
[0.3180022842541802 -0.20332953052489933] 1
[0.32799945223232385 -0.20924325362319623] 0
[0.3248217775503312 -0.20661664596846546] 1
[0.3266327414023631 -0.20611641956941137] 0
[0.30699051394999144 -0.19758167603420698] 0
[0.3098138219699611 -0.20019791212869545] 1
[0.3113996483171197 -0.19963083883220478] 0
[0.3220963160779795 -0.20539714347055377] 1
[0.3098017055790685 -0.20184899672798315] 0
[0.3142418365419818 -0.20344254657073485] 0
[0.31554111605637425 -0.20356059395094805] 1
[0.32010112279482705 -0.20555635490312185] 1
[0.3204499221977276 -0.20411358355457498] 1
[0.3064590273423231 -0.1974482142022651] 0
[0.30261893979067955 -0.1962352161437452] 0
[0.31925411973195594 -0.20488248923132588] 1
[0.3110584743056526 -0.19938253345013002] 0
[0.31207112877529664 -0.2008312393597523] 1
[0.3148372564473396 -0.20151667542747523] 1
[0.3215911794265149 -0.2058389421646858] 1
[0.310015858544646 -0.20095822971066085] 1
[0.30428043340889366 -0.19820631360044447] 0
[0.30961017684945497 -0.19908722304026388] 0
[0.31510874645272086 -0.2013668942033028] 1
[0.3266094831173648 -0.208791373637852] 0
[0.3223417610070783 -0.20719539150242172] 0
[0.31632316425887236 -0.2032948879811498] 1
[0.32208541048274253 -0.20583989576064543] 1
[0.32434944345101546 -0.2063990721922148] 1
[0.3116471561157872 -0.20043804230603232] 1
[0.3178579634075236 -0.20463888472108782] 1
[0.3191665683783507 -0.20603539221070946] 0
[0.3084193622039587 -0.20188549895218302] 0
[0.33048946199059204 -0.20991526308149602] 0
[0.30732855828916944 -0.19919148244628387] 1
[0.3044322944813543 -0.19853765364754888] 0
[0.3105260197150918 -0.19913261401364135] 0
[0.3285473782930952 -0.20904740669834065] 0
[0.31348400570501306 -0.2027628004656095] 1
[0.32298903345521507 -0.20428458145971642] 0
[0.32018950465886964 -0.20493764709025647] 1
[0.304075288590028 -0.1980976891441442] 0
[0.3180191676378695 -0.20298203013963878] 1
[0.32256022644515875 -0.20572224814408413] 1
[0.3299624411406741 -0.20825462470273964] 0
[0.30956943034369516 -0.19901969858163332] 0
[0.31751381453668415 -0.20412795754792756] 1
[0.32972477702467407 -0.20802566244294163] 0
[0.33383429575199397 -0.21095523706845645] 0
[0.3081860490573862 -0.19843531167656753] 0
[0.32417335635745 -0.20746590141210225] 0
[0.3271377065659273 -0.20713766133610678] 1
[0.3263906439582953 -0.20559469749922893] 0
[0.31302488685169794 -0.20368979574209317] 0
[0.3124347629825269 -0.2022099894848709] 1
[0.3235252897372291 -0.2064016563851297] 1
[0.30877440058549943 -0.19955133830579772] 1
[0.31517606804115156 -0.20164884377458414] 1
[0.3172185258723682 -0.20514732447463344] 0
[0.30316861273667095 -0.19794816943324922] 0
[0.3054873638526414 -0.19811866066826378] 0
[0.3061028187437632 -0.20049748522378782] 0
[0.31489406711438417 -0.20330667914333278] 1
[0.316355593759049 -0.20206338450714387] 1
[0.3250942882518866 -0.20810534158865795] 0
[0.3141727175120782 -0.20157940403224545] 1
[0.32642473705106956 -0.2055069267570303] 0
[0.32560333447490897 -0.20858868129077607] 0
[0.3307210936834064 -0.20944438753980243] 0
[0.3240038380688083 -0.20743612517325355] 0
[0.3117523870641101 -0.20197836869721025] 1
[0.30862639905724965 -0.19895890714254486] 1
[0.32362373616593165 -0.20538242638087603] 1
[0.31964559541845833 -0.2055824233166913] 1
[0.3290816138193473 -0.20898915988647834] 0
[0.304453295902139 -0.196983786205255] 0
[0.32568582234528126 -0.2072062781495621] 1
[0.3256980484140428 -0.20699087598983154] 1
[0.3090069273709599 -0.20018680292571722] 1
[0.3228393157967542 -0.2047396401209814] 1
[0.30922619112524685 -0.20177794798014426] 0
[0.3099391787914336 -0.2001702732847065] 1
[0.3031381488943898 -0.19751117463479528] 0
[0.3207079262997059 -0.20423168415800524] 1
[0.33180214900316274 -0.20961032061463442] 0
[0.3293017893773156 -0.20892165028825443] 0
[0.30866134705731757 -0.19914901841895818] 1
[0.3295885849544081 -0.2081420408942904] 0
[0.3160870818272714 -0.2037165286932039] 1
[0.33017613883724306 -0.208526882135192] 0
[0.3242209916878741 -0.205290453351187] 1
[0.3217606316853051 -0.2050528760526247] 1
[0.32931874763176006 -0.20964122559956422] 0
[0.319603130749032 -0.2025956233184183] 0
[0.3246595735206268 -0.20675314901785136] 1
[0.313306066091346 -0.2006918257426598] 1
[0.33068779969672 -0.20938959310706984] 0
[0.30881691333871414 -0.19990983570247994] 1
[0.3317018817906435 -0.20814275213299946] 0
[0.3294009220562657 -0.20878295100507088] 0
[0.31212760499661196 -0.20241587217433005] 1
[0.31456572079755135 -0.20338290291742744] 1
[0.3232882871175333 -0.20514775301532318] 1
[0.31165394835882715 -0.20044210420015973] 1
[0.3246187345295232 -0.20799482198823005] 0
[0.3313434692829246 -0.21020447915453033] 0
[0.31118490004662014 -0.2006582931121853] 1
[0.31108550129925394 -0.20046113112970337] 1
[0.3026193761303 -0.19784670239559624] 0
[0.31460545254310057 -0.20145973630784103] 1
[0.32675770532618176 -0.2056995725723076] 0
[0.3104284171385773 -0.2024904804928484] 0
[0.317859044620436 -0.20296791557504953] 1
[0.3222386165564801 -0.20526509012176414] 1
[0.329179193467178 -0.20943756815050873] 0
[0.3262930785944397 -0.20574099043506686] 0
[0.31162048950927523 -0.20154357634051873] 1
[0.30405996941922053 -0.19655430229254434] 0
[0.31043902079157853 -0.19947373326841975] 0
[0.323393302378276 -0.20443151023028377] 0
[0.30918518827121444 -0.20008847691535597] 1
[0.32343986265423685 -0.204986842106812] 1
[0.31169968433212597 -0.20073945203955754] 1
[0.3139638336997752 -0.20156692618933408] 1
[0.31234749936796113 -0.20072371122736432] 1
[0.3232600115017491 -0.20562732925999108] 1
[0.3017220143741615 -0.19687613722142952] 0
[0.3134568582939439 -0.20073316509843542] 1
[0.30562808776245104 -0.19865775071627204] 0
[0.3138270763018537 -0.20143440613104993] 1
[0.31134622673506346 -0.20032851336242558] 1
[0.3319755880548729 -0.21094163924921214] 0
[0.32309116478505784 -0.2046120457993745] 1
[0.3251666965489667 -0.20699991508636978] 1
[0.3240998690629384 -0.20781231386721374] 0
[0.3249867244668842 -0.20683029197313862] 1
[0.3201428574736318 -0.205259389495638] 1
[0.30471862003369404 -0.19861068657813596] 0
[0.31734209273156333 -0.20511872856303637] 0
[0.3079039442227527 -0.19805361547897288] 0
[0.3149500511932506 -0.20117474417927134] 0
[0.31768426349636353 -0.20459858881217896] 1
[0.3322358968134464 -0.20898335131757884] 0
[0.3144322278001732 -0.20283235225910579] 1
[0.3307813019390933 -0.20932989857215237] 0
[0.33171635008819006 -0.20934281329487647] 0
[0.31705325454365857 -0.20167239778763071] 0
[0.3024757883144571 -0.19769398343504577] 0
[0.33076226883382026 -0.20940705520143413] 0
[0.3322859464661527 -0.20953742901175865] 0
[0.30825289410775225 -0.19965990096312086] 1
[0.32002247915272686 -0.20319843061917253] 0
[0.3230587592244618 -0.2066737483039371] 1
[0.3233798815333504 -0.20636358247621323] 1
[0.316317235624443 -0.20389803885597949] 1
[0.3279256662141859 -0.2074992103789553] 0
[0.3134529318081839 -0.2025703109071743] 1
[0.32538853235015375 -0.20837134684271508] 0
[0.32089812895810566 -0.2063689159501318] 0
[0.30822588038747634 -0.20132521464113082] 0
[0.30106566264163004 -0.19724176055499487] 0
[0.33199350334928096 -0.20945442925976807] 0
[0.30878806474521603 -0.2001334795690877] 1
[0.31711560192305477 -0.20518691510245513] 0
[0.31546789429109323 -0.20350606060268972] 1
[0.31941854424315796 -0.20515074533109995] 1
[0.3086742345773559 -0.19881790508062716] 0
[0.3248136059566711 -0.20811573220816176] 0
[0.32192972803456366 -0.20502890848373187] 1
[0.33067401941914937 -0.2093096478383728] 0
[0.31219786723060705 -0.20177877900243854] 1
[0.31329106939134754 -0.2031983773522563] 0
[0.32154991929828525 -0.20460173596402423] 1
[0.32541912151478425 -0.20505013329664934] 0
[0.3058727658306408 -0.1981765396303481] 0
[0.31469140317836375 -0.20351920864732354] 0
[0.3142476755639795 -0.20037152416798842] 0
[0.3091495532455262 -0.20190663376246312] 0
[0.3229126438634369 -0.20659623745367856] 1
[0.3108370888131517 -0.2016081262260791] 1
[0.31218467723361637 -0.2007993175386445] 1
[0.3097443155259356 -0.20158389287517078] 0
[0.3266729397844939 -0.20837494270563084] 0
[0.30759308288519793 -0.1979302383212478] 0
[0.31579591056011375 -0.20189753451368256] 1
[0.3224846237871607 -0.206210037457067] 1
[0.31515015901285215 -0.20308983710873962] 1
[0.3233767675461259 -0.20757560275807607] 0
[0.3339925148514461 -0.2113372167142759] 0
[0.30336904846589685 -0.19855928164668776] 0
[0.3045065338483349 -0.19961361395866317] 0
[0.32602719421339654 -0.20549343065424233] 0
[0.3098001346811876 -0.19993293258636224] 1
[0.32575130122198936 -0.2069239701690391] 1
[0.3143052296708085 -0.20180842872732974] 1
[0.32054908118733283 -0.205320189989255] 1
[0.31320110579689286 -0.20126543451977133] 1
[0.3215496698559444 -0.20652400817554045] 0
[0.3120513823336174 -0.20023396633359627] 1
[0.31398707746015975 -0.20284585139869993] 1
[0.32076064790598935 -0.20548374119345952] 1
[0.3235975182109936 -0.20504350633071033] 0
[0.30366021060354187 -0.19773154278605495] 0
[0.3223231394100946 -0.2040044592158357] 0
[0.3096116500402839 -0.20106428991118952] 1
[0.32567708658973415 -0.20687468603106246] 1
[0.32465067138112774 -0.20641474337034177] 1
[0.3041759893508125 -0.19743387320993463] 0
[0.3254109285536256 -0.2065003797159144] 1
[0.30237964679439044 -0.19653956723840377] 0
[0.3173640921261722 -0.2029219181225006] 1
[0.31725573149634484 -0.20421011751456392] 1
[0.3222823654013025 -0.2051090777030426] 1
[0.3171622376032569 -0.2039465649560185] 1
[0.30963953461226645 -0.20100501436841506] 1
[0.32084678883651 -0.20423971440109318] 1
[0.3315997127321327 -0.2090710373329948] 0
[0.31271050739261297 -0.20233223031914818] 1
[0.3248341286042552 -0.206599437028157] 1
[0.32827637102746243 -0.20705878614630635] 0
[0.31546533393389853 -0.2009650460124497] 0
[0.30076440423740325 -0.19751917819190418] 0
[0.3027526936692626 -0.1974673855514349] 0
[0.31150778197605483 -0.20158252127121998] 1
[0.3120645957722413 -0.20045860043046265] 1
[0.3172982403583138 -0.20233290410425472] 0
[0.3052332419165854 -0.19924469106295772] 0
[0.3061656872182685 -0.1995084903760472] 0
[0.3300783379050378 -0.207348572483549] 0
[0.31568270520798664 -0.20205200422287828] 1
[0.3199248975049811 -0.2039356702092473] 1
[0.30883544147034536 -0.19958246040346617] 1
[0.32120495066332655 -0.20451314588386033] 1
[0.3267197088691999 -0.20840603331899252] 0
[0.3035458033236341 -0.19759552010725578] 0
[0.3179869033440489 -0.20445437797225927] 1
[0.3053244399812326 -0.1990105952101462] 0
[0.3317964752402578 -0.21024603284199123] 0
[0.31457682344142146 -0.20307940831407817] 1
[0.3242487650835582 -0.20586712464006468] 1
[0.31189919921834053 -0.2005635304670381] 1
[0.3110457480927794 -0.2006314320011563] 1

