[42.518163583578904 -3.8122814876186997] 0
[78.30176204325556 -6.610803464932755] 0
[30.94920462552328 -5.289733687533415] 0
[11.785273142194963 -6.327291434004664] 0
[19.525486513382504 5.9040445471885805] 0
[1.0244749100783208 4.522133522531771] 1
[0.6478429894360715 11.772244791282635] 1
[5.264437571881874 8.059693763017421] 1
[29.523946220363158 0.5580568582789861] 0
[-0.29769917402491397 6.880971095477323] 1
[19.711714921174014 0.9457238245823425] 0
[0.6671573070012122 13.74952448966923] 1
[1.0152480734215104 15.071865391921623] 1
[25.99935979571911 -6.150951795492233] 0
[-0.6364727490063053 6.864062326180926] 1
[17.942380602322586 2.2156143826207013] 0
[16.30149343327268 -0.2715603740869297] 0
[-1.0562276322388071 7.8294146526863955] 1
[0.13271527536739408 15.73588773995811] 1
[21.738659320466358 6.017113618727009] 0
[3.7627205983829493 -2.215970227892459] 0
[0.07209319407222926 15.683786804616625] 1
[1.6443354944428434 15.182110366879304] 1
[12.960401306732031 -1.685977803685514] 0
[1.6530023044499562 10.19851392878155] 1
[2.285647759155147 13.344585209839817] 1
[-0.5350745138011681 7.215386794909513] 1
[-0.4822063004264329 13.557119919258447] 1
[3.5570204551598725 16.113101836009687] 1
[0.16131132581438173 4.236202369667506] 1
[2.7063819297160476 13.237013680645559] 1
[5.077467148017835 9.293632052395775] 1
[0.14917599417796557 5.593334886668799] 1
[2.8655475943283495 -1.426177745316155] 0
[2.1278197001779198 13.741015487589166] 1
[-0.4937525590281474 6.054507854626062] 1
[21.304282298933373 -0.4507108418427518] 0
[-0.6384284019193893 5.34823097741535] 1
[3.7939823353041167 15.148732457327496] 1
[-0.37941736356133365 7.654401693143358] 1
[7.326086671746421 -3.130657876227068] 0
[0.08880262434030523 15.711658977067227] 1
[5.609917943252752 -0.005856693617661638] 0
[13.364064380848653 -1.7395019724759513] 0
[0.7910546927469186 10.641931428507451] 1
[0.8186908969666773 13.013785871258431] 1
[67.2464746474759 -8.0565290271031] 0
[4.078945031222385 -2.416685312493224] 0
[0.10927956199325838 5.70994785717374] 1
[64.11610305013667 -3.278822855272887] 0
[12.010124641221099 5.33274908907557] 0
[4.0171589322711405 -2.4167397187935857] 0
[0.4280007087031832 13.290553570517705] 1
[-0.0691329115101023 3.8917543569404094] 1
[41.80145013247221 -12.13986393513217] 0
[-0.8271013881776703 15.145216756350214] 1
[4.084387517762588 -2.1317898728533624] 0
[0.6571222764369826 5.462123029275583] 1
[3.317292288952817 11.718711060571348] 1
[1.7297535844934004 15.091570044389645] 1
[3.701321345891519 11.88508241754488] 1
[-0.26581602135718163 4.194207309381462] 1
[81.3611183072826 -5.124037164079152] 0
[2.6933281594701084 9.937190839569798] 1
[10.34595755576491 -3.1358370649813105] 0
[0.4747943892569888 10.988894659068837] 1
[-0.3505479018042217 4.487022999109303] 1
[0.05988883585912953 14.984261400802426] 1
[1.6343854609229291 13.466878606402211] 1
[0.3263818583141357 9.574098321096736] 1
[-0.03776941499517045 7.1197556216966165] 1
[33.46386460712988 3.5476292405038525] 0
[41.191067732983385 -10.967377563036504] 0
[32.85678694364263 0.42929655471414124] 0
[1.051581407754596 13.847488809903874] 1
[7.67836022527038 15.606079925275182] 1
[6.7774795602813525 13.029623341150472] 1
[1.3782838051341448 8.879237651713824] 1
[9.141777399018247 6.37792667033186] 0
[17.054448683916632 -1.3841671718172215] 0
[-0.8501979624621929 7.432261911711644] 1
[3.477893399345719 12.522579144251159] 1
[25.69112857348182 -8.370286142623627] 0
[-1.0724192884270165 10.526923482701648] 1
[1.5948620642239737 9.005234476764201] 1
[30.33495704851959 -4.970745922201997] 0
[14.948203405769677 -1.408021856621268] 0
[14.492349502980684 3.9076958931330266] 0
[0.07338162594300343 3.1823437729302966] 1
[5.323503594679036 -0.32391679846305677] 0
[6.166472258706734 12.523449177782787] 1
[40.09379672167077 5.749541624171723] 0
[31.213919946499182 8.705052868975837] 0
[-0.5412887235229034 7.569617184370462] 1
[25.345042277262223 -2.160731568328673] 0
[50.04253303242234 -7.359986181373119] 0
[36.011980427232515 -0.9969183408381304] 0
[1.3708367197539997 15.544676198978403] 1
[24.54450301318412 -1.3389702248693895] 0
[4.056659289253614 -1.2690107090688731] 0
[10.601733320299559 -2.725358814658208] 0
[24.77568458503822 -2.3835182886742476] 0
[-0.9069418723002851 9.444620493901025] 1
[0.33833451916680213 8.354993955988732] 1
[23.070691413529506 -1.0087577063500375] 0
[1.7279088944251009 13.169907493110532] 1
[19.313538971585864 -5.460679637437828] 0
[23.778281216529383 -4.806434022735392] 0
[4.211653657716841 -1.1753777662285338] 0
[0.22082830667462763 10.743413769285818] 1
[0.28555534715386854 14.05400138001612] 1
[3.611135716252889 10.649619945830764] 1
[3.1818583629808312 0.32785128399383195] 0
[0.0017000113655416954 7.58698342275314] 1
[36.68217235115546 -8.931825353935542] 0
[-0.39921628355050587 6.52911886107086] 1
[21.104870339161025 13.074982600979514] 0
[18.586968320445877 1.2633968796516646] 0
[0.8569641002556279 13.062594223017218] 1
[14.085498843930926 -7.840026265294279] 0
[-0.052793218894557487 5.22695191235323] 1
[1.433699213895955 11.886244633382454] 1
[2.6431985214467693 -1.1945449287858998] 0
[0.8148365236601605 12.697173185587458] 1
[2.203604777083311 10.87173951643836] 1
[23.484479239422825 -9.960152680302734] 0
[0.07729331595111727 9.669373324277162] 1
[-0.6501185916109047 6.252488304869696] 1
[20.78702016592082 0.1341040047942222] 0
[27.749448722202548 -2.6822387709193336] 0
[3.5031938641435953 14.02335383185216] 1
[4.021062589150262 -2.0776600668598704] 0
[66.55718271649565 -2.3032618333142407] 0
[2.550880221642242 11.429778223574683] 1
[28.90598201597878 11.398277490287787] 0
[41.00648982108825 3.339198122799747] 0
[1.946997656518859 11.813461813949743] 1
[-1.3286546755374475 7.980962921006478] 1
[0.8483587224159133 15.617354498728218] 1
[0.7822804241130767 12.08544655496135] 1
[4.279569933760015 0.22374888346414554] 0
[3.7388972219609995 -0.9835924814165311] 0
[8.919988150844631 -2.0951287905761355] 0
[-0.10741165497082603 13.158604946723717] 1
[61.442117030718435 -2.114808664227678] 0
[6.329225189661782 -1.9778355451607283] 0
[3.9860606202291837 16.0173032405726] 1
[0.18509491681859497 3.5053511433751954] 1
[-0.8399441444116845 8.69521259451012] 1
[2.6739628258049315 10.282723452392812] 1
[6.2555847811478476 14.277983602066485] 1
[-0.024060971403218383 14.004446362179738] 1
[39.613676572183934 -3.823074649284236] 0
[0.12768595314891912 11.495696256846461] 1
[-0.33447900368049 11.04606172651669] 1
[11.84682335344746 -5.439327669996167] 0
[17.000194187786363 3.329670110823287] 0
[-0.6500671060746201 11.635548224386621] 1
[2.8467287729534925 -0.6279402304948274] 0
[-0.19344411291671265 10.26044826051498] 1
[-0.6514734573670334 6.021714584791232] 1
[-0.2025578497926493 4.251481938473911] 1
[3.435518480780429 -0.7389757922512488] 0
[0.6106015577533752 13.841457071612734] 1
[59.59131920844122 -22.009147192806623] 0
[9.402724833608683 -4.461415984219401] 0
[48.31322555102113 -7.941876505267677] 0
[-1.0531126507234498 15.164572271434348] 1
[7.526125566355745 -0.6288244424805848] 0
[93.59915432668251 -19.37671771693489] 0
[3.7612801588512523 13.7622593890517] 1
[23.250438282308785 -0.7677202969839136] 0
[16.826875885364444 0.8219162622334382] 0
[39.815630580982486 3.3451373506064224] 0
[-0.2533568658669844 4.211900709845825] 1
[1.7309494877022478 14.233981263095849] 1
[21.688811857546177 3.0087747151893898] 0
[52.247710974469776 3.981145177174331] 0
[33.98111194123454 9.677028794588157] 0
[7.633123843958263 -4.085435990298057] 0
[18.518653295197915 10.413292586567376] 0
[37.08652662395358 -9.758056608598013] 0
[7.624299617931548 15.886090981465038] 1
[20.351013112541132 -0.6129906477056868] 0
[-0.2087644505174711 7.996328286937885] 1
[-0.9950695838692571 13.514093135493795] 1
[-0.2859630054593276 6.28514330206288] 1
[0.3691888788294306 14.897356096164872] 1
[2.13846777142882 15.586361961108217] 1
[0.11204405653445917 6.117170629059103] 1
[0.4044406562682744 10.652230069369567] 1
[4.495232326179837 9.999072572474098] 1
[32.278450894993156 9.274477100121223] 0
[31.89817954291706 -7.312818572666666] 0
[-0.5434158855703134 7.868276499721524] 1
[-0.4765971800477341 10.206185484467479] 1
[5.4417244649116405 -3.1280567676747975] 0
[0.7561764561319202 11.511295600412836] 1
[2.7757086405417795 1.528295317279542] 0
[0.9406743523600237 14.439972361922162] 1
[4.078910113075635 11.179229482522718] 1
[-1.2879174193729288 8.349386347612104] 1
[25.464529713993986 -7.731862531581102] 0
[1.150062002513311 4.44747618863763] 1
[-0.6351895037450012 5.451953536445345] 1
[19.242622263069723 1.344744929642952] 0
[-0.47037950238887916 14.102144762824526] 1
[3.1768208847003145 -1.7134356055159905] 0
[-1.1685700313234446 7.388808231647765] 1
[0.44710890446044493 9.710585537010939] 1
[0.28171638634913765 2.713822643020791] 1
[2.7195869678375892 11.590040646736567] 1
[12.757689124080228 1.0432559425308336] 0
[1.6026551651505314 0.1059833476174421] 0
[9.435766372131411 -2.152027156797919] 0
[31.969687979188798 -7.38235285239103] 0
[-1.1033644977467454 13.714269559484112] 1
[58.2873269585742 0.9392979550078345] 0
[0.2592819309040896 12.461382330532853] 1
[-0.5610780383381939 7.042723077305196] 1
[16.421387286782334 14.083815129362868] 0
[1.1688240873912585 10.814695911288485] 1
[5.369197962863291 16.090173283361153] 1
[2.104894981268978 16.073464082514732] 1
[-0.043190334212001656 5.135882997177014] 1
[85.37145751349493 -6.899452031376583] 0
[-0.7433631036989456 6.737159360160176] 1
[3.808032221686535 -0.49127734402059925] 0
[10.174869180747992 5.662482281525124] 0
[18.224170278985667 -9.390828479862538] 0
[-0.9801944760473507 15.09377378894014] 1
[2.7062283096265487 11.35503336948858] 1
[13.730241131553365 4.4604930682118535] 0
[38.981376460504606 -7.85980251039504] 0
[52.48860237478773 -5.34471747475408] 0
[-0.3410957495957643 6.087974343240353] 1
[3.1377025603197803 -0.5744216779871771] 0
[0.30811695099221903 11.021735497120261] 1
[14.304794351256689 7.080154626206456] 0
[32.183315764243574 -7.515177816714232] 0
[32.516618386500646 -6.781889101962066] 0
[-0.7566819105208906 7.342204683219997] 1
[-0.7041079840051074 5.6636186217714695] 1
[-1.0045485067330615 6.907100620332548] 1
[8.763080784955356 -3.3005348684362703] 0
[64.88697371454211 -6.239670763371522] 0
[-0.557405813789144 5.1778705503805496] 1
[20.876137262349104 -0.27630785735328767] 0
[30.18060757974777 -5.3352734896065] 0
[4.558778369468023 10.440982610891247] 1
[-0.7161727353725058 12.986020011701395] 1
[-0.4322119828307673 5.6534228941146765] 1
[38.90413476912239 -13.45152756440014] 0
[-0.6374094777221759 5.345799450896873] 1
[14.953074944596679 3.548941418920652] 0
[-0.04093733000058313 12.230431580930457] 1
[1.9512091974898649 11.982546347471391] 1
[41.5280705321485 -0.7054200825995596] 0
[29.25620535641957 -4.34494622193291] 0
[3.6883344733812935 -2.1085460992302227] 0
[4.337333542222085 -1.3695801872212967] 0
[27.32186004328493 -1.3529859075278186] 0
[34.80348729848406 -5.3110565865619135] 0
[-0.39130807352348923 10.124756961050604] 1
[47.41794349632204 -12.39241774044094] 0
[0.5878627767176018 15.686332671825378] 1
[54.64266494026029 2.7355769355217605] 0
[19.026688060898977 -8.863196613271409] 0
[5.194971566747243 -3.202413234260212] 0
[25.330923726192584 -0.29748048898375823] 0
[4.809415664828952 14.609777811564527] 1
[1.1589917395625111 12.830371182338606] 1
[0.9193692717548112 10.789784574273618] 1
[-1.1259041939136378 10.902753088328172] 1
[1.2540774756979323 13.779041134385508] 1
[11.607259808671325 1.1719395682376907] 0
[0.02806592164377673 12.841924145987335] 1
[19.7261670941069 -8.781277045075159] 0
[-0.08989300800063667 12.745589014016279] 1
[10.550066529217101 -4.293455952223929] 0
[1.1078469847719328 9.563527213154018] 1
[-0.39105337249532734 14.461829731656447] 1
[4.500590298564019 11.432491412444817] 1
[13.024333696834368 -4.304697177700325] 0
[13.269338748100669 4.702027467377851] 0
[17.98516139011992 2.0969990601667714] 0
[2.190658559704504 12.54436302892811] 1
[70.56160901694209 -7.196883689777881] 0
[2.6140123115047325 15.822217402565746] 1
[11.425873818826112 2.4723983372946057] 0
[76.87447609361223 -7.192072709456879] 0
[7.6725954317394365 -1.643610157908232] 0
[38.271542336545295 -5.13463859391603] 0
[0.010259145748187013 3.5592860354079545] 1
[-0.037241798338165655 8.94984855921469] 1
[25.12737678613921 -6.912349781488418] 0
[2.092909564910892 9.460951512025186] 1
[1.2910889079293044 15.419896165556576] 1
[29.51815241005503 9.34231983917426] 0
[5.084334147491096 -0.10301526853129955] 0
[-1.164615738645781 14.772333088382386] 1
[41.23610270096087 -16.724210890581755] 0
[-0.28006603479340053 5.114438226873586] 1
[3.8230404935178806 -1.7963874543626397] 0
[1.3253367335631963 11.645753076543812] 1
[4.960730411046203 10.77847037294313] 1
[2.5827297880324007 5.149154412987747] 1
[10.2896547822102 -2.8294098170154336] 0
[-0.32762864082911114 4.342402708309761] 1
[41.542960598080455 -2.716938494358108] 0
[5.830825710029378 -2.913270782423605] 0
[-0.6501099416429676 7.139053720201691] 1
[-0.8641930832508593 6.1584923469946435] 1
[78.4171989064611 -4.176460287023556] 0
[-0.5140693886788856 4.90961623357894] 1
[45.523577575411835 -7.033852315633281] 0
[3.8814799987444264 -2.284065522523772] 0
[1.8126733901367817 0.9402389832487964] 0
[0.6401500362856555 10.742452394542308] 1
[6.904767492542246 13.74094470973319] 1
[0.8854833595723028 5.415940845924684] 1
[38.97875153217577 -10.644993874759365] 0
[14.56830305518017 4.050387810627234] 0
[18.469618521809778 4.248235216864378] 0
[32.32476436949096 9.481065556443136] 0
[2.2172748038510957 12.719342248515453] 1
[2.3710617244794614 14.43104118204608] 1
[64.47084761941818 -1.6893663768922473] 0
[98.00393909759104 -14.764709460930927] 0
[8.03201869422666 -3.349950051046659] 0
[79.92000916460754 -17.594046856889126] 0
[0.6155710074780322 15.791670298816701] 1
[-0.20478084353870607 4.645607704640538] 1
[4.001925367839348 1.772853398406757] 0
[-0.43151614193242993 5.116135223422109] 1
[47.504482065424256 5.817642968594427] 0
[2.34493599734787 13.322333042049578] 1
[-0.1651389125051212 4.02774586829343] 1
[0.09556282692900242 3.5552717565343666] 1
[-1.0474755605107737 8.892857321402328] 1
[2.679605301348566 -1.2352456683370394] 0
[0.27310559068656226 14.286747815486684] 1
[0.4145267582689709 12.80778770819413] 1
[1.4643590467728882 12.416339260819203] 1
[-0.25560515384915894 7.2316035977569655] 1
[0.6473248048412339 13.843932117111375] 1
[5.74319258204835 -3.5128925166517617] 0
[3.6950561600746106 -2.045221876566772] 0
[0.2953519682326593 7.764001451337597] 1
[1.1890431900923955 15.06864996898097] 1
[15.396727304870748 3.6538888010278567] 0
[5.352433627598228 -2.9058940453216806] 0
[3.982097771903099 -2.2974494241347045] 0
[1.0121400827107907 3.9918434727097565] 1
[26.195541654490082 -3.394261819952785] 0
[6.138952547378692 15.567382738203474] 1
[-0.1956588701344945 5.455334728323726] 1
[30.986828487220045 -5.324520971643578] 0
[18.236028382271716 -1.361305856955183] 0
[13.70460981012249 4.406305636936533] 0
[0.9190930205475649 5.710648880427465] 1
[3.7319253180685843 -1.147029766671464] 0
[6.38689143154285 -3.7536040549512677] 0
[13.62167495272592 -6.528798933242744] 0
[0.8763611390377088 11.119398243206177] 1
[2.6187142855128975 -0.6616127758657411] 0
[4.20474142823525 12.450307759190329] 1
[-0.5974175740289196 6.28162952868249] 1
[0.4149860864856746 15.631248927970155] 1
[15.597595877112497 3.848891902397769] 0
[1.2333689055727808 15.517479386818762] 1
[8.837067586928468 -3.637434794769981] 0
[22.70330901411606 -3.7315242245476195] 0
[20.905463618688653 0.0794901459895686] 0
[-0.7492632628391569 5.770736397849751] 1
[17.964498868071797 1.8040743620189326] 0
[16.967511556464018 -9.171028731523117] 0
[26.923259669415202 -9.486233302847545] 0
[-1.7272452586842109 9.990992118092747] 1
[2.453250062837796 11.254682414640705] 1
[13.238301539930209 4.873109193493313] 0
[0.23827180577371235 5.687308737909349] 1
[14.813260917770092 -3.7220636656003725] 0
[2.4979784569557317 1.4685444206491325] 0
[0.588513691198852 15.74882651439382] 1
[47.5404384662841 -5.349056458765986] 0
[5.458300959931507 16.059814669019993] 1
[5.6147041065957835 9.964167829074334] 1
[2.9132601471917425 -0.8822267814447624] 0
[35.932498971418404 -5.476560486357375] 0
[-1.018549190948029 14.43741046030714] 1
[-0.9700038775681641 8.255377880990565] 1
[0.757754993897449 9.713722271564588] 1
[0.10627965128235597 6.5002251443976755] 1
[43.59732467622469 6.94049102448086] 0
[1.5843250082290836 12.648337545871549] 1
[30.01510109373401 0.7621050161133406] 0
[-0.5697275623288652 5.109042535410872] 1
[-1.128636629005987 10.7249979858912] 1
[11.925778031029267 -4.559959620489184] 0
[4.544401483095108 -2.058778411977201] 0
[19.261031296327758 1.8592718911085044] 0
[25.771200977905764 -3.7353135514041393] 0
[3.6785483232326426 12.721848616960976] 1
[28.899663102373996 -5.292318726496104] 0
[1.5455318944894534 8.01352982796761] 1
[20.848385594537945 -0.17616534623060712] 0
[41.194841579905486 -12.888521259546991] 0
[4.541500031446931 -2.2139079028501047] 0
[24.173836837318916 0.5915372616332066] 0
[8.927771793809681 -2.633314836525898] 0
[-0.20800052105392675 12.322890014711307] 1
[15.580570724420571 -2.057128210991663] 0
[23.997017778952696 -0.9182223845164385] 0
[31.27105958191259 -5.6726508537525255] 0
[2.1460236492761 12.466463632463896] 1
[1.8673250951584874 -0.26640876151876725] 0
[79.06060946247148 -4.5092054495809855] 0
[3.986361279686122 -0.509765191351686] 0
[0.2827579491344291 6.882785908822442] 1
[1.0324852040422345 2.9799025131368735] 1
[22.569449154785076 -1.2698065798074347] 0
[42.324799497382145 -6.623815586940641] 0
[25.724994426880635 -2.5459933096916085] 0
[20.92633541657905 0.36063874027265685] 0
[18.01589813124489 -8.688146920303604] 0
[0.42136442954230646 9.611944416854417] 1
[5.7690157422029715 15.179722365995472] 1
[0.5673268024533263 15.32299024871174] 1
[2.4356235495928233 12.715441877653545] 1
[-0.4082698878529155 7.049611040847117] 1
[21.798211275076056 -3.8634741553659557] 0
[-0.3685046769105279 4.474086024036038] 1
[2.6211907646634156 -1.1697481229939826] 0
[-1.0127792019545163 14.729488258852175] 1
[3.763589661373895 -1.9917277115748486] 0
[4.186626587253414 -2.4842095456376105] 0
[1.7424589157604808 6.748932171152829] 1
[37.39771348702092 -7.03977123645269] 0
[6.043167438830652 -3.1108780699794787] 0
[5.919409207564623 10.88642702592107] 1
[0.7649865415122257 13.558848846594802] 1
[4.104690144146631 9.469194877751193] 1
[2.9745939700648547 11.882012213247158] 1
[8.250199033096639 -3.320594284937866] 0
[2.3779853415855343 0.16545691250601033] 0
[24.511646584659662 -2.4177619286671983] 0
[9.507791235866339 -1.1769903464996678] 0
[13.406398453318126 -6.43714852270749] 0
[0.04482871243316856 4.801931544057457] 1
[25.687788047872807 9.920138176183311] 0
[0.799168148615403 1.5475847899901705] 1
[8.754578964396785 8.027340269889297] 0
[3.631232415928942 0.8754990050152843] 0
[5.116363079740175 14.217707382593332] 1
[1.601892828847112 9.321272023175062] 1
[6.689755916051068 -3.729949704951176] 0
[8.711949165614861 -3.9837366338401985] 0
[2.633274235505737 15.254558715781073] 1
[0.5049218344542623 12.684024562292473] 1
[3.638761073975491 0.11926509585746947] 0
[-0.06477559601049586 3.5743311808896987] 1
[10.33357085352726 -3.331258244238627] 0
[-0.7785574342694259 7.8450524805064905] 1
[-0.09899535619044733 13.032597313417757] 1
[5.1810720502188605 14.490603000569205] 1
[5.697350521745862 -2.314857613594093] 0
[36.90872506133541 -13.926390949306533] 0
[2.6781356109020975 -1.14243550874679] 0
[22.377320702898075 -1.2042225229670271] 0
[-0.4582739256100723 4.941301810839274] 1
[2.0896597538550674 15.848955549280202] 1
[4.97546311764655 -0.29530505023041775] 0
[2.9625974827867716 9.039101260616988] 1
[7.442242309265529 7.874231211811669] 1
[-0.6360525718538539 9.548583016886111] 1
[-0.43153792289598014 6.380998896208215] 1
[2.929316197062589 -1.3558376235947973] 0
[43.96117436386684 6.618696398249519] 0
[-0.7029289980730681 6.330533045765721] 1
[-0.5193089453113271 12.18716728787495] 1
[65.59923000571068 -1.2274930751903215] 0
[23.75210025629878 -1.6912511505137773] 0
[4.417187131494028 -1.899533552928383] 0
[3.5468675414050583 10.341242406480166] 1
[0.07044131478336754 9.818852267996043] 1
[25.761691742576218 -1.159535125024747] 0
[1.0566861623255845 12.215843662347943] 1
[48.235612491481604 -12.449111139366494] 0
[57.94361418665538 -10.453489038348987] 0
[33.99361958894815 9.09622427103314] 0
[16.180063055187286 0.8167392633752868] 0
[35.93516684580891 -8.558336626688698] 0
[-0.06322846612828062 3.6123343550431364] 1
[0.14021361903977436 3.161163646908972] 1
[0.4954372493342616 11.598157975515186] 1
[3.6987748750453755 -1.7598873862283293] 0
[2.9593349744067945 -0.8927090790835398] 0
[2.9908066437157323 -0.768864237678311] 0
[-0.34416643105126044 10.045690495987515] 1
[1.8737529138989757 11.868932560049174] 1
[6.224804409530738 -0.4243109662379937] 0
[40.20812562249032 -10.468116529539799] 0
[21.74403633091562 -6.456831615942624] 0
[0.2533401604770869 5.537476712122386] 1
[3.3712367735085977 16.13316543601955] 1
[0.7833374608003648 14.295227942317515] 1
[2.968556095154333 -0.6559979578300421] 0
[41.19431678817919 -12.207018334307605] 0
[-0.9774916914226524 11.046298352534052] 1
[24.12477251414396 -0.0030587169349354367] 0
[1.5715894815137688 0.18325771527450674] 0
[1.2527215713105013 11.9898105659075] 1
[14.958264229909062 -0.03322136608669923] 0
[19.157571608060195 -4.242072187732838] 0
[-0.2818255909781449 11.745745674144885] 1
[3.5605717775450954 13.016625247348236] 1
[0.8328779020255384 11.631118067301902] 1
[7.175272048507473 14.283616586526552] 1
[15.473994745264907 3.228603088799053] 0
[3.033921366125141 -1.329864650557382] 0
[0.7409487780513431 10.163334311646839] 1
[44.09897075588829 -15.575442548801952] 0
[0.9841312392343518 15.557312735229905] 1
[2.584379786428495 -0.9763700821818488] 0
[32.956316024200525 -7.226943572654719] 0
[24.077038479315867 -2.232362868102988] 0
[45.27150574632947 -11.947971785700727] 0
[15.251493015690333 -0.2940660796316126] 0
[26.40268222635808 1.4538366854673335] 0
[-0.3978621118214931 8.105078171483445] 1
[0.13066630341763363 11.745957771448914] 1
[17.548131344946476 4.114153997018446] 0
[-0.29434069839429766 5.881662612826997] 1
[42.68025674729431 -0.8828853307895367] 0
[1.980266452090012 15.091034264601621] 1
[24.080299759929705 -4.58525940895543] 0
[26.129545000615433 2.1828364339420854] 0
[23.035989783260188 -4.499649971776398] 0
[0.13748239639735088 13.992539026137688] 1
[34.98185169819055 -7.5921576875069565] 0
[1.0565530327412453 11.79075037187757] 1
[29.799774810611325 -5.003300518241637] 0
[-0.5189002033371322 7.945638583100177] 1
[2.0743164587169707 13.5751915231403] 1
[-1.1893410536452727 15.020701090859841] 1
[-0.3481709590394779 10.503513244304935] 1
[103.28581601021898 -21.110100362087753] 0
[1.1376872347903668 2.5435644409067244] 1
[0.18127881366209 11.240961273544372] 1
[-1.0191075523896815 11.408130927532106] 1
[-0.9660900190481285 6.610969599573218] 1
[21.440904271641628 -0.25428282354721976] 0
[27.014984357123037 7.859633176266979] 0
[50.62321907124624 4.117159586373154] 0
[-0.7932129220694843 6.570027313364047] 1
[3.0457847153538613 11.349177731235754] 1
[0.3551188235211053 7.260931766809758] 1
[0.5560214948580471 7.790779110305428] 1
[0.18895708741163825 2.8824350383751276] 1
[0.12378407345290782 13.530685120468656] 1
[3.317775833964414 -1.8324925877343499] 0
[65.68391173175509 -1.9675017095084342] 0
[6.124432638125635 0.7482843656321412] 0
[33.52712201017025 -7.784947275283891] 0
[-0.35525202559654045 4.602348637039148] 1
[63.39415082641655 -10.309814303247373] 0
[0.7657857817366847 15.853404194757111] 1
[26.629950323622452 -3.589090601835145] 0
[3.054656148561902 -0.13609249920563601] 0
[-0.19167277186107073 5.868537455911463] 1
[0.8473382076026543 12.21400671163418] 1
[3.780626115882012 4.648042066288607] 1
[3.9949567752546296 -2.3026747790891298] 0
[2.879082046415901 11.358236753278225] 1
[-0.31260944920580125 9.71112705070287] 1
[15.069172536234207 5.427791336360949] 0
[-0.37915459482852765 7.139349682540999] 1
[34.039764046810696 8.729500965231697] 0
[36.70759890497858 -7.291572688590415] 0
[1.102890681815988 8.086517048909325] 1
[46.244519232452014 6.24267408891493] 0
[25.539584099456732 -2.2463733756423228] 0
[22.42141088968549 -1.2866561581990248] 0
[24.506840018742906 5.419337560669588] 0
[-0.2209185013030221 12.251815625127186] 1
[-0.7848400818196035 7.585802685309664] 1
[36.033746716568956 4.707619150851531] 0
[32.55920949600636 -2.7551283553024115] 0
[24.61508755939692 -3.3861918944053304] 0
[-0.6949677625776668 13.473224642743215] 1
[9.90958390555673 -3.928313388579094] 0
[126.90465074807773 -28.67990859358811] 0
[-1.7790507485674025 12.34641053761974] 1
[9.211520149963999 -4.5466380748580715] 0
[1.1678730325515705 14.594230512948535] 1
[-0.17762876434276248 12.288526780785352] 1
[-0.45068477692387254 5.021511682856344] 1
[66.75448528704116 -10.017648186083804] 0
[5.064867627619021 15.272703461051943] 1
[3.7911106203448157 -2.2450363095763954] 0
[-1.136601377189691 7.323096544647937] 1
[25.813114983629163 -3.2349111107721056] 0
[1.8718948922368241 14.788623362064865] 1
[-1.206112172374663 7.522962621165811] 1
[-0.14566007393029984 11.742534887167015] 1
[17.00736733753456 4.098832032113304] 0
[-0.23879343982567325 14.474904910108938] 1
[-0.36428387090793724 12.487154196015034] 1
[7.566782500378279 0.7066483899525633] 0
[27.968547156836337 -4.7468278314926815] 0
[-0.8687913376028658 7.63530837816629] 1
[44.33860056540103 -8.165858897829064] 0
[0.5127563856595683 15.685032109403512] 1
[1.5115394963275819 3.574337412688192] 1
[26.35763376989878 -6.123924045688209] 0
[42.31029261568102 -11.568042567577915] 0
[0.9946782149687815 11.630154996280929] 1
[3.731967119428003 -1.0487408916202408] 0
[47.604485775285795 -16.334072700695323] 0
[100.28478008933436 -26.44863371451507] 0
[43.863455421082904 -10.491401938527016] 0
[16.333409741259228 2.830003721693518] 0
[2.1467265272137963 13.949778098723716] 1
[1.7874438152092589 10.906182512412865] 1
[-0.9012503552498046 6.872844620484299] 1
[4.786555171858769 -2.2800324623027004] 0
[45.84375992976912 -13.914560719224884] 0
[3.519323768921594 -1.1598416293191494] 0
[3.7100489559633485 11.499831473650591] 1
[0.7282216624568861 11.947402778572453] 1
[-0.28080955100557214 6.18308766615909] 1
[6.890942046391123 9.164233555404966] 1
[16.877509181541207 2.751764626540897] 0
[17.6512581439002 1.7784393159689167] 0
[86.46212034479693 -19.208489629270098] 0
[36.24000976117613 -9.817672069965358] 0
[-0.7433080158804618 6.429410814726659] 1
[10.131540149001387 -2.198668650980667] 0
[3.1934430823899547 15.118628178174646] 1
[9.485093955808257 -1.4270548029665266] 0
[-0.38994657789899734 7.622646831081589] 1
[7.934150644061376 15.85822067885493] 1
[41.166064658028745 7.042462800084152] 0
[81.36640402281263 -15.301702953795264] 0
[-0.6573739320701503 5.436881531694724] 1
[6.010466551620509 15.945615226034178] 1
[10.693473052288834 15.487113954389267] 1
[25.74337177257571 -3.3289617006738244] 0
[-1.3664435697842299 8.210963931989866] 1
[5.500380471534616 -2.0808276981410154] 0
[0.3387324131469065 14.782266316386293] 1
[1.16171328766284 11.871360118232435] 1
[17.816290221516535 2.153707608716399] 0
[56.49142421020362 -19.62832330111734] 0
[14.026801739627652 -2.2647478709750093] 0
[-0.2905312521773634 4.208321118331838] 1
[9.480036754357139 -1.1313656687289302] 0
[0.5280570734933334 3.449225752353603] 1
[17.261660756211818 -6.002473521823288] 0
[14.43337704645064 3.9460309699839993] 0
[2.778017386878812 -1.1828422430517902] 0
[1.3525981062816173 12.818291967192273] 1
[10.76078977985855 -3.914750088511747] 0
[1.6647672884990539 15.985841795506296] 1
[23.920406739920097 10.853200192929457] 0
[0.6534719039190107 2.482828771193971] 1
[21.46101010238897 -5.0413031913109965] 0
[-0.9128645337017387 6.323104944766603] 1
[15.28822297803083 3.6658943140705675] 0
[18.60131763860285 -4.5604450062385276] 0
[12.580574266692594 13.81682624515329] 1
[-0.6669438030741065 5.492118566468541] 1
[63.1256906547133 -3.7491763693774938] 0
[0.962083277277231 3.6234437391539123] 1
[4.0241608138293055 1.2945391813970688] 0
[40.67888993860977 -17.82831329072278] 0
[59.619151409343154 1.650578964367482] 0
[41.56340926125917 1.274889581731661] 0
[1.7598116618771602 6.9838574489467895] 1
[38.92415852453155 -8.432345608536052] 0
[3.632265179947045 14.672125771337207] 1
[31.19076300246328 -12.953502880535904] 0
[74.22769249729708 -12.44401942701682] 0
[2.4678133656051333 -0.08549977565574533] 0
[15.394097248888734 14.438206003851011] 0
[64.48446396820043 -0.15386700683384674] 0
[17.662898518447044 1.7525101831259338] 0
[60.89809826585887 0.2777680194726256] 0
[1.1892567238003109 15.856037931168004] 1
[1.3789956842633533 15.73858562861863] 1
[2.441644239086349 13.942147575440437] 1
[19.36785383161152 3.6785679686103787] 0
[0.035480577581390005 3.661120991272024] 1
[5.2589515868336365 9.762452584985068] 1
[-0.5155695697248539 10.382011816352415] 1
[38.65954914827776 -6.474863506158634] 0
[1.829846218240855 13.189637093983423] 1
[10.316653132848593 14.4513063248659] 1
[-0.49179659906201295 5.137349939057059] 1
[23.338136841579704 -5.770171821306869] 0
[1.2764136122026914 11.632872272887473] 1
[15.396933429992233 -5.416015867821649] 0
[3.569106984060277 11.647183916056882] 1
[-0.11843990539548267 5.187859956931027] 1
[11.936067372155081 -5.4298260953564235] 0
[-0.7311867724477206 5.934061857325837] 1
[6.78124577869464 9.312420972806915] 1
[-0.688710519576305 15.363712073587845] 1
[-1.1217712297408875 8.092424429483966] 1
[57.13140694645867 -0.6989491148406061] 0
[2.1688716454876733 12.014790844842505] 1
[1.0401223454911546 13.166145434825772] 1
[11.220397520244088 -3.105973496931127] 0
[23.734928591737464 -2.1059650380697787] 0
[0.9684583773356089 12.7817407572661] 1
[12.842741356614617 -3.5338431676579645] 0
[1.6982466550980533 11.480755858338068] 1
[0.1322099033912355 15.697936295399902] 1
[-0.7508751154189194 10.702864296072136] 1
[-0.21587081371514474 8.91872733550089] 1
[2.739742277900019 -1.1510635199822155] 0
[20.957263155591992 0.7814375877937132] 0
[48.089553517367335 -0.07215303113593724] 0
[1.013194025189656 7.273382178080819] 1
[1.3804581888245093 12.079567935257028] 1
[1.5794756906683487 15.216974609578468] 1
[3.9099245460073337 6.5854583105367634] 1
[2.448590917073629 11.327582450828512] 1
[2.7160395620719973 -1.1956471634835064] 0
[1.707521160921449 7.188489788485303] 1
[5.480911748443443 0.9142442425217296] 0
[4.730426526108699 -1.350946540933574] 0
[2.6802387066027746 -1.21679195893548] 0
[1.9846582594082083 12.409724816348668] 1
[21.63023511190359 -0.7922352855868318] 0
[30.092130782425706 -5.217377870510852] 0
[13.695328892264794 -3.335878242120957] 0
[32.76711138203407 -7.831537363778077] 0
[1.5621730000051004 11.39413755397981] 1
[0.369477386406492 3.9069273083113822] 1
[-0.7443673073541186 5.688440622011148] 1
[44.4862711042265 0.09091967314950043] 0
[41.77740029130301 2.0404980355620426] 0
[102.8228768387493 -22.144972770915395] 0
[2.809384866446995 -1.3486420225044524] 0
[0.5006716100605682 13.613564645783821] 1
[20.603589798905993 12.292814961220225] 0
[1.0503096430978616 8.30291740924875] 1
[21.80181531168702 -1.7364116401332679] 0
[5.612832528910957 9.972752650245056] 1
[1.8854836656321958 10.407869590023253] 1
[3.323508375856897 -0.9081041990374092] 0
[4.088708277196351 16.132861148426073] 1
[3.2962191929194335 15.12436288460399] 1
[67.87488199795592 -5.526524759607303] 0
[9.20827463254047 14.186233549390458] 1
[6.747047550288034 -4.064198362291107] 0
[-1.355752805725543 8.095958178384768] 1
[66.80131476393895 -0.19187087021866606] 0
[0.8227645704222171 9.361439788774977] 1
[4.153115964712238 -1.9441871328654288] 0
[21.322217612858857 -9.047882069078575] 0
[0.4299301748334021 10.45646459980782] 1
[5.922797894655374 -1.194088545639877] 0
[-0.9474575444484545 9.49391831255977] 1
[24.131001745106122 -1.0844405522498897] 0
[20.880435052098104 4.070121371829734] 0
[0.6584963117077299 14.636438190579359] 1
[2.94690810953124 16.03405454432174] 1
[-0.562218690480977 5.202840006393374] 1
[21.118555911641295 -7.793289726611315] 0
[42.21908140904475 -15.364466427086489] 0
[1.5807493660161587 15.76828382698318] 1
[6.880695843913808 -1.565112870490462] 0
[-0.9409528205293625 10.994445311969866] 1
[-0.43384323213663023 6.393100856953174] 1
[1.194367669213448 15.843050334917663] 1
[1.385349113784975 12.41147204622666] 1
[21.749848983881776 -0.29651123633283705] 0
[9.72809685298151 -3.000911946171117] 0
[0.1650001651345746 4.372744032279418] 1
[61.213605984721895 1.4287216789657027] 0
[66.59849904236351 -5.963379385037603] 0
[1.008849205055556 14.88299457368164] 1
[-0.3179983954925464 14.034774021856844] 1
[0.6663786471202857 8.789643482298342] 1
[0.2242807900707693 7.818030621653197] 1
[1.8522396315946166 15.431624345980223] 1
[54.33132625130812 -5.233920680773488] 0
[50.149695989444226 -16.36460180604487] 0
[55.059864618538924 -0.6380788780786304] 0
[3.8686370730726667 9.451480344310422] 1
[16.283719449890732 3.0958190803760948] 0
[6.111603566018486 -0.4645015780874606] 0
[34.48629414736975 8.086523114648411] 0
[0.9681538368285034 13.825567655230728] 1
[2.954579769826199 -1.5038611829649313] 0
[-1.1746690332419338 14.531784814671502] 1
[17.948673354270817 2.1243953520648677] 0
[-0.011012916149468394 3.600200597602451] 1
[-0.7197267491794361 11.03547993899956] 1
[10.43218505782428 -2.7191901731484083] 0
[4.077983033953935 2.9477457980757924] 0
[1.2961570830836548 15.298561103231712] 1
[8.535276618808165 0.4177607838130726] 0
[80.96255521469382 -20.19342863956409] 0
[9.656691245278612 -0.791991272560254] 0
[29.78136280951294 10.852831586795698] 0
[2.5831546991812484 8.374021706056862] 1
[3.78453839508065 -1.9353569078113817] 0
[66.44896439461412 -20.418423242974725] 0
[1.1393879778741054 13.377292139151134] 1
[0.3639383946607444 12.240302488233798] 1
[1.9500336545544763 9.439221891163246] 1
[0.17900022207576033 4.305793222099263] 1
[42.764695827419985 -3.6275639113134375] 0
[28.528990387075986 -4.298415747960526] 0
[11.892223939899655 2.4428612203297684] 0
[41.53963300246609 -12.84422596125333] 0
[3.0002175855000592 13.6526681787145] 1
[0.21112545698933388 3.6836741544658413] 1
[51.3551218920702 3.8680781796694603] 0
[-0.7369883200961601 7.263308799324809] 1
[4.936419713472327 -2.9372609562857086] 0
[94.589157440339 -12.350680420885453] 0
[26.194104655726555 3.1059911299031295] 0
[21.987712728819567 12.875344859388882] 0
[2.1518966137908007 12.626516085765989] 1
[3.264348269624999 6.946259357962848] 1
[-0.21235534412415713 5.6885282567016935] 1
[4.802240308537355 15.854140897347335] 1
[29.25901065829842 7.73665853776441] 0
[19.489289719504868 -2.4250559007939345] 0
[5.528489061070886 13.87119184586588] 1
[1.517974278708655 7.234786763907174] 1
[4.387753928110573 10.497506203734261] 1
[-0.36474406478299853 5.077132880448978] 1
[33.39271587864617 -6.671116313881374] 0
[0.4867618748491617 10.951953270565246] 1
[22.658319357032834 -0.5921428221003782] 0
[-0.8665427858184462 6.429385355974844] 1
[26.617878849139373 -3.6622330796741487] 0
[19.007934127911476 7.394096567058429] 0
[3.792749894881182 6.06827225874433] 1
[8.873508378848982 -1.3581617997649884] 0
[3.311956329831636 14.08741474083206] 1
[10.956772374509093 0.16466423657310353] 0
[0.9653618092368315 2.3563647650625814] 1
[-1.2411263423317525 9.472271888663437] 1
[46.61001127222881 3.5964439673904987] 0
[3.9348585230015667 -2.1501202169766414] 0
[2.8926775696465774 13.908771494701442] 1
[2.073960309614126 1.9046854986997332] 1
[21.6880526868011 2.122975554496178] 0
[1.2373940132123487 10.500841328637705] 1
[14.081845482233973 -7.477491986899683] 0
[15.462331947224765 7.093237559598294] 0
[2.0857390818421715 12.916959051511759] 1
[1.2576286493120716 14.194082133155039] 1
[0.78572797998794 2.1344207032331273] 1
[0.14723463499044326 7.712162312923752] 1
[63.041083788610166 -1.0939388852966299] 0
[85.33755542979964 -8.2676870832598] 0
[-0.31190385797067205 9.342373062398746] 1
[-0.025365703003261644 8.499840655881737] 1
[28.863859072639592 -4.279395968026543] 0
[-0.3838843194363539 5.940274399169665] 1
[3.9307946832423624 -1.8034819097871704] 0
[51.38638093077003 -15.770290657161567] 0
[-0.6031479201580303 5.318284762512215] 1
[-0.9209287969431419 8.160325763035445] 1
[75.0192471507604 -3.0512019509635886] 0
[4.151537679243363 -2.2093353465388805] 0
[0.194550126348358 13.28469200140626] 1
[34.562209269207656 -13.081365565100572] 0
[4.287993865435537 2.003967348717707] 0
[3.2930627524443543 -1.816444024886139] 0
[1.1958596984977101 11.807731904046246] 1
[0.38034113401316344 3.087358608380069] 1
[-0.4116213463628608 9.367985831330568] 1
[-0.7915755816677894 7.88593001485077] 1
[-0.328942583624802 8.430010987164916] 1
[-0.5335218313243328 10.968356188199412] 1
[31.87402474597439 -5.956518766327825] 0
[0.5947364292566727 4.690114587717108] 1
[6.410222226502835 8.378559632949791] 0
[-1.3934484483489231 10.875540093116232] 1
[-0.40842602454575616 10.415401153970807] 1
[171.19012007387477 -39.07906981863394] 0
[0.2343713312281496 3.510992137244571] 1
[1.829177559628501 11.164714988509534] 1
[65.5029778197042 -2.972581650434221] 0
[0.9094716396816356 9.227198451507057] 1
[-0.07031032253894845 15.438571460338501] 1
[15.860630795506271 3.3340137013391065] 0
[24.646329945492745 6.208183765533883] 0
[15.016350565909692 -4.975048645851861] 0
[3.7139425085023285 -1.069288142598293] 0
[2.851728313169679 15.173127441364388] 1
[20.55793240672135 -6.711985216920688] 0
[0.15586026214492807 14.260628616133534] 1
[26.871406502480184 3.1534700797817172] 0
[20.598672512112394 -1.648627787037909] 0
[2.376128771090272 -0.10941576238067277] 0
[33.09266307774301 -6.669082998854515] 0
[29.859320762335628 2.3968979328143716] 0
[28.851533698314817 -4.626972986454136] 0
[2.4020838392320742 10.889880218611875] 1
[1.579753353968142 0.20431291038581986] 0
[5.739708522192383 15.868182445930533] 1
[0.9455969885639576 14.020274511220096] 1
[2.123348003386609 14.608064324553938] 1
[5.409448152419852 3.211445080570345] 0
[2.152291237504895 13.014143187882588] 1
[63.70642341920056 -0.31207181747470836] 0
[41.045552310648986 1.9962491556348363] 0
[23.000030156122293 -1.0096271555067118] 0
[55.18526125504462 -19.751752886754872] 0
[31.14243311320495 -0.26915746951830816] 0
[2.833914474841018 11.324271378705951] 1
[50.35531843883814 -6.715077699334277] 0
[1.3470207517654715 14.467414720966914] 1
[0.9292771609766286 15.887556097154409] 1
[8.160754119204473 -0.27167491003049216] 0
[86.36338471191613 -10.941375108365099] 0
[-1.0330104192235916 9.239072261319935] 1
[24.318652486512953 -0.09095473519857483] 0
[-0.05963928208722996 13.51597830011381] 1
[13.6087319621724 7.221090087163401] 0
[-0.3931776214290072 5.112711182405754] 1
[3.962724725828143 -2.3045905521185945] 0
[10.974107355763875 1.2773663395395314] 0
[17.95408677781343 5.934159054049896] 0
[7.944819891948903 -4.182305817505069] 0
[34.945151307090185 -7.220056653036652] 0
[5.472087488148041 16.019860122561838] 1
[6.054263830216272 10.099341270667555] 1
[-0.5511230293980967 9.185546522795718] 1
[18.08468259777802 2.399641883510837] 0
[64.18497438814097 0.1622719621336115] 0
[16.2139802695106 -5.702511296871636] 0
[0.04066131971662675 4.336459779621498] 1
[1.5015699362713102 15.280185412534596] 1
[-0.3177080901658377 14.65889638202268] 1
[52.69809788437409 1.0753544439887004] 0
[95.90377241296328 -26.880822796789815] 0
[26.4753856914107 -3.3702228964147674] 0
[26.429395889855805 -3.89986962716235] 0
[4.16139578625058 -2.379739101609365] 0
[1.0298790807752023 8.69767897241861] 1
[1.8980118265277492 8.891822312242965] 1
[-0.38104307060433634 5.590492031133846] 1
[0.4930290775468738 15.778320721312848] 1
[-0.12925377352998224 6.320384638042464] 1
[28.838577594655142 8.644995528280838] 0
[0.5632488626361261 6.283264299565524] 1
[0.951176859935522 13.842844593898544] 1
[-0.3851376246880299 15.110525987482479] 1
[1.1546607173474293 1.467691100617394] 0
[18.881414788519237 1.3638781436793472] 0
[3.4104852514464588 -1.9238642758900184] 0
[4.12484668259915 11.045065363768252] 1
[1.2208548715044107 8.743483064662747] 1
[0.62216877717215 7.655819598924085] 1
[16.515516237407972 1.592975635565042] 0
[1.186582377866491 9.552454916730762] 1
[32.56334742850977 -7.397138108665416] 0
[-1.0250033925016493 6.829665685642958] 1
[2.7550804227653947 14.886019337397034] 1
[-0.5030626639791691 5.84648687709578] 1
[-1.1930755806653355 14.971738775501457] 1
[4.871756926352127 10.494365085213458] 1
[-0.3675444193945566 4.665986996228392] 1
[19.807575216671285 -3.5887309807924876] 0
[1.0170668812196402 13.505251930012001] 1
[0.6328992632769832 9.110673461049277] 1
[5.291983116424452 -0.5439043712785261] 0
[3.3593889770176117 -0.5089043395096242] 0
[64.43794533687299 -25.88491520747968] 0
[28.36889462222998 -3.8597713875060693] 0
[1.7915045513920838 12.674195840651853] 1
[0.5069128667710602 6.326655165157111] 1
[1.6303182530524807 0.6951687391069783] 0
[19.337728080847636 0.7855368717421922] 0
[16.411934168428573 2.6017285717652587] 0
[10.859968686702732 -6.405577927901669] 0
[-0.7135057045421427 6.528755607647529] 1
[-0.4942091150054514 4.909145936935228] 1
[1.4453081321336612 11.017854297800426] 1
[-0.8096187131742504 6.479283679540584] 1
[31.912640625241977 10.405127432543999] 0
[16.841681384861282 2.1610507658980556] 0
[0.18429075657645355 15.486855416932102] 1
[13.127887606127484 4.920567620888654] 0
[63.571443069365586 -6.410520980855068] 0
[0.5379277436622687 14.335410269603553] 1
[0.6051086776829168 4.364001242473939] 1
[-0.3013178598422901 9.310627940794273] 1
[-0.40628876638623057 10.974159760147185] 1

