[-3.7846941448691673 -0.03194806106192136] 1
[-0.06390972201538381 -3.363787617755936] 0
[0.2312875308883488 -2.50824531081314] 0
[0.9259552864596762 -5.183862629300293] 0
[0.2793845976204709 -3.0448097980523223] 0
[-0.9645028786999459 0.12850747835905516] 1
[-6.922908363171089 -3.317473275753665] 1
[0.14280166619566909 -3.40550807654377] 0
[0.5331377819115297 -3.532614470546051] 0
[0.09631808964324667 -2.6191469762049673] 0
[-3.7796903684912193 -0.9659553305337315] 1
[-16.78225634565508 -12.028900470391063] 1
[0.12446642673139258 -2.3108034017603325] 0
[0.6654668923095602 -4.45931360769608] 0
[0.1655836431679567 -1.9243460689117695] 0
[-0.4439830484223365 -0.0899553005663397] 1
[0.47166654811711106 -2.9347313481084134] 0
[-1.336187981630916 0.1064803983413939] 1
[-0.0632211782133013 -4.081067213716161] 0
[-3.033751785078201 -0.6045106404635454] 1
[0.12288752609555556 -2.5853993387063587] 0
[-3.5441959746325282 -0.9163681095703828] 1
[0.7994233471863978 -4.523443670193188] 0
[1.4871499054599056 -8.33263449220038] 0
[-5.315059324367967 -1.3394480410758733] 1
[0.4259952459068433 -3.0913691346450953] 0
[0.5707054019251203 -3.7823694558123675] 0
[-2.7362276677048225 -0.42365189522608737] 1
[-2.738214596601968 -0.17499018883761513] 1
[0.770499656993791 -4.537906962050965] 0
[-6.80650664353088 -3.417085769072516] 1
[-13.855746970976185 -8.801898814158445] 1
[-7.187138874990737 -3.113126991940513] 1
[0.7926905811292335 -4.998070900760013] 0
[1.761891505033865 -8.682472843036225] 0
[0.6075785725949958 -3.765454524991511] 0
[-1.3973235852859363 0.22341198223653946] 1
[0.7348854655919457 -4.652063357751285] 0
[0.5378824679971581 -3.536807106631855] 0
[-75.89620994221649 -66.01012911816863] 1
[-1.3868401070407719 0.19634491878280977] 1
[0.7233407106394056 -4.632789888479327] 0
[-0.7550123315541464 0.07812054806198554] 1
[1.5888079728856737 -9.204417508749016] 0
[-12.092627149807626 -6.430023823875134] 1
[0.5329418322966593 -3.3209227826135175] 0
[-8.083605146700709 -3.923991561516476] 1
[1.9297170529377465 -9.962209689240574] 0
[1.1085793757329778 -5.787688385195289] 0
[0.8922640295311149 -5.381599588648427] 0
[1.5228704166102291 -8.143769680502945] 0
[-34.76296344956769 -28.75019527385304] 1
[2.6565797143199106 -12.769015779951165] 0
[-33.10384660206127 -19.287837279128123] 1
[-5.67838447486036 -2.122834041875084] 1
[1.3253034126104166 -7.040598203262088] 0
[0.37540326610516067 -2.713830130791682] 0
[0.5561054065753062 -3.5251533198571012] 0
[-2.0524010891042743 0.05202787572002643] 1
[-6.755264249178659 -3.2011992353009386] 1
[2.134826017922384 -10.888151155789334] 0
[-0.5451066513028695 0.004523045586861654] 1
[-25.812176952876936 -13.328733829639976] 1
[2.430190623670832 -11.6327851055465] 0
[1.7617745244118563 -8.791062399380591] 0
[-45.733966780431075 -34.03196290620815] 1
[-20.193968088190907 -15.454692407696616] 1
[-7.670310319344171 -0.9765664887630854] 1
[-1.1177687755280772 0.10112045192615907] 1
[-48.59933664273388 -41.38874724809658] 1
[0.2722936632185507 -2.5812976439263875] 0
[0.7528931116764526 -4.874306907211209] 0
[0.5337411750786855 -3.2802413605560483] 0
[0.5186901418038325 -3.6968258919490338] 0
[-6.185569736034195 -2.9025413319542555] 1
[-12.384971810707414 -8.357837689153136] 1
[0.2171750454591914 -2.6400534038501897] 0
[-30.4514561787431 -25.13950907186649] 1
[-3.2268582771423686 -0.6449723895621775] 1
[0.27798855204463246 -2.068303771661071] 0
[-7.45813911201212 -3.9715705424445513] 1
[-0.8146837409025292 0.09396130311258793] 1
[-5.706317645016244 -2.378116192453918] 1
[-8.236037805186008 -4.395965087546619] 1
[0.4688505274351228 -3.3794775022295176] 0
[0.12381339632415117 -2.390376765618207] 0
[-2.306784438073194 -0.16957369582220344] 1
[-2.4536286713079845 0.15599304326776883] 1
[0.13484338939842405 -2.2802317164648964] 0
[-4.817681608387613 -0.8459311612774878] 1
[-12.47888204218331 -6.9608681042260745] 1
[-6.233920804327829 -2.946766038778416] 1
[-7.628212386001264 -4.038962576388092] 1
[1.5527701083420373 -7.871254107916251] 0
[0.25729007892598865 -2.8360625154388464] 0
[-0.8981752842126844 0.09673959326343595] 1
[-0.7114697746692704 0.0772378131450298] 1
[-3.297672185443397 -0.7508911728499073] 1
[0.24271744512011623 -2.8492409321808134] 0
[-10.044479516477313 -4.221236417584967] 1
[-1.5077157642278927 0.11970049699124191] 1
[-2.4985572836236543 -0.30345267062865533] 1
[-5.609841927405345 -2.397250097858368] 1
[-32.41033950074181 -26.961980604402882] 1
[0.14618015583589983 -2.460445815040689] 0
[-1.0769187712125166 0.09899178704633635] 1
[-1.908117590978776 -0.06635639639288951] 1
[-2.156423584349133 -0.1608371043956245] 1
[0.11224748409827828 -2.5507648151406737] 0
[-0.5349940846909029 0.034215607644134505] 1
[0.21632437604761745 -2.753440996958639] 0
[-1.4725582878993406 0.12929835790354216] 1
[0.7678221663264438 -5.176113952887393] 0
[-0.4931097719902414 6.493531711480334e-05] 1
[-4.1549525259471185 -1.1908829109975967] 1
[-70.44858026800813 -54.35608961278001] 1
[0.6507114636950344 -3.6655713847404274] 0
[1.8056687883199474 -8.745434968903357] 0
[1.556466139261289 -7.992744804162347] 0
[-1.8886610468934024 0.03233072397783516] 1
[0.9497734173865668 -5.2266655616186775] 0
[1.0418802633790047 -5.867798970756239] 0
[0.4574354385223318 -2.7115809931192945] 0
[0.7119257135515302 -4.550412404382079] 0
[0.1810002832363834 -2.0524003751287254] 0
[0.2425311035010458 -3.1452672821475613] 0
[-21.65302494790995 -12.901128435465907] 1
[1.4744406406573805 -7.934232424790931] 0
[-0.05741476209254277 -0.6518866472886503] 1
[0.47904345141664634 -3.4009294810096153] 0
[0.3723493951683729 -2.9948004463686537] 0
[-7.566073670877708 -3.8176109957494324] 1
[0.1326887388938762 -2.2864427326323105] 0
[0.7231083334713317 -4.345229524368295] 0
[-0.2142139512082807 -0.14999008055560348] 1
[0.6680235958475129 -4.07361892816116] 0
[0.7362889328629432 -4.167949555597895] 0
[-3.730386649904755 -0.7118223856857175] 1
[-0.0009597960883318505 -3.0905265320938433] 0
[-9.133229582839874 -5.3874904399098185] 1
[0.2633333467596063 -2.7126177715222246] 0
[0.058197185045282485 -2.4756972648035807] 0
[0.748146762045364 -4.317674221880628] 0
[1.0388880921142765 -5.7007749905844545] 0
[0.16893330254292366 -2.0982226257620917] 0
[-31.3503453060666 -7.849302749583403] 1
[0.20585288156635964 -1.3634595426604035] 1
[-1.1498045983249598 0.11810574890544445] 1
[0.573152946575613 -3.7120596295108568] 0
[1.1029008165107628 -5.874290394161896] 0
[0.2218789696259344 -1.3616579853250346] 1
[-1.0322279174639035 0.10041770406791994] 1
[-0.031229893224226583 -2.9713325929655117] 0
[1.093818244922657 -6.482598883853598] 0
[0.6520880012345498 -3.999878372097177] 0
[-19.14607829234184 -13.4583181532361] 1
[-18.609033891724366 -13.020134654172805] 1
[1.8946154895413518 -9.214841212288974] 0
[-3.658733571367753 -0.9262973231185061] 1
[2.005048925978741 -10.648668383273149] 0
[1.1543891193385887 -6.458254677223323] 0
[-42.07759496986812 -33.1712354785507] 1
[1.4643296296139594 -9.140780038361271] 0
[-0.44094790751257806 -0.06232822956017581] 1
[1.2578635999999137 -6.902358756926574] 0
[0.4892114640811783 -4.312369816516326] 0
[3.431779163319945 -16.41354207580821] 0
[1.3648243271710934 -6.8288157661804725] 0
[-0.28744989107853475 -0.32872755917227015] 1
[2.37968296106262 -11.453668414987892] 0
[1.110051142371722 -5.826409926411407] 0
[0.6377618383538184 -4.064704772711482] 0
[0.8427517129415028 -4.4545979328700565] 0
[0.5836319535576413 -3.5662210414566378] 0
[-3.444064752244819 -0.7948764653550999] 1
[1.5267869860254888 -7.570827839897774] 0
[0.130722071162303 -3.3040011597741454] 0
[-4.479109924385131 -1.3651806377213536] 1
[-0.033105327578673856 -3.168350145000355] 0
[-2.5737411947999425 -0.33876988263099495] 1
[1.0659050767582965 -5.801602488673877] 0
[1.2242040954178077 -6.3313418995620525] 0
[0.8455563346319199 -4.9615861640401935] 0
[-2.96673117378886 -0.448721914660716] 1
[1.5131615627702337 -7.439382941118348] 0
[-0.7494314382402684 0.08138956313681422] 1
[0.10642349911893664 -0.6666103584955971] 1
[0.3340997806300817 -2.7545547542425592] 0
[0.5906670850253545 -3.5807575837076877] 0
[0.2170372592333527 -2.560131562956389] 0
[-1.3152408558257742 0.19174607466327406] 1
[-10.513302649777156 -6.392523882541109] 1
[1.9233308367518274 -9.480563450728381] 0
[-1.1422271458459852 0.1057392263166482] 1
[0.4261787394798543 -3.3654981070672845] 0
[-0.08307186575090836 -0.25958329370172173] 1
[-21.61170399163768 -13.960097612961103] 1
[-2.9596985356100998 -0.5489208489961335] 1
[2.9499290773788207 -14.513296806123552] 0
[0.022781245818097318 -0.4318596179431403] 1
[-28.869209503471154 -20.43410068003218] 1
[0.711004011204208 -4.392483837831452] 0
[-8.177636663692688 -4.589024230741371] 1
[-66.42877734583492 -48.841209711501094] 1
[-2.4465355288194077 -0.2841905222233969] 1
[1.0618390756262133 -5.533330090522195] 0
[0.3531889548692421 -2.966710629428361] 0
[-1.8620268496620125 -0.04953090238386209] 1
[1.2537325596955018 -6.548150731144251] 0
[0.5354788907503212 -12.893366104997913] 0
[0.6992224607105982 -4.443140671917904] 0
[-1.017388920763087 0.12964914040736142] 1
[-5.728172180081902 -2.326680326797151] 1
[1.7055279384733306 -9.106855134763109] 0
[0.3816771726073167 -3.118987964096623] 0
[-1.5527884380469006 0.14919764640278577] 1
[-1.0169568460912792 0.1381911738497123] 1
[-55.29605680660092 -31.49716610085351] 1
[-1.297032602560522 0.10137860045513958] 1
[0.3104533956298698 -2.268361140735445] 0
[-2.7345220110941817 -0.19330694542204885] 1
[-116.33211109364021 -95.62901721171173] 1
[-1.2076246072015824 0.1374652790031613] 1
[0.1197213842882173 -2.259845935631782] 0
[2.30235476228877 -12.117524394150639] 0
[-5.166175687107733 -2.0895180413131937] 1
[-2.803872475497307 -0.47309821154087084] 1
[-0.9157237150704352 0.09903602792724892] 1
[2.405088302919119 -12.17207271371815] 0
[-0.5321048934169197 -0.02457522165198998] 1
[0.4313780648631782 -3.184288774903597] 0
[0.723890546360155 -4.471289290904253] 0
[0.41206862133759314 -3.275133325173378] 0
[-8.136353104326734 -4.553542969375764] 1
[0.18473163119238778 -3.0205696030188802] 0
[0.9276964273530264 -5.793144201362002] 0
[0.08684551413331737 -2.4712788756953037] 0
[0.6288009194582245 -3.728743221485007] 0
[2.324479651087688 -11.543511651249037] 0
[-34.57111108011567 -21.937276965694956] 1
[0.5308627376402841 -3.521954932931084] 0
[1.0941087287693319 -5.727968582832084] 0
[0.33790799089716106 -2.6493940279792803] 0
[-0.9330075985201499 0.10090096192886747] 1
[-0.22765481340516913 -0.344622040838161] 1
[-0.9209808170662306 0.13296165816307032] 1
[-0.9860028674858798 0.13712535170774576] 1
[-0.4478594180253307 -0.04189971741223675] 1
[-0.004092911671652904 -2.9476483004729053] 0
[-0.32775284314056463 -0.13447996884013247] 1
[-1.1455064517933575 0.09801797982741764] 1
[1.2832316735102334 -6.639659984977312] 0
[-0.7025014601739916 0.05170462783254907] 1
[0.260841128131838 -2.3499193730492336] 0
[1.682971638484053 -8.879299077580546] 0
[-10.726315281501169 -1.436337755128673] 1
[-3.8141103848064897 -1.0749982745407007] 1
[0.03787360947418564 -2.6634177396908942] 0
[-4.998404839811045 -1.407622050197531] 1
[0.7961267873589211 -4.519116595136767] 0
[-0.802413409278804 0.08935326960173068] 1
[0.07635578518141524 -3.6804732728082827] 0
[0.4811657702997052 -3.8839080930538] 0
[0.3953183818395549 -2.629711504243703] 0
[-2.752882551428285 -0.14612262035012216] 1
[-4.930258609472508 -1.824194713620256] 1
[-9.381462932782371 -5.458333782033234] 1
[0.39805848040114256 -3.0070640736792935] 0
[0.5544424452339114 -3.889720578520614] 0
[0.5902827850036786 -3.6247170911794773] 0
[0.3312673053658056 -2.6617664026212613] 0
[0.9861535498792522 -5.609260843217076] 0
[-2.67989995736393 -0.13864974864866308] 1
[-0.0709673270204542 -0.3148278190803796] 1
[-7.147939005913034 -3.1576337422616922] 1
[0.2202773764524203 -1.1023644601689493] 1
[1.6580344673356022 -8.490941673607823] 0
[3.2469480459886615 -16.476006315521037] 0
[-42.72387329601281 -35.725405127829234] 1
[-0.24218439432717725 -0.32731510064456215] 1
[2.3084092636365687 -11.629404271025326] 0
[-1.6466787192854975 0.01267086505056354] 1
[-0.22100088399630052 -0.23523359728330234] 1
[-8.783266711261156 -4.743823874062393] 1
[-0.4695632476690992 -0.02957141115347444] 1
[0.8968178577152662 -5.479995012006218] 0
[-4.769734747445193 -1.5358575392453195] 1
[-8.395669377505483 -4.290682865264616] 1
[0.462794153705118 -3.5287462986143714] 0
[0.5415643309078935 -3.783815484644038] 0
[-4.512677562306058 -1.3625195855913192] 1
[1.0698033417563995 -5.606043297552125] 0
[2.0422840168195115 -10.620386972934783] 0
[1.3179036189628401 -7.475759338158932] 0
[0.2665047052465205 -2.5279606197009445] 0
[1.401009970536508 -7.8478053666352405] 0
[0.12697614502827176 -2.1653331393392525] 0
[-2.062233987062634 -0.03949286449546965] 1
[-2.776559907213648 0.0793668743605214] 1
[-1.1108105408000557 0.1662316016369756] 1
[-1.6201131437455922 0.09386395364799899] 1
[-0.014342339209634906 -2.8770673055572393] 0
[0.4220898138712482 -3.3341535592952547] 0
[2.726008963660563 -13.488763664460514] 0
[0.07528912539809668 -2.632449169004314] 0
[0.6838393818821358 -4.080513823112208] 0
[-18.743539979743495 -7.29987769284258] 1
[0.7331942836009386 -4.886847034184717] 0
[-7.173310241247282 -3.729422991852516] 1
[-0.4392178975631487 -0.00917394895418495] 1
[0.3492833046985962 -3.5427844048564383] 0
[0.4535796930384627 -2.886420770260016] 0
[-15.97548579480387 -11.426796323219019] 1
[-3.045903568970479 -0.5907882144771035] 1
[-7.111289451718438 -3.619380375229114] 1
[2.084206507387022 -10.661116342275331] 0
[1.604612543958312 -8.160335494536309] 0
[1.708083313315948 -8.85241792074981] 0
[-11.64496212053059 -7.052101744571875] 1
[2.10362063637638 -10.23564814304821] 0
[-2.913016901042883 -0.47892493754861243] 1
[1.3814523983288272 -7.2120900970451896] 0
[-2.3198250318630826 -0.1105858212475907] 1
[-10.366695717699608 -6.191605960609333] 1
[0.3404109166895567 -3.4700047954138338] 0
[-27.281045243992274 -22.18525355486488] 1
[-1.0304102508760749 0.10008260823055545] 1
[-0.08922497146350458 -0.5000762660438175] 1
[-7.026592025822417 -3.5371700094110796] 1
[-3.7741099527682826 -1.0487871344168043] 1
[-0.20602124524073384 -0.4723870369731983] 1
[0.14472931253368995 -2.7986519759895803] 0
[1.8916345569903883 -9.343533994803794] 0
[-1.441092323739154 0.07049218026543741] 1
[-55.40311872845594 -46.691564930327964] 1
[0.9501516068658156 -5.2823887269141325] 0
[-0.9067008768421374 0.10555164867912943] 1
[-6.381434316175576 -3.0681492486381146] 1
[0.11664178239679865 -2.3544147520693928] 0
[-1.7787850640985035 0.12070668157542672] 1
[-5.3940076520988365 -2.27060503601474] 1
[2.063704935349624 -10.499693212799269] 0
[-5.12369568844171 -2.0390544912364903] 1
[-25.186915267206423 -18.196477860544125] 1
[0.6247230961794648 -4.191836183879921] 0
[1.0662159016093633 -5.802714288463184] 0
[-0.5786448917022136 0.01648382008356408] 1
[-54.215402289213074 -36.296677747964594] 1
[0.5653831663364384 -3.134528178021019] 0
[0.7078419580829901 -4.407561183559194] 0
[-1.0137497689949968 0.13285116478149211] 1
[-3.9830423091696554 -0.9311764468230761] 1
[-3.487613789736522 -0.8842196729433329] 1
[-0.35306035031362265 -0.2588575637941408] 1
[1.3681303642360674 -6.9300680072139285] 0
[0.04260073621977497 -2.582775370582728] 0
[0.6348560207485245 -4.190671184131278] 0
[-0.7502743827197829 0.07348123553052835] 1
[0.028131218762026705 -0.5608676449990881] 1
[0.6178175609994769 -3.640810138256221] 0
[1.5064664382141062 -8.14571562755987] 1
[1.583213123115177 -8.638826777771786] 0
[2.3042437158833162 -11.346172264803485] 0
[-4.050284899396214 -1.192015804425077] 1
[1.3851264548785238 -7.48782267603668] 0
[-1.330065165053321 0.08787720427930296] 1
[-0.7692280700035586 0.08153786051935376] 1
[0.025681164729602413 -0.8914600902470908] 1
[-0.24591332877785893 -0.3635369285402747] 1
[2.8435844243025765 -13.55992846883471] 0
[1.6611031656790582 -8.34933544232815] 0
[-0.486615328627547 0.018074789741112568] 1
[0.19556183965987906 -2.3942652350709963] 0
[-1.2161126020793964 0.09203376377253343] 1
[-3.1381359119775984 -0.1869658272417915] 1
[-2.874954403877162 -0.48194142412900365] 1
[-4.5354105118235335 -1.5180503322770886] 1
[-0.05652138905145879 -0.5632344005509858] 1
[-6.531347231864511 -2.566705240217901] 1
[-6.454223550952978 -1.83991863375182] 1
[-7.029933068034995 -0.9981310185593129] 1
[3.0138974764041055 -14.386653064013025] 0
[-1.220504727827937 0.08979394347652342] 1
[0.8221041513409365 -5.065316346411109] 0
[2.2178064660797148 -10.747715425170144] 0
[0.6975786311817649 -4.391742360324264] 0
[-0.468025464592696 -0.08364446921090901] 1
[-16.608626548598195 -10.979087604630276] 1
[0.6311107999767671 -3.775797580117578] 0
[-22.47912915684487 -17.470613778102525] 1
[-22.593950827650012 -9.460669654677403] 1
[-11.659939038876608 -6.653005201922992] 1
[-1.2077564715971376 0.09420126821456348] 1
[2.1716092080956244 -10.445524203858891] 0
[2.2066158363946786 -10.616397551266385] 0
[0.47479932632375743 -3.1625098618755523] 0
[1.7527694033474508 -8.895019615018924] 0
[-2.9136973372857042 -0.5009022019406917] 1
[0.526338726083542 -3.550943250548649] 0
[0.09375633061861935 -2.8300776008734965] 0
[0.8442586239211647 -5.418370352283969] 0
[-11.301858625440232 -7.044776090470763] 1
[-1.233170864006822 0.10104442942694769] 1
[-1.282098286730228 0.08582282744094133] 1
[-55.692431863422854 -47.90841120793932] 1
[0.4254104761924924 -3.47256696471391] 0
[-0.7162327992233529 0.07560567888266381] 1
[0.18217601472292477 -2.020232247662542] 0
[0.34110631703142225 -2.866046977216448] 0
[0.3358590054217452 -2.5965577029464963] 0
[2.9116365963906006 -14.335219242646387] 0
[-0.4105547472948229 -0.012434601724184728] 1
[0.546244833208632 -3.2817698395145696] 0
[0.20881594561939082 -2.7811108120034094] 0
[0.38278943268575605 -3.7976135342845323] 0
[0.17055642270307664 -2.4216020559576066] 0
[-14.198131878715605 -7.234217583954813] 1
[0.16112085072908056 -2.5315103672183747] 0
[-8.409676267511038 -4.610545063845196] 1
[-10.669407908923482 -4.114292173126335] 1
[0.5894145591883387 -4.131660968846809] 0
[1.3998509874420817 -7.512023648020363] 0
[0.2507374578122852 -2.200057241526445] 0
[-19.43313190982743 -7.7460911119357725] 1
[-2.135432988495421 -0.09854133613501798] 1
[-7.290188993796562 -3.6479667745162505] 1
[-4.601888083492431 -1.4519671077231315] 1
[-0.243871114059108 -0.15662359665484596] 1
[0.17947734859670927 -5.978679842248779] 0
[0.05578386939180708 -2.693455431996316] 0
[0.9552249127146825 -5.618472045313656] 0
[1.3777584280019992 -7.8679976333236645] 0
[-5.400024524556306 -2.138480853078986] 1
[-30.697925296201333 -24.953579189268822] 1
[0.5600655661577331 -3.3418517554458678] 0
[-4.144014482201109 -1.3016978728918631] 1
[0.36104316092602806 -3.622693181778552] 0
[0.9690256157106111 -5.231095262048402] 0
[0.14381114519460061 -0.7612976672960439] 1
[-0.19801498381411983 -0.2475932237158534] 1
[1.0621395630416512 -6.113352043109365] 0
[1.3477021049442612 -6.596905727886429] 0
[-0.3227893915232939 -0.29122562488677006] 1
[-11.112847657945327 -6.615931942961819] 1
[-1.4269491158912468 0.08073945774699193] 1
[-33.740923365845575 -27.61744815586014] 1
[-0.07978494659457333 -4.755171739991601] 0
[-6.587842127742325 -3.0240752680605056] 1
[0.24485517418813846 -1.2096517910798523] 1
[0.5946663324055275 -3.9169793519936436] 0
[1.4306029828977234 -7.454647047825606] 0
[0.12224816375715006 -2.164325441393656] 0
[0.03505506423418296 -2.6169693457475507] 0
[-4.440604778456377 -1.493438876157327] 1
[-34.28671749332841 -22.330468405320104] 1
[-0.3390555826845397 -0.14654939792482344] 1
[-9.068210927665332 -5.065327022684869] 1
[-1.3980715993751283 0.06582360715693428] 1
[2.2629833506862473 -11.300932166204486] 0
[0.20781702417626502 -1.111408876880506] 1
[-0.03250417752195343 -0.7581137466194288] 1
[-8.267486001266214 -4.6736616011856995] 1
[0.2026018443127916 -2.5027501390594677] 0
[1.6966904803035003 -8.524218298175537] 0
[1.0562736481987414 -6.396612943559223] 1
[0.0016970838689869744 -2.8282587341606202] 0
[1.0723901013344568 -5.537094007164417] 0
[0.932275620043337 -5.346373623578199] 0
[-1.9109438183749616 0.03042525750462366] 1
[0.40253118017470463 -3.3083334240186595] 0
[0.024592689017506247 -3.4761648609564375] 0
[-2.4087959875851603 -0.23307441481613833] 1
[0.8278203497453371 -5.4609450534969355] 0
[0.5697405043557591 -4.045696284627938] 0
[-23.91928936423809 -14.561485526154346] 1
[0.7399660986294604 -4.033968092248478] 0
[0.48446778515023614 -2.8927384624350827] 0
[0.7936841172374112 -4.904124237146326] 0
[0.24917050947384561 -2.695354214233616] 0
[1.0579588442843202 -5.616854839403858] 0
[0.6568068272313619 -4.200271342261272] 0
[1.2346405643053044 -6.531076605643779] 0
[-1.932116279371647 0.02203497796930926] 1
[0.6672380063054728 -4.083964642995765] 0
[-6.216433811725681 -2.5806483862009553] 1
[0.0813316767345714 -3.136732140150841] 0
[0.6708331062528257 -4.204466626825148] 0
[-1.2125286093335412 0.09752440425166417] 1
[0.883469203008963 -4.7720306272284265] 0
[0.8285369165765529 -4.630764327561449] 0
[1.6269326430899782 -8.092313756569531] 0
[1.255999364341576 -6.6858878574130305] 0
[-4.317223638082741 -1.4192332522442277] 1
[-0.06892643368095813 -3.039854496595808] 0
[-1.8792037877300218 -0.018225739724252753] 1
[-1.6031625907426705 0.049967618178645874] 1
[0.09705292043953671 -0.5892406278292355] 1
[-2.736659910799625 -0.198423678418777] 1
[-2.2851553956541286 -0.170836790894838] 1
[1.067447398448222 -5.675415539201932] 0
[-17.801768781632667 -13.36112588742952] 1
[0.43542464505385653 -3.2584944105874225] 0
[0.16627334300012647 -3.4054932780784215] 0
[-5.737044253101717 -1.938588979812475] 1
[-25.769059059339728 -15.467551360091871] 1
[-58.55920605436626 -48.78858870408931] 1
[-1.062815304917802 0.16649534440065555] 1
[0.15908810527303008 -0.9778056445304598] 1
[-3.337006447643377 -0.7876412233085327] 1
[-9.265499326309515 -5.440782483148428] 1
[0.5614488201798535 -4.160798418144564] 0
[-10.84246892736836 -6.960090520638869] 1
[0.09234659313715707 -3.478610084210347] 0
[-7.649429202957267 -4.116323142345681] 1
[0.6634199192161166 -3.8527304286892914] 0
[1.1536761130330682 -6.09655762959224] 0
[-0.46636327304326913 -0.022352352202303583] 1
[0.16941114701161014 -0.8741748697850711] 1
[0.3767247454505343 -2.7459490500523716] 0
[2.9580157344382063 -13.82914145675619] 0
[0.5024446695565554 -3.303605859255062] 0
[0.6366377277565365 -3.9702979818806705] 0
[0.5618390340589101 -3.616119677343147] 0
[-24.768600603266513 -13.7797112819534] 1
[-1.2707818457855482 0.11784321131056658] 1
[-3.3809896552870855 -0.7836050590236554] 1
[-4.740381863706197 -1.4495179146983272] 1
[-1.0296391521942723 0.10783627068417531] 1
[0.07098123190871462 -3.0203245417494475] 0
[-0.6482434183962824 0.05371437569890461] 1
[2.2164630361253916 -11.01410456538676] 0
[-136.83351818644235 -112.76839736905443] 1
[-4.4018561910285126 -1.5152343670806725] 1
[0.5185294664506679 -3.5576321746665815] 0
[0.6365524637226944 -4.167768615179099] 0
[0.8852629908884991 -5.062667554326438] 0
[-2.6993255360385904 -0.2071198187205381] 1
[-7.083907634785731 -2.6680235817359685] 1
[0.6798517682402645 -4.443150529486239] 0
[-0.4198104461739347 -0.18334561592576218] 1
[-5.881785555223417 -2.633931225068989] 1
[-11.221993861469805 -6.632183788111792] 1
[0.43000708613841365 -2.826909670979248] 0
[0.2407526800201793 -2.277022608814424] 0
[-0.2910224182239166 -0.1068562845032751] 1
[-0.8257453670312505 0.09674127497772994] 1
[0.9810771695168025 -5.212101992346366] 0
[0.0124007459040629 -2.845064675245541] 0
[-53.88106068642999 -46.21835732750844] 1
[-0.12605147242633355 -0.304068842691236] 1
[2.191476326338691 -10.539406510287797] 0
[0.0986371656285032 -2.3186941408928474] 0
[0.45582615060250364 -3.6114069369373896] 0
[-5.747478626530452 -2.497137461122396] 1
[0.4101348165002665 -3.3282159392541213] 0
[0.9599476465729373 -5.5932148402884785] 0
[0.7320169428771424 -4.376747664950997] 0
[-4.193052304142606 -1.3561713148224888] 1
[-4.30053452829579 -1.423708726470644] 1
[0.757070191554253 -4.074529643752832] 0
[0.20779495696739134 -2.7008063293731555] 0
[1.676662598900968 -8.616239745063357] 0
[-48.42891879870628 -35.67965183192011] 1
[0.04163519145580327 -0.9719379746521117] 1
[-1.836787388247883 0.08860646797406367] 1
[0.13516661972002103 -2.793319096661934] 0
[0.7750357463934201 -4.686871440313698] 0
[-0.7896752071984792 0.08521173011862157] 1
[-5.844145186197862 -0.743714798828083] 1
[-2.326983074395949 -0.19771778708449628] 1
[-4.198348831786048 -0.6540403564355788] 1
[1.4011984976441498 -6.9490557529731305] 0
[1.7461399817453704 -8.820362986334896] 0
[-2.860529883476239 -0.40714132441118106] 1
[-6.261924632056019 -1.3977144912765744] 1
[0.05100971094414207 -2.7079610601947612] 0
[-4.023340067542081 -0.8814665035002239] 1
[1.220949569634663 -6.630551575637176] 0
[-13.049790941690054 -8.38741459213685] 1
[0.21213565763860637 -2.6916897136044016] 0
[2.2009453349955868 -10.97179207520017] 0
[-1.858463274174802 0.12990875892312892] 1
[-0.5078743329602868 -0.08399246744260665] 1
[0.1436155840565329 -2.5705484712765188] 0
[-0.7343464877176684 0.06989037935981245] 1
[0.9648855152876405 -5.143767746753735] 0
[1.3814116363910696 -7.359797614220853] 0
[1.2809720973668426 -6.841084944086717] 0
[-1.105415339726944 0.12986827148853794] 1
[1.201085519949221 -6.257651846859305] 0
[0.6736859522526224 -4.085823795784007] 0
[-0.9796231854931019 0.10426168092031743] 1
[0.6011247049747478 -3.4161979295807736] 0
[-1.150236693734314 0.1918180296810874] 1
[-7.536465412180982 -1.054426817200513] 1
[0.12573373794885223 -2.2111456335730066] 0
[-3.253920444088709 0.5441513665034394] 1
[-2.8261190118210964 -0.46284787912145964] 1
[1.298729002664094 -6.90790067059451] 0
[0.3119830006857049 -2.4927722640300463] 0
[0.3582723159126387 -2.3106591405452708] 0
[-9.55931329173703 -5.139563690778606] 1
[0.17428712843826208 -2.287243855904181] 0
[-0.33468869795523526 -0.07795687970532417] 1
[1.2604688847695962 -6.727249069745239] 0
[-3.3561552960084993 -0.5521548786878995] 1
[1.4037004052638233 -7.2925687946006565] 0
[0.1312541789859537 -2.7522784206358635] 0
[-18.93367713816544 -14.136453175382787] 1
[0.681910015581962 -5.1394172292689335] 0
[0.5029236204523173 -3.204052350315423] 0
[1.4180930388252424 -7.652391039361721] 0
[-0.9252005422527338 0.10577472532177504] 1
[0.17266666089193386 -2.321276907229212] 0
[-9.055845069921261 -5.2096078553134735] 1
[-39.68781538052731 -13.502804183215009] 1
[-15.673178878153209 -10.819924022782804] 1
[0.3988662027848765 -2.8926952306397675] 0
[-5.905035827330225 -2.5824177651318783] 1
[0.4440786218762044 -3.496265496235998] 0
[0.5249794641202541 -4.1580250335893645] 0
[-0.4843070385463184 -0.11648076351734532] 1
[1.3541424760853296 -7.218267196493583] 0
[0.8619993255111196 -4.724024886184703] 0
[-1.6877772408902905 0.08003324842630007] 1
[0.3786170176560131 -3.01101103851266] 0
[-0.8973481389713138 0.1082215065949359] 1
[-2.499909974638306 -0.31571009198137745] 1
[-0.7863633311098819 0.08378460401816185] 1
[1.3567185548487017 -7.53737679399091] 0
[-8.46704492491645 -3.9951650756480976] 1
[0.6329873077444479 -4.29578541873312] 0
[0.4319470209537588 -2.869517303430662] 0
[1.0148727413177068 -6.088355836189028] 0
[0.22373061439038752 -6.419081459105609] 0
[-3.0656200937942906 -0.4189782725804245] 1
[-6.639669696907673 -3.1928150486331957] 1
[0.8057361519751768 -4.433219841148901] 0
[0.7508586868472995 -4.411601421124391] 0
[-1.8576495896330147 -0.049824219229355454] 1
[0.03191880107892959 -2.655410162734145] 0
[-1.1632447271543538 0.11995907710555226] 1
[-2.1017268969378957 -0.11392338759362222] 1
[0.09309965219025987 -2.6881368895903655] 0
[-0.9821935019442385 0.10666282149502371] 1
[-2.708764973979732 -0.34924473458512206] 1
[2.503114024001652 -11.914351314929622] 0
[-0.18915728723664393 -0.17146337252224064] 1
[0.30894266074446797 -2.2418813694891244] 0
[-0.16762945743932384 -3.423339180254196] 0
[0.1422161630809864 -1.999662350306458] 0
[0.42018071736054485 -2.8290989333453487] 1
[-9.357534277934246 -4.560183800565822] 1
[-1.2875106710985609 0.16810579551689908] 1
[-0.9291160501253852 0.11458119095233246] 1
[0.6307718723244577 -4.3209052071730305] 0
[0.7398687387672849 -5.608294615683513] 0
[0.3726481282221037 -3.721990343733178] 0
[0.485418118091106 -4.18753054425298] 0
[3.576285506108398 -17.524714382981625] 0
[-2.8087375699117576 -0.3503844615507478] 1
[-4.8031885854090035 -1.5706101547902045] 1
[1.344513858518674 -7.441880018033446] 0
[0.29321617743931105 -2.5459799139817223] 0
[2.4434573926917675 -11.88723302380798] 0
[2.7405996965256647 -13.36394715207432] 0
[-5.240287674456543 -2.140217234706081] 1
[-35.873918544721114 -19.985315114464463] 1
[0.9261903062081336 -6.053510582116148] 0
[-11.923245454116817 -7.8986591871738465] 1
[-5.770332262032949 -1.7818351181263807] 1
[1.0058374849538758 -5.560125239473633] 0
[0.9221341788523691 -4.891988474149602] 0
[0.4623452405521081 -3.2622315607419607] 0
[-18.990636614678202 -7.300267970001842] 1
[-16.217573416270746 -11.662427515254432] 1
[-2.5804411403594125 -0.35636164335440473] 1
[-0.1522097373324294 -3.366178187308549] 0
[1.5768250304311617 -8.360540995992096] 0
[-0.3831461625719489 -0.11576981512319101] 1
[-27.492359829399405 -21.338883705897327] 1
[0.3254353907246334 -3.137380043277214] 0
[0.618107362126521 -4.128169691009964] 0
[-3.1290123445578377 -0.45834294505568196] 1
[0.6182649949481152 -4.653870771767539] 0
[-12.881884374359728 -8.701286382372432] 1
[0.15478972765450905 -3.3745188251267244] 0
[1.7826040933672784 -9.509954479815253] 0
[0.1558831240359875 -2.016730265285658] 0
[0.09488634067236443 -0.843543496890314] 1
[1.157806017026838 -6.56229703310151] 0
[-2.6705526242147766 -0.28834461717671367] 1
[0.733503952874859 -3.8668522471055518] 0
[0.631284004404709 -3.6585616201062607] 0
[0.0940813159482345 -2.2895855167190406] 0
[0.08762370551082405 -2.347752390995887] 0
[-1.383963613808273 0.15232056320100934] 1
[-2.4282442708787264 -0.2771826264876137] 1
[1.3093985442598088 -6.588172690997819] 0
[1.67804824571237 -9.396656062573701] 0
[-2.2862735851255263 -0.05457979317747797] 1
[-0.42367490101413274 -0.10572103787792765] 1
[-0.41283523639997044 0.013502704041899516] 1
[-3.6288089810106143 -0.8877799424120157] 1
[-0.5752579320504121 0.031165065642256816] 1
[-3.4477731781329837 -0.6877077855781669] 1
[-9.533806707384803 -5.6125347251880875] 1
[-2.6992006616652704 -0.12387799874993116] 1
[1.3071886753930566 -7.2840708470631075] 0
[0.5604998368835943 -3.6687547947253782] 0
[0.7251892719691341 -4.423940375619605] 0
[0.24542681807333275 -2.4336576794868954] 0
[0.9708929673004144 -4.9563812032413015] 0
[-9.90603758224454 -5.6378575536280096] 1
[0.09479958355351509 -2.505660389636946] 0
[-4.570353385405832 -1.5958007880365175] 1
[-0.2032708380511714 -0.4274426424730057] 1
[0.337550444563291 -2.733556861167594] 0
[-1.9763600628884872 -0.06514195495521338] 1
[0.3295117937252796 -2.500653017040155] 0
[0.37217381743597333 -2.8098086265076425] 0
[-0.0008903314428891773 -2.7515142760000852] 0
[-1.287882502093735 0.08286973701395375] 1
[0.043696610775552334 -2.5459967707769833] 0
[1.8617226554644013 -10.18577628230547] 0
[-1.3950612911372426 0.15336606323384028] 1
[-7.124262179207462 -2.824817654306761] 1
[-3.9800856975246446 -1.0821400597723607] 1
[0.3880554986853396 -2.9153556478061424] 0
[0.3353324000664615 -2.5034646466178465] 0
[-0.7497659140613353 0.0686615104874786] 1
[0.5948660769644045 -3.712522142830206] 0
[-15.140383151260632 -6.52352159009879] 1
[-0.5996270708104454 0.03897411757319123] 1
[-0.5585630803377615 0.01650375095621777] 1
[0.4065954451309698 -3.0136450749734705] 0
[-9.160192256341933 -5.452762203216077] 1
[-5.630474584246993 -2.3976062286371063] 1
[-3.354450584512299 -0.7983011845083723] 1
[0.14701466973740757 -2.1328266177977007] 0
[-1.5347376054803084 0.09570636323623125] 1
[0.42134992690142503 -3.986476374034315] 0
[-2.2297027757656593 -0.17236093925826115] 1
[0.8970428507528803 -5.440238744377992] 0
[1.2042605101251063 -6.218916392111524] 0
[0.8678562112059052 -5.031099624942069] 0
[-1.3668223717628325 0.08867224326820083] 1
[-2.313200669035873 -0.2283635834839543] 1
[0.41877395207751356 -2.5502620521325925] 0
[1.02151421575152 -5.837981484440109] 0
[-17.452763999728695 -12.949351386997627] 1
[1.2799322411160614 -6.869924008016527] 0
[-19.75343122225642 -15.094091390676986] 1
[-1.8655937257246062 -0.003955380321220892] 1
[1.195860255746076 -6.487310878169501] 0
[2.5620922433654343 -12.331555504413615] 0
[-35.086511796880245 -21.493099680229157] 1
[2.1700882897445055 -11.930287118505941] 0
[-157.70798087002925 -121.28411871035385] 1
[-2.6113899921078993 -0.12058354307402395] 1
[1.0956494423848602 -6.14101969994386] 0
[-9.915607402325634 -6.121817223075279] 1
[0.48257429701268745 -3.404872896634186] 0
[2.5474167284164704 -12.461818113660353] 0
[-1.8812461116822172 0.039092524463580317] 1
[-6.1901164980996874 -2.8967994667373285] 1
[0.2138443536261549 -2.2570341684653954] 0
[-3.4031631713268036 -0.8298809839435544] 1
[-0.43176876322707125 -0.04916370359914134] 1
[-0.0031464446125659355 -2.837837882846933] 0
[-1.8483321468248561 -0.04073623047247267] 1
[2.437362332154097 -11.676168576851008] 0
[1.072004579960805 -5.632899416437242] 0
[1.173503841241383 -6.167423458966142] 0
[2.7987312070200945 -13.8711674728281] 0
[0.6237412580808861 -3.6661710111897134] 0
[1.1473435419209146 -6.077256083109791] 0
[-4.4472410072128055 -1.5386817631372405] 1
[0.036948673921985406 -0.832781086807739] 1
[-59.8801871806855 -49.097790046973856] 1
[-18.598318322381626 -11.121193586560167] 1
[-4.747366021105151 -1.7600878486150464] 1
[-4.803095578535996 -1.2606044380583081] 1
[-3.4407721850369453 -0.8340130801836334] 1
[0.16471191752360115 -2.363715925143161] 0
[0.07005313339696609 -0.5256944168102685] 1
[0.7709072702649706 -4.492475976143003] 0
[-2.7810026038594318 -0.147632104392392] 1
[0.5096398735699572 -3.667310890298669] 0
[-3.1541744244146233 -0.6334398281968099] 1
[-0.3060089174641958 -0.275824675166277] 1
[0.7922649194317625 -4.403470429896963] 0
[-2.4006066224587688 -0.2130389095614308] 1
[-3.2514996640264826 -0.6800164439101617] 1
[2.6432289783056486 -13.126231216127708] 0
[-0.5318579013861169 0.01603868311475111] 1
[0.10460826766553061 -2.3800599647875473] 0
[0.7381904965426063 -5.351828707484253] 0
[0.14349092709971145 -1.9927693845893932] 0
[0.3552707793103163 -3.0446261033760775] 0
[1.7401468196353869 -8.980036540564317] 0
[1.5933138939054063 -7.620892122178587] 0
[-1.2752887868502918 0.08497842729668198] 1
[0.18710131220269716 -5.210854870598405] 0
[-1.3284966011741888 0.08243759470947962] 1
[2.525641229553505 -12.133082926060357] 0
[-41.27506087319645 -34.15275551294271] 1
[0.9492150998750377 -5.302803243316209] 0
[2.914384069403239 -14.77606481680952] 0
[0.4255900889961284 -3.3939511604783874] 0
[1.6884236506446562 -8.388341498872908] 0
[0.03798688779828963 -0.44976821113585] 1
[-0.8971131461347706 0.09680600763185458] 1
[0.5573448058860311 -3.8294347158846938] 0
[0.871479068501787 -4.838136805849684] 0
[1.1150869432298147 -5.724669224306398] 0
[1.7698613854036775 -9.153077872476702] 0
[2.5907735438714257 -13.085093960645988] 0
[0.583099584668084 -4.108728573588413] 0
[-13.648627268890738 -8.1593919377454] 1
[-0.44006365664090163 -0.008564549884923976] 1
[-0.07486329813637196 -4.209488963987811] 0
[-6.897814029650587 -2.07029950981047] 1
[-0.7607075245069299 0.08290695531044283] 1
[0.9105428549554212 -4.088355881227873] 1
[0.17007352225192623 -6.734881453540217] 0
[0.35321405554077945 -1.921170804565243] 1
[1.364973481810262 -6.531562538406936] 0
[0.09248179491695865 -2.6399411361059766] 0
[0.5530036779151366 -3.7297195094514644] 0
[0.6465924757725643 -4.283966851490584] 0
[0.8623223984257856 -4.492100852975218] 0
[0.1094353290017655 -3.71236373946841] 0
[-6.231829101046307 -2.854527996844647] 1
[-3.6592481691110774 -0.9073306653088467] 1
[0.3411390316424273 -2.963955619548145] 0
[1.3033740369063027 -7.687391007092517] 0
[1.337473619086242 -7.0350850313596744] 0
[0.11900264883774003 -2.2226953444214086] 0
[2.759352940427523 -13.628397124469913] 0
[1.3326835021826726 -6.782331123434821] 0
[0.49663903138869836 -2.791962573956743] 0
[-0.32062620270205944 -0.05781218879557031] 1
[-0.5015997333157569 0.02025635759993482] 1
[-1.7554895555877303 0.13287439562472264] 1
[0.4305679448240306 -3.1546121474503823] 0
[0.12014661872878991 -2.2874421955829134] 0
[0.13030563409261223 -2.0776943508631076] 0
[-0.30018643261984224 -0.25338312716087547] 1
[0.03333276930032977 -2.600958154128276] 0
[0.3622989994868138 -2.786340247022217] 0
[0.2337627114752111 -2.8094101550656907] 0
[-12.089931841828932 -8.024603151804385] 1
[1.4317890860101397 -7.573455491562122] 0
[-2.352634240876163 -0.18385973029475225] 1
[-1.6281226929482289 0.017805609311380442] 1
[-4.981475955124234 -1.1537750300702787] 1
[-2.7946155285192926 -0.3980220539178401] 1
[-0.871259708593356 0.10206111785724514] 1
[-8.5441079151504 -4.874300083641315] 1
[-1.1976461574306487 0.0999903857643376] 1
[-1.0738615991391613 0.11315033252960421] 1
[0.21170801937605394 -2.2097348827101033] 0
[2.354348031900001 -11.23110227897347] 0
[0.17784665035911754 -2.4589616198772335] 0
[1.0710862111330646 -5.685335882035296] 0
[1.2320832749520108 -6.529738885066694] 0
[-56.78988328690721 -48.50988064654207] 1
[-1.8237232655851703 -0.03885276577056109] 1
[-3.875572764395116 -1.1037002026424543] 1
[-56.042765514031075 -43.45254587935685] 1
[0.13439948774705626 -2.0816712274469245] 0
[1.7251731228902045 -8.794084313913142] 0
[-4.880141953580964 -0.765060875814637] 1
[1.4700325300081185 -7.732677541868059] 0
[1.9104769470993688 -10.020022408296299] 0
[-4.039600190370791 -1.1437629180949695] 1
[-14.44951821879361 -7.114593516775384] 1
[0.1259204635305501 -2.434890178971777] 0
[-132.5082931072473 -74.86031590249502] 1
[1.4096654890209752 -7.11158329434565] 0
[0.8145348739933271 -4.949156659234477] 0
[-4.9507915352712075 -1.6963070291665532] 1
[-15.659600836914773 -11.37643074033861] 1
[-4.947306042788421 -1.914054262600532] 1
[0.11029693219489696 -2.5143522436531356] 0
[0.186947506244303 -2.5669495478052187] 0
[-0.9706098510506753 0.10537939115570114] 1
[0.038264099805019686 -3.091863879681102] 0
[-0.5563171701233891 -0.041712762909504916] 1
[-4.8292745900888985 -1.7509426090554658] 1
[-0.7344012185832975 0.07265991884872083] 1
[-9.529552052530494 -5.73079851409384] 1
[-20.874968743852605 -14.635130815839847] 1
[0.042036349013201094 -2.7662294076211245] 0
[-1.3603108025493453 0.07891361035634001] 1
[-3.972712553842733 -0.9354026782030953] 1
[0.2349120792823068 -2.957073885302303] 0
[-0.8565991001366968 0.11156761155121889] 1
[-7.394645918803049 -3.151550000670272] 1
[-18.488588240950886 -12.76800802049288] 1
[-0.9021248120888349 0.1158305685964483] 1
[-1.6837545283806046 0.01627632657682318] 1
[-0.17745952038077883 -0.1613631480666753] 1
[1.6664526499627064 -8.063321029119813] 0
[-8.453659898143695 -4.682500739608032] 1
[0.5735073920956348 -3.3311730512077133] 0
[2.1584629328470104 -10.770012875050249] 0
[0.32230916137137144 -2.8412153687603157] 0
[1.7126865075546913 -9.021370393058994] 0
[-1.4990235084397963 0.047403793172872556] 1
[-0.019134730196955232 -0.3698538200256969] 1
[-9.482244047473586 -2.3776416704360894] 1
[0.2488444469339468 -2.6436024080215885] 0
[-1.285862760950002 0.0972698113575888] 1
[-22.134971567576503 -13.940022220066467] 1
[0.5820588705032129 -4.528201648833793] 0
[-3.324241632745278 -0.7713566097559299] 1
[-4.109846368319529 -1.034680797801979] 1
[1.349086574399523 -7.070892431409829] 0
[1.4845085520337102 -8.140272067385917] 0
[0.4636643086051626 -3.5675152554065255] 0
[-36.55152239740375 -11.869255459309318] 1
[-7.235940390031734 -3.750833912558381] 1
[-33.75170691240665 -21.53596586324698] 1
[-18.56581005239449 -10.903686161803071] 1
[-38.13633942907282 -32.096508844980164] 1
[0.359974816609436 -1.7799698292242694] 1
[-4.254397859527469 -1.1434125957922667] 1
[-2.465254252786143 0.07663006104619638] 1
[-1.3623475517350012 0.08781235333760884] 1
[-6.805593485165665 -3.3943286805207906] 1
[-11.99932592281954 -6.6888345256007415] 1
[-9.261572866918971 -4.464272602555626] 1
[-2.5645483057607317 -0.33880834091357337] 1
[-0.5845132893194389 0.03948306946109856] 1
[0.13566757163436546 -2.4898407267784934] 0
[2.3571524841438745 -11.354706299950713] 0
[1.0809452131084092 -5.452402869737682] 0
[1.4517069805362854 -7.660748127484645] 0
[0.06890357355065227 -2.423846120104736] 0
[-1.827513174620107 -0.023212819396002872] 1
[0.16666524817663747 -3.0268261430119283] 0
[0.9750530872803909 -5.707160307529306] 0
[-1.940788055088597 0.004030246023964577] 1
[0.17159404497990574 -3.2793942635538533] 0
[0.281505228324342 -3.5193696873790756] 0
[0.8252523215283256 -4.821454338646427] 0
[-113.65703007792031 -69.51340395472067] 1
[1.7882693467340631 -9.333636513188257] 0
[-6.596747043346485 -3.2344042090214398] 1
[-1.0558016553870875 0.11489180154061547] 1
[0.9248094448526345 -5.487551598778495] 0
[-0.48306166756234364 0.013156639835516496] 1
[-14.335509489216854 -8.52703731955172] 1
[-2.4508969006501413 -0.2170957642275223] 1
[0.012041622840406557 -0.41254936158352906] 1
[0.14762626073290042 -2.8714399728137536] 0
[-6.341895919996891 -3.0360510032066625] 1
[-1.0133960857190265 0.1081101349566629] 1
[-68.75327528039944 -59.7805696707568] 1
[0.37899123832569837 -3.2853147378406566] 0
[-1.7179027079252016 0.11911669975612882] 1
[0.3289244627941868 -3.0593778488048917] 0
[0.023575968406882343 -0.7004624178545248] 1
[0.5080258166940603 -3.152912137563983] 0
[1.1617596574071463 -6.1680471442753095] 0
[-25.850113609225847 -20.779579548693242] 1
[-40.58960281998761 -34.38399174209849] 1
[2.483324719634033 -12.049671521636455] 0
[-0.026779108159399326 -2.9152667573896465] 0
[-2.1282308009436166 0.03871488310913815] 1
[-4.533804221697255 -1.170122738841307] 1
[-2.3313654862197284 -0.22348354853121444] 1
[-1.8101915038355154 0.009214157920376444] 1
[-0.21994314485512084 -0.059303241108119124] 1
[-0.7186267883454935 0.06818800856437485] 1
[0.5240339899177375 -3.2710537938117596] 0
[-0.03701478109005525 -0.49000522891586895] 1
[-9.806952530924452 -5.746233152400158] 1
[-0.56603421109538 0.024920777528310747] 1
[1.081023638551442 -5.978065186015094] 0
[-6.3635590612268755 -3.0303042939533835] 1
[-0.036632276841006436 -0.7526167980056351] 1
[1.0314764882768408 -5.714939165700998] 0
[0.664853895033729 -3.671899725925374] 0
[-6.534608759396279 -3.0524688116526173] 1
[-0.1362433344633397 -0.20893517803672626] 1
[-1.1007136771216595 0.15048208570128194] 1
[1.1211525075807862 -5.76030739030012] 0
[-4.77833769969424 -1.6181952629622165] 1
[0.8740331882759594 -4.566027220953217] 0
[1.154541872721845 -6.2313955844535185] 0
[0.27465940021362945 -2.440627479474385] 0
[0.050509321240670604 -2.569181193596431] 0
[0.08622804349397108 -2.670699249284472] 0
[-1.6674559022023154 0.007099447921472404] 1
[0.021103126526728792 -4.295080347403532] 0
[-1.9077891180045716 0.2071989035736217] 1
[-3.811259371506848 -1.0756084521130576] 1

