[0.4330612863102473 -0.43255444340985366] 1
[0.46716678067452716 -0.39654463349060454] 0
[0.4662061314491072 -0.40570605650179536] 0
[0.4658616138752056 -0.417354186559989] 0
[0.46754786306993645 -0.40738080024968043] 0
[0.4394736750860223 -0.4113798525076244] 1
[0.4266986903800777 -0.4020737536260982] 1
[0.46505860924482445 -0.39294275831207015] 0
[0.4662738699452297 -0.41137850581754043] 0
[0.4648027822040724 -0.39600038791253866] 0
[0.43137438051306193 -0.41363338492387935] 1
[0.42425072305076456 -0.4124051808902731] 1
[0.4662857537428055 -0.40191240310867] 0
[0.4664204463286902 -0.41277072479384047] 0
[0.4647461553159755 -0.40083650821439015] 0
[0.4434254485975792 -0.40895325607035704] 1
[0.4646870497066473 -0.41076409962675253] 0
[0.4373947003988944 -0.40603856130368116] 1
[0.4665792180294575 -0.3949476548771644] 0
[0.4315412735553962 -0.4047686882318782] 1
[0.4666416528794578 -0.4033290412325443] 0
[0.43123932728173997 -0.4072727838577055] 1
[0.4661181596888416 -0.4158696370010162] 0
[0.4673607370829673 -0.42103955576093166] 0
[0.4312075020910901 -0.42436120904419383] 1
[0.46577992374613203 -0.4098315381949533] 0
[0.46651548854216507 -0.4122212409647558] 0
[0.43172869363314276 -0.4010644488369647] 1
[0.43460912755576975 -0.4226230606018604] 1
[0.4660287387220082 -0.4148964278674633] 0
[0.42721050713181596 -0.4076470507039117] 1
[0.42263782162861974 -0.400498631984986] 1
[0.4285654616024073 -0.4183006711810546] 1
[0.46741194014179877 -0.41383224085783776] 0
[0.46515915675809627 -0.4257632361410765] 0
[0.4659754620266856 -0.41280119271798393] 0
[0.4306142821986959 -0.37856273768516985] 1
[0.46666910195374484 -0.4151150665430915] 0
[0.4658584255503305 -0.41180853881110774] 0
[0.4152949813862751 -0.40571281548946264] 1
[0.43878497453404863 -0.42501772048237596] 1
[0.4670102417546131 -0.41356686386041563] 0
[0.44074328606685076 -0.40752075578618197] 1
[0.4683857843747329 -0.42084645152411915] 0
[0.42740066503370827 -0.41943633271746816] 1
[0.4655326649113105 -0.4122622941897439] 0
[0.42500984457165947 -0.39970840062160384] 1
[0.46682991650242023 -0.4245851029042098] 0
[0.46513290077702696 -0.4195550612417728] 0
[0.46671852400017394 -0.4161933503912748] 0
[0.46680259736738045 -0.42218341559670913] 0
[0.41936926925029006 -0.4055549353643079] 1
[0.464720474958334 -0.43233138409208616] 0
[0.42274445064976174 -0.4214739065465214] 1
[0.426866872266643 -0.3980919226254727] 1
[0.4675312982082489 -0.42091963323093085] 0
[0.4650719943124664 -0.40811599661296616] 0
[0.4662492154257298 -0.4125545774019892] 0
[0.43649867184792956 -0.4209823462556027] 1
[0.428884683945131 -0.41373845828077893] 1
[0.46670825803085414 -0.4259668050625599] 0
[0.44276656812159876 -0.4048374369742196] 1
[0.4178966662281147 -0.3931344530567323] 1
[0.4644403889845511 -0.4316579931233917] 0
[0.46497592018355716 -0.4252146243486217] 0
[0.41634753033456895 -0.39919718385331904] 1
[0.4216998203239133 -0.40532125629444943] 1
[0.423486036197304 -0.38605579569321924] 1
[0.4349120139031819 -0.3924926960416323] 1
[0.41908120494902773 -0.4100575332629576] 1
[0.46582754343397165 -0.40619163730682517] 0
[0.4667855823496804 -0.41453179696579023] 0
[0.465593673371574 -0.4115694182039726] 0
[0.4670196817489486 -0.4110575879779716] 0
[0.4280968260933933 -0.40866774083827373] 1
[0.4248668735399054 -0.4073918356520253] 1
[0.4662258174462805 -0.40570108678342465] 0
[0.4204483683388895 -0.40768126996419696] 1
[0.4302122407872021 -0.3979302326644295] 1
[0.46441915755529284 -0.40574027592397766] 0
[0.42733417440211896 -0.40867033848755435] 1
[0.44053316597297465 -0.4095185968730274] 1
[0.4274437496061855 -0.40201465550333104] 1
[0.42752794399034866 -0.4139642009234964] 1
[0.4661461701774783 -0.41045881058798894] 0
[0.46623803578064305 -0.4036235748417053] 0
[0.43386323142273236 -0.41027805426152675] 1
[0.429441822453998 -0.383628217014625] 1
[0.4658215898986987 -0.40227460419198274] 0
[0.4266999397062047 -0.39027189235571336] 1
[0.42271750726098456 -0.39833380125286416] 1
[0.4269727621980603 -0.4079709662869323] 1
[0.4280256991114658 -0.4114504212027964] 1
[0.4655820043644374 -0.4239010714636219] 0
[0.46702353821201603 -0.40652782366918805] 0
[0.4374278276817916 -0.3943542363693424] 1
[0.4371757160234606 -0.3897272193890882] 1
[0.430800597200635 -0.4013537665083189] 1
[0.46716491031382035 -0.4066367908436125] 0
[0.4225975782298069 -0.3943803970058676] 1
[0.4327723745285949 -0.38744557620359044] 1
[0.4319835655373948 -0.3995328643880696] 1
[0.42840653067977547 -0.4040438786502263] 1
[0.41966832174245977 -0.4080730217129441] 1
[0.4672663093819418 -0.4033880271559399] 0
[0.43674645976190934 -0.3960372934518639] 1
[0.4334638812859831 -0.39933943405518313] 1
[0.4328626310514276 -0.401259272819515] 1
[0.46678974394314837 -0.4025424568385304] 0
[0.4375589755840703 -0.3887552494547897] 1
[0.4669248113495992 -0.40620412061314964] 0
[0.437323012044274 -0.41260348738356456] 1
[0.4676406292620219 -0.4143076820720435] 0
[0.44161457873251864 -0.4002946141818893] 1
[0.42892141772768766 -0.3992322343937196] 1
[0.4145867331357693 -0.3995399689101162] 1
[0.46431871366720384 -0.4136879486617005] 0
[0.4644274716264176 -0.4276436103624415] 0
[0.4657411258784354 -0.4229220259020968] 0
[0.4313476112392857 -0.39006300980902514] 1
[0.46565874706582183 -0.41783740127088786] 0
[0.4663197830983986 -0.4181437484535454] 0
[0.4646693326301268 -0.41062284244232383] 0
[0.46675024767588674 -0.4139621053421564] 0
[0.4651777973718806 -0.4025243444707548] 0
[0.4682193197926284 -0.4062308936878533] 0
[0.4196382587027587 -0.3961908610180359] 1
[0.4665618857603717 -0.42132099270561313] 0
[0.4492445827853656 -0.41311685306698076] 1
[0.46602030063172306 -0.41054531154222396] 0
[0.4656859171769153 -0.4091909655997542] 0
[0.4260525894792278 -0.4016454171492475] 1
[0.4657384208493658 -0.4020449097748361] 0
[0.4660305951117625 -0.4141434407005815] 0
[0.4443621857957869 -0.3967004016980584] 1
[0.46595525164116103 -0.413304944559998] 0
[0.46526716537277635 -0.4148502245748403] 0
[0.4283524687156094 -0.39358554072590546] 1
[0.46629556150641593 -0.3962773016888855] 0
[0.4252122220091882 -0.4058273716307944] 1
[0.466345444158961 -0.40655318681515146] 0
[0.46660326282057984 -0.3999190615902174] 0
[0.46566752580376947 -0.4147803801725109] 0
[0.4663178904564241 -0.41822310494852377] 0
[0.4655386876225169 -0.40212851988409615] 0
[0.4164468328956752 -0.3861974172067586] 1
[0.4536910732784903 -0.41668253126919397] 1
[0.4377096098247321 -0.4049361788917463] 1
[0.4657448818412293 -0.4119488807415851] 0
[0.4655146094840371 -0.41907826402687476] 0
[0.4543627279871757 -0.41517437875351304] 1
[0.4367817932744814 -0.39707258345759255] 1
[0.4671270775345403 -0.39801129251064926] 0
[0.46736562751959554 -0.4179848189129619] 0
[0.4660442599799364 -0.4134582902712087] 0
[0.42086519297461367 -0.4012157361396834] 1
[0.42103715417894044 -0.40083775319452086] 1
[0.4647269537643973 -0.427561027650628] 0
[0.431742600579441 -0.4117343507208432] 1
[0.4677873780259971 -0.42440974231558737] 0
[0.4668669670191937 -0.4184856542575104] 0
[0.41943027929140875 -0.41442206349566735] 1
[0.4692088514508226 -0.41912632112785564] 0
[0.4425241699590724 -0.40567343356832547] 1
[0.466878674219445 -0.41937941401577705] 0
[0.46849151358045477 -0.4111313760100336] 0
[0.4657177911714995 -0.4354471190557339] 0
[0.46464338098370633 -0.42297642985740047] 0
[0.44537385262889406 -0.423569273473444] 1
[0.4644059325062634 -0.4307837788185943] 0
[0.46550697394981894 -0.4192482461943692] 0
[0.4659902135043714 -0.4127741477954556] 0
[0.4644962521936087 -0.4161638142909244] 0
[0.4658072883128155 -0.41221993119773315] 0
[0.43005979757017077 -0.39982706942589724] 1
[0.46472288084998864 -0.4246589525077009] 0
[0.46814723017895293 -0.4059475451781239] 0
[0.4278340878900027 -0.39918262254489767] 1
[0.466715414323547 -0.39684030604284115] 0
[0.4321124192768614 -0.39990098569442317] 1
[0.4660252647147685 -0.4185559537320268] 0
[0.4650317693041949 -0.4202997068869708] 0
[0.46644987072656724 -0.4155591890610395] 0
[0.43285144225696104 -0.41419095685855545] 1
[0.46423497972697664 -0.4246216491164454] 0
[0.4383594098821847 -0.3945888633670015] 1
[0.45433732966814044 -0.4017398214874852] 1
[0.4660327230583654 -0.40756083223541695] 0
[0.4658497564582633 -0.4120045040289484] 0
[0.4660256399105658 -0.4052100882650156] 0
[0.43880790582996726 -0.42078569624895823] 1
[0.42632027367558234 -0.4127945379852572] 1
[0.4654138575967287 -0.4273658252165675] 0
[0.4369521374276141 -0.40216178892399035] 1
[0.4666862308458951 -0.409423790788748] 0
[0.4467995566347147 -0.39196017728046095] 1
[0.4245597367084206 -0.4177196220494305] 1
[0.4321661354544192 -0.4082481073348786] 1
[0.4664450816304718 -0.43131343038918535] 0
[0.44850189399919493 -0.38976433411156364] 1
[0.41832973915135746 -0.3988830542398731] 1
[0.46619485294693597 -0.41450959479167876] 0
[0.426992112182195 -0.40709751075434064] 1
[0.4192288336650637 -0.4166001302956057] 1
[0.4324895756958921 -0.4050946386625003] 1
[0.4652301901123632 -0.4188422114013239] 0
[0.4662801880853582 -0.40842710054050246] 0
[0.4339885639720561 -0.4017446288569524] 1
[0.46560310334004174 -0.4205333023529203] 0
[0.46689913116893766 -0.38724083968757356] 0
[0.4665983726958348 -0.41346736659369476] 0
[0.43885451710485346 -0.4087404448203068] 1
[0.42757065801716543 -0.400901467134421] 1
[0.46715463839500304 -0.42321349705114353] 0
[0.46647357371878706 -0.40912231243783403] 0
[0.4373518986085179 -0.4165826572675605] 1
[0.4392862973955711 -0.4114292693041395] 1
[0.4206549288628554 -0.42146994718823194] 1
[0.43612687919592547 -0.4039130321672467] 1
[0.46454935512585793 -0.4068404072761089] 0
[0.43405690270760144 -0.4212365732458594] 1
[0.41216390488564825 -0.4019946755379322] 1
[0.4383087941558163 -0.4089222884538455] 1
[0.4662944912597343 -0.40126055180917863] 0
[0.46780433519437425 -0.4257858733351859] 0
[0.42903257954062834 -0.4054955326483167] 1
[0.43239581229610236 -0.4048476696099037] 1
[0.4375637719177984 -0.39799225666723964] 1
[0.46703964142194315 -0.4280051360993187] 0
[0.4431290051909085 -0.4082864621176928] 1
[0.46621109422071794 -0.4098556453951463] 0
[0.4666272707970554 -0.41432816064404854] 0
[0.46669109395063757 -0.40937705028617244] 0
[0.42683124671227457 -0.40922365388704185] 1
[0.46750307623365084 -0.4058736611042243] 0
[0.4674550057928275 -0.4158287499574551] 0
[0.4667130869668745 -0.401612660148455] 0
[0.46549581959610176 -0.413392135475408] 0
[0.46606559090020344 -0.42886694023940664] 0
[0.4176135240977213 -0.39591907686252137] 1
[0.4656464611962732 -0.41092073394796697] 0
[0.46517830672461835 -0.41965340294443887] 0
[0.4659075623551193 -0.4080950615270227] 0
[0.4377963692721124 -0.39888067791012827] 1
[0.4470052940659137 -0.4119949951353499] 1
[0.44101732363630175 -0.4178638330773089] 1
[0.43968909531439676 -0.4132927322705936] 1
[0.4432527164483412 -0.4026614175471356] 1
[0.4679239315064261 -0.4030625645194179] 0
[0.4449007846929866 -0.4038055077130297] 1
[0.4364358729952457 -0.3986148013541271] 1
[0.46504153493371647 -0.42103267690520124] 0
[0.4406122422310811 -0.41122146994518194] 1
[0.4654689362383454 -0.4059507104168075] 0
[0.4668412601121805 -0.42295134688828795] 0
[0.42143986695846114 -0.3855604780770968] 1
[0.43005339647254137 -0.4027557064851374] 1
[0.46632716530442436 -0.3976721403993] 0
[0.43085944539280613 -0.4211912619732998] 1
[0.4656958919580977 -0.41548713040042934] 0
[0.4416110396249293 -0.4165587807623943] 1
[0.4656734250005683 -0.39334419891467576] 0
[0.46703879701965034 -0.4112423570622018] 0
[0.46444458097649366 -0.408898819215902] 0
[0.4343313939207627 -0.4243417914388318] 1
[0.42851428985026985 -0.4042812617778604] 1
[0.4249502473182095 -0.4034043175085092] 1
[0.4658889974534248 -0.4093198256888594] 0
[0.466514238563691 -0.4119810440112822] 0
[0.4654213957729577 -0.41200090043461807] 0
[0.46485229107431847 -0.4077055706914664] 0
[0.46617608590740683 -0.41700893181009135] 0
[0.42899914502759473 -0.39028565375904173] 1
[0.4491761821286952 -0.3987045024379583] 1
[0.4284403974979364 -0.41749945606083255] 1
[0.45802381510741713 -0.40604096349376384] 1
[0.46616123542924714 -0.4236784208546657] 0
[0.4678601655782526 -0.42987616590351163] 0
[0.4181772787052265 -0.4045143593347915] 1
[0.44622932198684623 -0.41185820037826426] 1
[0.4662233402500181 -0.427539471471547] 0
[0.43453324198885657 -0.4006974359302249] 1
[0.44442858676435415 -0.43075312056876336] 1
[0.427546238040092 -0.41475221996417055] 1
[0.44257123839309415 -0.402950351641408] 1
[0.4679299507766619 -0.41725931088155344] 0
[0.4277146460118948 -0.39836619519983274] 1
[0.4276590789414625 -0.41668253794988036] 1
[0.466711648476379 -0.41022855773251615] 0
[0.4663302087437409 -0.4117306188935558] 0
[0.42816440923640986 -0.39820302440334254] 1
[0.4646644861882663 -0.41909344237509905] 0
[0.4667944717758341 -0.42509179192773716] 0
[0.46703355658005996 -0.41989895989813875] 0
[0.46590642521103043 -0.4068163375266202] 0
[0.467734079009952 -0.42037824700624693] 0
[0.46571894466548575 -0.40106495458239205] 0
[0.4353565273063692 -0.41245147758254497] 1
[0.42902116823336867 -0.3845997558575087] 1
[0.439006657883556 -0.4162645495232695] 1
[0.43704446290311033 -0.41149353068908373] 1
[0.46680777521590244 -0.3983603078712155] 0
[0.4665223662189148 -0.4100368988572345] 0
[0.466901134034978 -0.4305009645012504] 0
[0.46696899203069925 -0.40271015403587285] 0
[0.46622556066275156 -0.41400513525378946] 0
[0.4187347286571037 -0.39059240579743326] 1
[0.467188827439096 -0.41389315837366714] 0
[0.4273945372458853 -0.4071055526889633] 1
[0.44176433952351696 -0.3959262535964403] 1
[0.46767798251879433 -0.40869754924049456] 0
[0.46472046165781156 -0.4099591871275484] 0
[0.42422754112343536 -0.41105117235022826] 1
[0.4323873389975254 -0.40842122632605693] 1
[0.4274219135223956 -0.4040210741022683] 1
[0.46635180194752707 -0.4257342788720413] 0
[0.4650599083529089 -0.4233511557805888] 0
[0.46627874476773107 -0.42368033742431166] 0
[0.4233410399889687 -0.4005991883360712] 1
[0.4649805008920367 -0.4296352453248468] 0
[0.43061979112060755 -0.3983728598146491] 1
[0.4655584119830025 -0.42176306676700376] 0
[0.4344601442905607 -0.41481907623567515] 1
[0.42614562806454614 -0.41353747793158796] 1
[0.46662789652013603 -0.40908283928432276] 0
[0.4198693914783148 -0.40749032848785005] 1
[0.43705714138615687 -0.3950877767284027] 1
[0.44893717549782824 -0.40933731323902367] 1
[0.42678374787075635 -0.4040940099457303] 1
[0.42951020659196937 -0.40250492762947176] 1
[0.446850127453427 -0.4203745799307972] 1
[0.46670679998653886 -0.40479905281270234] 0
[0.46519133823396924 -0.42701540487579487] 0
[0.4356296537094071 -0.4028541771129923] 1
[0.4165165550013309 -0.40460621362432114] 1
[0.46593033033720166 -0.41727988262628646] 0
[0.4387977832532294 -0.4033036134625857] 1
[0.42781371615216035 -0.4071401625039759] 1
[0.4662282498637629 -0.40172408520442404] 0
[0.4314953154380635 -0.3856787008263697] 1
[0.4288623999302762 -0.4075203267021871] 1
[0.4664048440545573 -0.4259525331530909] 0
[0.42955592291999817 -0.40956163184053274] 1
[0.4196577447973395 -0.40079631729221665] 1
[0.4671727538478545 -0.4128198944368956] 0
[0.465363159896094 -0.418378241864321] 0
[0.4412719633871672 -0.4051540981113484] 1
[0.415332295850472 -0.3967119832409005] 1
[0.46408142889798837 -0.41147176013155684] 0
[0.4665494292073942 -0.41451557016353957] 0
[0.4388985360020744 -0.40921177834025224] 1
[0.43270683984694647 -0.41866857299378574] 1
[0.4313321532283742 -0.40477019777763845] 1
[0.4449962854050728 -0.4184042840300559] 1
[0.46499289549952183 -0.4226302893338173] 0
[0.4665684085053195 -0.3978509904754391] 0
[0.4662214269760534 -0.41313206451506845] 0
[0.44126718964792433 -0.40975063737742834] 1
[0.45225449738483525 -0.4042266026634936] 1
[0.4650437088019391 -0.4131601713150538] 0
[0.4670290426046231 -0.4218162479412054] 1
[0.46719948337836514 -0.42172140355692733] 0
[0.4657193917752179 -0.42929207403059355] 0
[0.4294383059002209 -0.40101586538303124] 1
[0.4668222148369856 -0.4212552071510235] 0
[0.43616991138049055 -0.4023699665805065] 1
[0.44055156338383084 -0.40821261920153995] 1
[0.44996097375828137 -0.41584963114164586] 1
[0.4465164464790293 -0.41446888192446685] 1
[0.4652858646135113 -0.43375880794748933] 0
[0.4653008413636295 -0.4248400036840108] 0
[0.4392688474609936 -0.3895565950674093] 1
[0.466114212788594 -0.40445171039703887] 0
[0.4352046254663476 -0.3942954590653144] 1
[0.43420648593569056 -0.42804894565622215] 1
[0.431241971771786 -0.4002264236119313] 1
[0.4306388440801536 -0.41264911954161637] 1
[0.44953272507994313 -0.41007427100136395] 1
[0.4258774008649463 -0.39713720869744784] 1
[0.42474738808850476 -0.3922203429641584] 1
[0.4236262145344684 -0.3866794914584639] 1
[0.4646981426291774 -0.4350311891220865] 0
[0.435897498803417 -0.39748149692456386] 1
[0.46633104473340037 -0.4153297005453823] 0
[0.46462223058265056 -0.42985403231882713] 0
[0.466200275616239 -0.4142090444573653] 0
[0.44340960281917263 -0.41033909998984397] 1
[0.42488278220467557 -0.41614191940972034] 1
[0.4655963964597406 -0.413710963479623] 0
[0.42157138858160126 -0.40476524303311234] 1
[0.41851003483270177 -0.3910924609963232] 1
[0.4262438809192637 -0.41676246058784777] 1
[0.43673599585630835 -0.39927770625543546] 1
[0.4648467524703974 -0.4304110515769317] 0
[0.46481468895695693 -0.4296553326896393] 0
[0.46577926277325765 -0.40991218337335067] 0
[0.4657254758629558 -0.42452766737456105] 0
[0.4304028270299355 -0.39971914839953404] 1
[0.4662195214586012 -0.41119605694952666] 0
[0.4656236998155283 -0.39403083073612466] 0
[0.4680038466632316 -0.4147358927121642] 0
[0.42387055392794815 -0.4029091979578714] 1
[0.43644535187032174 -0.40247371750391125] 1
[0.43494207374449234 -0.39400658108925346] 1
[0.41764719499933567 -0.409535568461073] 1
[0.4665161528415308 -0.409290291195776] 0
[0.43876347569846863 -0.3951584921976179] 1
[0.465121134700003 -0.4017406291592328] 0
[0.4660115415647482 -0.4079032312817441] 0
[0.46559512120447333 -0.4072777699789546] 0
[0.467005922652579 -0.431237678585884] 0
[0.43999955045388606 -0.38912548596814295] 1
[0.465064188170607 -0.41157669833441723] 0
[0.4668361477923229 -0.4049677265771719] 0
[0.4676392320302095 -0.4095520181686927] 0
[0.4663871381220919 -0.4031015708896456] 0
[0.4216618706101364 -0.3951601522232812] 1
[0.4664957666404131 -0.40353308348055084] 0
[0.42725470317031267 -0.4129216324681936] 1
[0.42268856121360276 -0.39286477879845094] 1
[0.4675242174577766 -0.41251869097688904] 0
[0.46683775992333837 -0.420681636894182] 0
[0.4653916665697748 -0.40460150181937377] 0
[0.41937075436365584 -0.39063756795958454] 1
[0.43276773504223465 -0.39484221434205846] 1
[0.42820389746070675 -0.413221057523004] 1
[0.43076793799680957 -0.4163894475575659] 1
[0.4451618535831903 -0.4002406872054401] 1
[0.46584906050266894 -0.3904986952133868] 0
[0.4664759804295342 -0.40215324624581444] 0
[0.46714765190835106 -0.41677202951483416] 0
[0.46747127672409006 -0.4198265807922979] 0
[0.4303959405333789 -0.4133162998702131] 1
[0.42064838172203045 -0.4112881636258876] 1
[0.46524544812485324 -0.41212463154319023] 0
[0.4309742388525657 -0.4100968624019505] 1
[0.4675715938703161 -0.409490522413121] 0
[0.4652819447248975 -0.41782930777732036] 0
[0.4534992259555898 -0.391769258494387] 1
[0.4465984199004998 -0.40344476140813507] 1
[0.46693447450861736 -0.4169675580439466] 0
[0.4637419819171139 -0.42383407508759585] 0
[0.44498465563281586 -0.41732628653895076] 1
[0.4236692977251573 -0.4002607191708755] 1
[0.43674512268627297 -0.4047224319308301] 1
[0.4189410367934748 -0.40416213985622407] 1
[0.4668361091367665 -0.3936417663436456] 0
[0.4264842573877233 -0.4015464441757] 1
[0.45855973488148183 -0.4062616391288594] 1
[0.46668820285131374 -0.4122957537383614] 0
[0.4665256706096041 -0.4219057867338637] 0
[0.4657321421138364 -0.3998627998987175] 0
[0.4672390402144849 -0.4006299205893529] 0
[0.42877104715971376 -0.4023374708089481] 1
[0.41704281817437927 -0.39617185586118436] 1
[0.4451216564654069 -0.4063938475301663] 1
[0.4273092803832877 -0.4139186858963345] 1
[0.43456454018528445 -0.39759640205157987] 1
[0.465694185162704 -0.4278907125792356] 0
[0.45638293981895484 -0.40826054426959985] 1
[0.4493647576636537 -0.41621663167579437] 1
[0.42700927332692573 -0.407805554521955] 1
[0.46618310717750633 -0.40458993779066366] 0
[0.46517930085682246 -0.42485570673906425] 0
[0.4676363567735672 -0.41759343364696183] 1
[0.4662530110504828 -0.3980269895139543] 0
[0.46452432689450773 -0.4189934894511178] 0
[0.46566383691018093 -0.41632616385466326] 0
[0.43561747057485034 -0.41349234494940207] 1
[0.4670377284785723 -0.4092593085746238] 0
[0.4666242917313867 -0.39450060502409523] 0
[0.4341610047403895 -0.40892017248601165] 1
[0.46750264855990686 -0.41508480145017285] 0
[0.4672204484125872 -0.412107339303619] 0
[0.4190690344536425 -0.39637538797167343] 1
[0.46474062031521757 -0.41501841473518686] 0
[0.4649389189616715 -0.4108322940058099] 0
[0.46727243001880436 -0.41508001872572803] 0
[0.46642363627744843 -0.40641554438420857] 0
[0.46562152331015827 -0.41839106980982094] 0
[0.46675202441886793 -0.41343720712525545] 0
[0.46493923639511003 -0.42067894149756224] 0
[0.432154853164248 -0.39061289850056424] 1
[0.4661205732956353 -0.41299585628479185] 0
[0.4263832771364555 -0.3991141744432689] 1
[0.46822375379208125 -0.4051994756678733] 0
[0.46583015137277983 -0.41303413478787937] 0
[0.4363403505712985 -0.4007647348061909] 1
[0.4648953134850163 -0.41675782369489855] 0
[0.46575649248257933 -0.41594499805275825] 0
[0.4648976693492334 -0.42521756480810863] 0
[0.4662045964034701 -0.4202918664324504] 0
[0.42977123307517495 -0.41026333712382324] 1
[0.467626594218008 -0.4004461479709265] 0
[0.43530944952671224 -0.4078076866335867] 1
[0.4363580450634872 -0.4060925048714163] 1
[0.4521967065093077 -0.3946197578501705] 1
[0.4301195935785056 -0.3908482948728927] 1
[0.43176208526636184 -0.39612645970352656] 1
[0.4650957233401798 -0.4188420522673858] 0
[0.4220697068406848 -0.4080124157257738] 1
[0.46613750160098855 -0.41075086241662945] 0
[0.46851187076447864 -0.4061085245371569] 0
[0.43032925545711787 -0.4210024328960136] 1
[0.41829206602543834 -0.39618018277874156] 1
[0.41841749429718755 -0.4125983604734232] 1
[0.4404984562738935 -0.41848387973745244] 1
[0.45491884043925235 -0.4083285734641401] 1
[0.4311143770291914 -0.40500549748760567] 1
[0.4252563908821288 -0.4050693148882878] 1
[0.4671703144211532 -0.4121705834454988] 0
[0.4251441649736407 -0.40800857452675] 1
[0.46800686066264674 -0.40573824790417773] 0
[0.4270076635423685 -0.40927150112338795] 1
[0.4653200948233247 -0.4134946852009984] 0
[0.4654126595662827 -0.42004951234957655] 0
[0.44247520136911433 -0.4010848060561518] 1
[0.4570597772008024 -0.403194011536804] 1
[0.46514525186240424 -0.4079700698099227] 0
[0.46403640666157975 -0.4386613216318519] 0
[0.46549181435643566 -0.4115600810790541] 0
[0.4655134870663319 -0.4127738961455298] 0
[0.46578705888316435 -0.4116071685609656] 0
[0.41827515618894756 -0.39427859402873255] 1
[0.4372016063301175 -0.4066126225771259] 1
[0.4306300990334826 -0.4010255269137794] 1
[0.43166271313857696 -0.4178514719177717] 1
[0.4372885401729397 -0.4011919130033871] 1
[0.4679140450549186 -0.40393488628445945] 0
[0.44145083229898247 -0.42644166861617366] 1
[0.4657199397971372 -0.4281800790198682] 0
[0.41447826203421057 -0.41241355674738367] 1
[0.4298910838166313 -0.4067229922566331] 1
[0.4659715045365216 -0.4119655750189223] 0
[0.4667188656565577 -0.41307596581594497] 0
[0.4660838345531012 -0.41665991364056143] 0
[0.4300192746040262 -0.391614036704663] 1
[0.4251519858365382 -0.3961640459139647] 1
[0.46687942597698673 -0.4138773410553652] 0
[0.44419625169175003 -0.41903189089199117] 1
[0.4285503454312911 -0.40982187110474855] 1
[0.4260294240614136 -0.4155250204360414] 1
[0.4646337089334386 -0.4095770872495606] 0
[0.465535450929109 -0.40490716136136784] 0
[0.44393833177054354 -0.3983346633679785] 1
[0.43618506722792166 -0.3876542859997969] 1
[0.4650763934816196 -0.4170542432561657] 0
[0.4664431979024011 -0.3979793204887323] 0
[0.4183280370583031 -0.4093764522192994] 1
[0.44721489123471925 -0.4018494272646563] 1
[0.4645720266644161 -0.4301309618685336] 0
[0.465770079433746 -0.40049749550824054] 0
[0.466895991649515 -0.41046592296169965] 0
[0.42768532439137735 -0.40420703101973143] 1
[0.4666915168388568 -0.40973639264632167] 0
[0.46697269483101417 -0.41684414128729075] 0
[0.46585467332171016 -0.4148606313238092] 0
[0.4310292280577757 -0.4082809971073361] 1
[0.4304963421315677 -0.40924976124093176] 1
[0.46461618224598666 -0.4154185948934167] 0
[0.4662681331324183 -0.40552656439547835] 0
[0.46647091643766725 -0.4232450678325972] 0
[0.41667405228214704 -0.3988872061855717] 1
[0.45098115759897095 -0.4190760644182773] 1
[0.43646323974737367 -0.4169985672274633] 1
[0.4670974930470003 -0.4045374242637283] 0
[0.4664838828353359 -0.4148031993662412] 0
[0.441674578748785 -0.4115662981670789] 1
[0.43103498140088436 -0.4303474088892819] 1
[0.4338597250994733 -0.4085770025911567] 1
[0.4276226686181057 -0.3905519267949731] 1
[0.46474551848983936 -0.42397954248651243] 0
[0.465445545988188 -0.4246390944675028] 0
[0.43426821116377357 -0.41307828123305024] 1
[0.4257779975066427 -0.39026917579260423] 1
[0.4659310368404322 -0.3966398622497439] 0
[0.43250519229322976 -0.42020846751963437] 1
[0.46613154637719395 -0.4197848176160398] 0
[0.4230159364287895 -0.4022121929707223] 1
[0.4664520374389758 -0.4055790145721212] 0
[0.4656228256536784 -0.42734618227804666] 0
[0.43693264706165763 -0.42649812842175744] 1
[0.4437207598275187 -0.41457488297722367] 1
[0.4669641679437694 -0.4039164850168929] 0
[0.44142022036637285 -0.40871792135636503] 1
[0.46517064339790626 -0.41827910441203725] 0
[0.46661820321361436 -0.4207493461789806] 0
[0.46570717654107713 -0.4207952114520308] 0
[0.43859156814082667 -0.407170985173104] 1
[0.46564250450410405 -0.4204432818505228] 0
[0.46612769762842887 -0.4133668091556699] 0
[0.4377851794014184 -0.4002064204083219] 1
[0.46430467999965175 -0.41315151295876273] 0
[0.43924921700853115 -0.4282986628059866] 1
[0.42391555534134434 -0.38624414017469544] 1
[0.4660466248736751 -0.40092198547168534] 0
[0.4266944524988887 -0.3773922023535258] 1
[0.43140794669675137 -0.3999125520294897] 1
[0.4656048419212391 -0.42057215663443304] 0
[0.4654584405981328 -0.4073527690676425] 0
[0.4638183388637136 -0.4084073814703941] 0
[0.42449514500599245 -0.4002463729986432] 1
[0.4657461320203179 -0.4028399075208051] 0
[0.4431073878931491 -0.39874815068242087] 1
[0.4655751333647103 -0.42031178244608847] 0
[0.4289229430290046 -0.393976686828572] 1
[0.4656846332187634 -0.42156076083190624] 0
[0.4674094133431223 -0.40475031375678805] 0
[0.4216377624665003 -0.40568032674995047] 1
[0.46870547090931575 -0.41328057961860487] 0
[0.46546051907277636 -0.41113018872553764] 0
[0.4665630989794987 -0.42120317898390314] 0
[0.43852038972045315 -0.4018143805386497] 1
[0.46579772641050426 -0.4033047301084969] 0
[0.42568985973658374 -0.4042210331591356] 1
[0.42419129519323007 -0.42699087333296015] 1
[0.42457156473154944 -0.4136942942791627] 1
[0.4658657059222988 -0.4091718059082396] 0
[0.42957718325964317 -0.4120792095023721] 1
[0.46642460879228076 -0.4098899841624698] 0
[0.46766271159492023 -0.4115830204516868] 0
[0.4436464740335105 -0.4175006921133608] 1
[0.46645958554176264 -0.4206751425662387] 0
[0.4650623406416126 -0.41721125911448254] 0
[0.43628515472476426 -0.41193351951209545] 1
[0.46646779868762744 -0.4092554372949757] 0
[0.4392046360856187 -0.405164786634307] 1
[0.43229735560957566 -0.40245437005500717] 1
[0.44104559002122606 -0.41173720573412753] 1
[0.4667133477924097 -0.4202137146441482] 0
[0.42851011734101796 -0.4182192236076856] 1
[0.4661074955944876 -0.41278474268931425] 0
[0.46539465085786846 -0.4101757451711464] 0
[0.467505613521981 -0.416918171364988] 0
[0.46534369641312506 -0.38959799087168623] 0
[0.4297726235117165 -0.39387236986034724] 1
[0.42851579378710675 -0.4117933894437287] 1
[0.4657238594210348 -0.41588725836459683] 0
[0.46653426456286834 -0.4148448545882555] 0
[0.4336625594395328 -0.3996498005016495] 1
[0.46676440262840435 -0.40081271837938726] 0
[0.43751949907443183 -0.40546694391456084] 1
[0.43185959168273047 -0.3963526493574742] 1
[0.46550506947321646 -0.3951643158023199] 0
[0.43804397510458326 -0.4005402045951104] 1
[0.43402416648885633 -0.41202140610217597] 1
[0.4641954659148948 -0.43259160831564114] 0
[0.44575459067647455 -0.39623897128665153] 1
[0.4644398407684658 -0.4066311179491605] 0
[0.46834331305873694 -0.39990579228594836] 0
[0.4644678691918012 -0.39889041516297563] 0
[0.46587473509342414 -0.40916348427355353] 1
[0.4249541426489572 -0.3973907489801609] 1
[0.4384518896477628 -0.415627430531717] 1
[0.4392981372607542 -0.4061846351199083] 1
[0.46738246305584197 -0.4127752085493509] 0
[0.4677816761762542 -0.4141446062692645] 0
[0.46764708005335576 -0.4093215688770231] 0
[0.4678202817130771 -0.4114613448079414] 0
[0.46711617930907 -0.4336218406881172] 0
[0.43345204420109373 -0.41405320179332994] 1
[0.4310094519888965 -0.41648148954083763] 1
[0.46709359321552907 -0.4201385485971245] 0
[0.4658979885999687 -0.40759501022678] 0
[0.465624636717905 -0.4300045412042016] 0
[0.46630111784833306 -0.43108776273121274] 0
[0.42894249344182517 -0.40805322244577386] 1
[0.4167487168849694 -0.3939917483205331] 1
[0.4680984954287435 -0.4154703471188265] 0
[0.4244135898939091 -0.4066624210299625] 1
[0.4262353937566775 -0.3939666668286604] 1
[0.46622078995438804 -0.41704291649674213] 0
[0.4653754636330242 -0.41724826972989804] 0
[0.4660945408606043 -0.4106710329826937] 0
[0.4257215422435846 -0.425350411549708] 1
[0.4238255689128987 -0.41132650539206195] 1
[0.43244002434795853 -0.4036777949232897] 1
[0.468393160851187 -0.39954777384384427] 0
[0.4667688363198711 -0.4228345795873828] 0
[0.44433804488533024 -0.40678624546400605] 1
[0.4215052209982315 -0.41333599015782513] 1
[0.4665690078396025 -0.40817747112030434] 0
[0.4665832250309766 -0.4129361278624156] 0
[0.4334492398458224 -0.4171108161004574] 1
[0.46775103121436346 -0.41278104993781084] 0
[0.42374499112305786 -0.4057956770290635] 1
[0.4683375659398713 -0.4061887672592822] 0
[0.4674154236703323 -0.4233914118487718] 0
[0.4651099436050834 -0.4009168920780003] 0
[0.4528128534340026 -0.4091783844500857] 1
[0.4672327874312934 -0.41845182579828527] 0
[0.43112242387477606 -0.3941905768298901] 1
[0.4639420326042396 -0.4154293359094152] 0
[0.46496230597937277 -0.4134557688010756] 0
[0.46569827777731254 -0.3983792333251916] 0
[0.46590676964869493 -0.39943960764561626] 0
[0.4378731396306974 -0.4142395073284554] 1
[0.43215470033215475 -0.40024354316929345] 1
[0.46459417365150335 -0.42205538955434807] 0
[0.4683033065193833 -0.4221539443869129] 0
[0.4353679453289404 -0.4179224001340107] 1
[0.4442004836076204 -0.408619771621508] 1
[0.44178958834622906 -0.4334375500625083] 1
[0.42919344644344454 -0.3993029990466148] 1
[0.44098975094873605 -0.4009414504964275] 1
[0.43280917174923583 -0.41703122370059936] 1
[0.42501529213990197 -0.4039486989861849] 1
[0.4350508987643136 -0.4246486480949292] 1
[0.46761895676336307 -0.4197011020730485] 0
[0.46602556824635544 -0.4123006811703013] 0
[0.46616233284774167 -0.41473985658483814] 0
[0.46584132623252583 -0.4052048357678648] 0
[0.46434235084218173 -0.4189583275883574] 0
[0.424273242599689 -0.40143960103029774] 1
[0.4669265556694038 -0.40212194847841587] 0
[0.4303937627208049 -0.4110377454855567] 1
[0.4461099494912937 -0.41461666545434406] 1
[0.4654836885996769 -0.4079093214962366] 0
[0.43431026510360426 -0.4067077095492439] 1
[0.4663710896850959 -0.4077036673537854] 0
[0.4664771154761751 -0.40838317867284823] 0
[0.46755518859066253 -0.39875860351829306] 0
[0.4352811430870135 -0.3986486063833313] 1
[0.46605971026312026 -0.39873207539836575] 0
[0.4677725371787891 -0.4228448817679658] 0
[0.43814611451318264 -0.41453464552212405] 1
[0.4246734911172627 -0.39641502909422555] 1
[0.42860094258784254 -0.39917729590248197] 1
[0.46608018161118114 -0.40933289852762433] 0
[0.46535826091972654 -0.4076774491683959] 0
[0.4412820703743897 -0.4128890275195566] 1
[0.46601639719997595 -0.41277843250590596] 0
[0.4208588548844164 -0.39236972826458716] 1
[0.4412449056931776 -0.4017176048968198] 1
[0.4420320244532626 -0.4030072632480365] 1
[0.46642332371957024 -0.40915233595157485] 0
[0.42570176922736747 -0.40751087263206326] 1
[0.42771836760265813 -0.4037708753120616] 1
[0.43103440847619656 -0.40555197892192923] 1
[0.46548914376262923 -0.4010265273557464] 0
[0.43270094644751755 -0.38975852385257653] 1
[0.4678974722566871 -0.41004621337480796] 0
[0.4336406818180687 -0.4067431475836528] 1
[0.46728407110650466 -0.4163975230333599] 0
[0.46471273699169596 -0.42011081026976127] 0
[0.46610091998642444 -0.41623692324356154] 0
[0.43654921927327195 -0.4037037427463932] 1
[0.43302599285204374 -0.40138010250118594] 1
[0.4643072454670476 -0.40921943274090256] 0
[0.4663983952690712 -0.41753115129191704] 0
[0.4236078648385443 -0.4102120190987126] 1
[0.4664822622434017 -0.42040363515587287] 0
[0.42158716570221527 -0.40587850462760466] 1
[0.4346723740886423 -0.40825525580034416] 1
[0.4660614801278139 -0.4190092272504294] 0
[0.46480183431308864 -0.43142751771620724] 0
[0.4168632923185499 -0.3950940854673196] 1
[0.46909241466059115 -0.4240779845041047] 0
[0.4107335246729062 -0.3984583921119121] 1
[0.43009346730705966 -0.3904668913665576] 1
[0.46694387202074294 -0.4183284199353476] 0
[0.42507557470525414 -0.4073059498341063] 1
[0.4659788219943293 -0.4101259681769604] 0
[0.46570894900004345 -0.4306404849678861] 0
[0.4315273180076076 -0.3904592987925002] 1
[0.428300834731236 -0.40902315845565773] 1
[0.465909325763747 -0.40418590913925107] 0
[0.4309482336353852 -0.40529269245156146] 1
[0.4435904351718707 -0.40270452832658177] 1
[0.4665994074135923 -0.3978685260575351] 0
[0.43407437146521854 -0.4025629344547757] 1
[0.46454881387074454 -0.43147159727664924] 0
[0.4647478863789444 -0.4193629686854633] 0
[0.4655770662622894 -0.4200336228941524] 0
[0.46604866587437277 -0.43029666157681906] 0
[0.46559849385007646 -0.41310839308613756] 0
[0.4654334183908729 -0.4193699863743296] 0
[0.4294378869399909 -0.40555178409749015] 1
[0.4506119684288026 -0.41283538651633245] 1
[0.4161441928148183 -0.40273911610300844] 1
[0.4207270587560521 -0.39697904076437884] 1
[0.4296245562351972 -0.4092393176963977] 1
[0.4315200490496566 -0.4215020624715725] 1
[0.4301436950247741 -0.4022527622913729] 1
[0.46626212081637497 -0.4034807660640976] 0
[0.4510557683697758 -0.39149226402064186] 1
[0.46581296953471274 -0.41454462007564663] 0
[0.43473048564829275 -0.4246008097574572] 1
[0.46667231996374053 -0.4119940167095376] 0
[0.43072591173364794 -0.4002459984993447] 1
[0.4455982558031848 -0.4132000615423719] 1
[0.46531538064916744 -0.4149092961475188] 0
[0.434248349234621 -0.41064734240397005] 1
[0.43063522125352083 -0.39949796050236797] 1
[0.4663961562134308 -0.42999971088401634] 0
[0.44149069360638893 -0.3993875584266855] 1
[0.4665520472488326 -0.40137869265864307] 0
[0.46816091826663564 -0.41422635018783394] 0
[0.4646167770054075 -0.3987084256577346] 0
[0.4664821468630844 -0.4084867610820217] 0
[0.46638465995469425 -0.423995236690874] 0
[0.4632474472857382 -0.4272921993199791] 0
[0.4365374863741508 -0.3987775719947325] 1
[0.46551211066060283 -0.3905649595464024] 0
[0.4354170060150042 -0.393665690872391] 1
[0.4649669976225429 -0.4316646060870182] 0
[0.41937724280927696 -0.4123313487945163] 1
[0.46591469213429315 -0.41758301077613563] 0
[0.4678554632430647 -0.4294135780100994] 0
[0.46683109988122584 -0.40941169414605827] 0
[0.4642925319030989 -0.4247981818061116] 0
[0.45046949898255967 -0.3916249196269386] 1
[0.43775100938532663 -0.3959223362485137] 1
[0.46668688664865543 -0.4118915457303748] 0
[0.4654516989989181 -0.41673041537774114] 0
[0.46502330304440287 -0.4200089613247684] 0
[0.46630149285090894 -0.42425351803521694] 0
[0.46690136377108094 -0.42835435417320494] 0
[0.4667329857018399 -0.41227466102107946] 0
[0.42249570005458514 -0.39950397672823956] 1
[0.43715631495400276 -0.3838465148186446] 1
[0.46731513817141546 -0.39513502061932665] 0
[0.4302484268097796 -0.4247693541474075] 1
[0.43931404750321446 -0.39997823890430756] 1
[0.4573460033427602 -0.429954160994687] 1
[0.4660294500377626 -0.3897840354471529] 0
[0.4540266202763813 -0.42214071075681125] 1
[0.4627716767183592 -0.42538049144669376] 0
[0.46704012022926 -0.4033996060816246] 0
[0.4664703263586538 -0.4114132749956786] 0
[0.4669975063027513 -0.4134775342251751] 0
[0.46445720487644104 -0.41680987181682705] 0
[0.46512459952904783 -0.39268856274946706] 0
[0.42909284100727657 -0.4125342283612038] 1
[0.43000500453737633 -0.3989890538933918] 1
[0.4665245654751351 -0.4078563895359272] 0
[0.4677156326954136 -0.41962041556596813] 0
[0.4660455498886354 -0.42117106097753154] 0
[0.46574231074815764 -0.40090755215639584] 0
[0.4664088514178568 -0.43079460516226403] 0
[0.4644999677942583 -0.42243076287573716] 0
[0.4637693067952156 -0.4111508224473239] 0
[0.4417651342846725 -0.3898331021568611] 1
[0.44045836971286306 -0.39428419059414765] 1
[0.4368060374625185 -0.41991405538998605] 1
[0.4662128869674508 -0.40977947962635497] 0
[0.4664937625747491 -0.401418703877008] 0
[0.46500334379795283 -0.3987630907172285] 0
[0.4457911872053998 -0.4110047007784059] 1
[0.4661244121207474 -0.3988950843235223] 0
[0.46552774969779076 -0.4081975150734171] 0
[0.46682499631000673 -0.4060759569523247] 0
[0.42348980661058644 -0.405403793478371] 1
[0.46641371893090755 -0.42199037372329906] 0
[0.43425834177125444 -0.41140352168186506] 1
[0.4345105897067077 -0.4009038931877722] 1
[0.42675171905055487 -0.39244917460468287] 1
[0.4331547320123986 -0.41137102118900276] 1
[0.43903134716736547 -0.4034077447505013] 1
[0.42629779868843454 -0.41031854063425777] 1
[0.4342789374157353 -0.3917175628340597] 1
[0.43479637343607835 -0.3893910217360216] 1
[0.46524811671567456 -0.40395304664875986] 0
[0.46464744321197426 -0.43177239927474487] 0
[0.4662534053138487 -0.4037529387870451] 0
[0.46528375431416896 -0.41902617751460325] 0
[0.4656409688861564 -0.419740568063843] 0
[0.41873976142333375 -0.4106229802082025] 1
[0.43422209338841977 -0.4006304852555579] 1
[0.4308805307102294 -0.41024074962901197] 1
[0.41898058878607214 -0.41537048403200083] 1
[0.46480682852266686 -0.40044563899563457] 0
[0.46564788364409504 -0.4243612315589982] 0
[0.42607642131359325 -0.38921290297254774] 1
[0.46616229647166807 -0.42159168453757245] 0
[0.4672483726621777 -0.42471297027819477] 0
[0.4289107472773926 -0.3994834215222054] 1
[0.4219912149989058 -0.39408507865008574] 1
[0.4667763127063944 -0.40244926452882696] 0
[0.4108151971761793 -0.3922026633904634] 1
[0.4649261216110283 -0.42328119419442967] 0
[0.4671277822401604 -0.41545715139414363] 0
[0.4273783102474553 -0.39930015233259514] 1
[0.42349808349328044 -0.4082297051319246] 1
[0.4290959177825452 -0.40530119961278677] 1
[0.4671181303119847 -0.4030848558377682] 0
[0.46656880540142276 -0.40414515837686804] 0
[0.43770151086377806 -0.4015365696415253] 1
[0.4664125810682426 -0.3957131680729043] 0
[0.4429689896243354 -0.4133941929787881] 1
[0.4287115353873157 -0.40262069541809775] 1
[0.44056031609380153 -0.4062819181524805] 1
[0.4251388889899511 -0.4049223554024809] 1
[0.42007394950656946 -0.400474229959073] 1
[0.4661921534272013 -0.39674648631317205] 0
[0.4359395515109923 -0.4014861652631988] 1
[0.43262723304743017 -0.41839482833253916] 1
[0.4673375275785814 -0.40637683972269445] 0
[0.4411228227586447 -0.4181634816231512] 1
[0.4253529331537989 -0.3977275031755161] 1
[0.4239373810640501 -0.415150901423556] 1
[0.4399898642312988 -0.40971411035023575] 1
[0.4352331624122824 -0.40383665238146105] 1
[0.44443459414593883 -0.39156158056236545] 1
[0.4644335390469745 -0.4273256900649145] 0
[0.42713073418875414 -0.4128216869642749] 1
[0.46513488426309246 -0.4122909394552662] 0
[0.46577318492763126 -0.4265509048945181] 0
[0.466583124379259 -0.4078852296188976] 0
[0.4673159655391494 -0.42331519992420386] 0
[0.4343586931261283 -0.399025462640083] 1
[0.4498351083719842 -0.396899222825735] 1
[0.4294974869572643 -0.42696893431429983] 1
[0.46642020097840836 -0.40592405920953045] 0
[0.4364658327955896 -0.4025682804318125] 1
[0.41936413722901483 -0.39720986266357433] 1
[0.46718910974505345 -0.41217671660152533] 0
[0.4306318675702271 -0.4029301195165873] 1
[0.431992863518944 -0.4170027641948926] 1
[0.4658057624189319 -0.42141297035613134] 0
[0.467433208855659 -0.4209242256712718] 0
[0.4671609777324096 -0.41042178783110356] 0
[0.4152451442600486 -0.3874444866024205] 1
[0.4262699107628108 -0.4054498432456718] 1
[0.4168455718106312 -0.39574394994797624] 1
[0.42003244158694875 -0.3968992362035011] 1
[0.41917788145134416 -0.4097960617835837] 1
[0.4588368343585246 -0.41250907275096016] 1
[0.4275583514800933 -0.396718412557214] 1
[0.42971418973051434 -0.385663784278835] 1
[0.43666148783734765 -0.40311580682866827] 1
[0.4278677565264345 -0.40992432109601584] 1
[0.42683047416652387 -0.4179110556431064] 1
[0.4242359779390773 -0.39745597419254586] 1
[0.432907590856387 -0.40615260373925277] 1
[0.4399714880163821 -0.3989736683083899] 1
[0.46746198130019817 -0.4029907010481849] 0
[0.464287865245386 -0.43036462668587383] 0
[0.4641941587670067 -0.4204253158464927] 0
[0.4666820561187027 -0.42175714538204223] 0
[0.4660597036803322 -0.399586756325888] 0
[0.4346300151845429 -0.405322102363397] 1
[0.46765609199833374 -0.4058076829142017] 0
[0.46690236880274105 -0.41727720909771104] 0
[0.4353127389328618 -0.4117642786460116] 1
[0.46877503485182404 -0.4063464612196278] 0
[0.4684869189796275 -0.40805182075492696] 0
[0.4664471389257752 -0.41572690317087435] 0
[0.41051684315525816 -0.39427901032075574] 1
[0.46680674258135924 -0.423652190163062] 0
[0.42804412630735356 -0.4094024938336777] 1
[0.43464051256472913 -0.3885070941276054] 1
[0.46680981336277516 -0.41662941997250125] 0
[0.4402812785489295 -0.39398221874681777] 1
[0.42221176096857815 -0.39813532579564836] 1
[0.43390821425155857 -0.41212614227307176] 1
[0.45046057646127163 -0.39676965884870063] 1
[0.46674136981653935 -0.40499715038662676] 0
[0.4279746584943326 -0.40761248682264456] 1
[0.43550236296753775 -0.3897071766877237] 1
[0.4162550679191121 -0.40923922901469234] 1
[0.4671002030322407 -0.4092147639852061] 0
[0.43709106605443016 -0.41682096101913324] 1
[0.46634025142025926 -0.4080911343115511] 0
[0.4510260070141781 -0.4094239976816098] 1
[0.4651442792225015 -0.4108941829878131] 0
[0.4662805542715941 -0.4195856070386913] 0
[0.4204161830105735 -0.406334200389329] 1
[0.41908964335732046 -0.40957522022163023] 1
[0.4649877753771319 -0.4307927066231793] 0
[0.4672355383369873 -0.3987155069778231] 0
[0.4366958454904669 -0.420840006222272] 1
[0.42807893863851987 -0.39428971505093924] 1
[0.43345005084487864 -0.4058254164143839] 1
[0.43549698143307364 -0.4084897407437367] 1
[0.44008550990316997 -0.43750097045633385] 1
[0.441307678154375 -0.40585202190973546] 1
[0.4654443557293717 -0.4118236690297543] 0
[0.4498477035516627 -0.4052409552742445] 1
[0.42444967922871457 -0.4030863832209833] 1
[0.4420612009654502 -0.4015531543834156] 1
[0.4664849949207821 -0.4184953488588353] 0
[0.4275264603528154 -0.40563280112411015] 1
[0.4493941699663264 -0.416288472799739] 1
[0.4661209607797148 -0.4180218982941722] 0
[0.4646953182763768 -0.41391845854650733] 0
[0.42672429772793635 -0.40293957073553927] 1
[0.4461296235021659 -0.39415611939720213] 1
[0.4393709551269419 -0.41266673935285364] 1
[0.4645629693189085 -0.42035609559882403] 0
[0.4278665103854782 -0.39974486754935956] 1
[0.4638874910033909 -0.41791287183836884] 0
[0.4658203421357235 -0.4193910877694662] 0
[0.4650752202375984 -0.40628026516099097] 0
[0.46636162828570216 -0.4011206506635543] 0
[0.4673441698096933 -0.40299972690990893] 0
[0.4345589190380885 -0.4000050805729982] 1
[0.4664272651064133 -0.3933611111100187] 0
[0.42939206152183196 -0.38228497593307603] 1
[0.43096258567019397 -0.4089455555380739] 1

