[[-0.17619829,0.17243199,-0.15905288,0.19844073,0.07767435,0.13714789,-0.11099251,-0.19190794,-0.00754891,-0.19978116,0.02708635,-0.02843711,0.04518933,0.18284363,0.20266736,0.01667912,-0.01279771,-0.15752697,0.07450711,0.08001543,0.18887860,-0.14150144,-0.07994426,-0.12792324,-0.25154439,0.17424190,0.01936087,-0.06239288,-0.15835328,0.17158780,0.05274887,0.11578944,0.10487630,0.01273781,0.13326502,-0.05795472,0.09108222,-0.07965449,0.18539223,0.00117863],
 [0.17038347,0.08859934,-0.08019680,-0.07497629,-0.24208826,-0.02685940,-0.07949628,0.21956898,-0.11711045,0.16216363,0.09829023,-0.19957513,-0.06756072,-0.16629237,0.01557059,0.01313666,0.02500380,0.24612699,-0.17437547,0.05184878,-0.03944346,0.05871027,0.03485538,0.13791372,0.25604284,-0.24453108,-0.21454649,-0.01185278,0.14125894,-0.20323063,-0.08760163,-0.02997449,0.02695654,0.03426192,0.09011025,-0.01121970,-0.02351449,0.00606693,0.08942955,-0.12233773],
 [-0.01263546,-0.08878902,-0.04446176,0.19248857,-0.02700284,0.12431118,-0.01625921,-0.12467644,0.20013914,-0.02729153,-0.18761839,0.04453233,0.09967687,0.19554023,0.11301193,-0.21536237,-0.14607330,-0.19543810,0.09501937,0.13595937,0.10913021,-0.18847255,-0.22883396,-0.02947340,-0.13141559,0.17716724,-0.01733248,-0.07841698,-0.08658680,0.00112530,0.02717697,0.19415340,0.17950222,-0.19727415,0.22044779,0.10465833,-0.05174927,-0.07307188,0.00340034,-0.04139787],
 [-0.07211800,-0.08122514,0.07403363,0.03053647,-0.02156594,-0.26766896,0.24088371,0.10342968,-0.18351349,0.04538153,-0.03111055,-0.25625402,0.15077372,0.07880564,-0.11031326,0.11637098,-0.04205780,-0.15679705,-0.26193523,-0.11406004,0.08574302,0.10484589,0.06515279,0.09284273,-0.28239897,0.00470034,-0.18761411,0.23455589,-0.27343327,0.04910521,0.22683735,0.00092054,-0.09376939,0.04771214,-0.08012141,-0.23050290,0.20928423,0.22763239,-0.16760173,0.26284677],
 [-0.21628146,0.14305973,-0.14692892,-0.06313852,0.14043912,0.14047147,-0.22070239,-0.22930001,-0.06412350,-0.23867139,-0.21896134,0.24108855,0.11635043,0.11909530,0.17661203,-0.13318890,-0.20808461,-0.13785243,0.19831154,0.14133306,0.24959607,0.02216959,-0.18885256,0.12082169,0.06790783,0.21298404,0.27323183,-0.11188702,-0.05196237,0.07352000,-0.12460284,-0.01850378,0.19877952,-0.15808947,0.11906893,0.20137711,0.08710387,-0.18642172,0.25290680,-0.21505819],
 [0.05360641,-0.17146558,0.07812630,0.04375537,0.21766123,-0.03686191,-0.10815762,-0.09751681,-0.00038322,0.10825163,0.11125812,0.02380750,0.27396879,0.02026184,0.01540937,-0.08845134,0.04323414,-0.26978329,-0.10910878,0.04953146,0.17773837,-0.00158523,0.04601447,-0.12234520,-0.27261394,0.06835172,0.19571519,-0.12698022,-0.26712045,0.14225286,-0.00464822,-0.09803002,0.02389518,-0.18241315,0.05810304,0.08692680,-0.05115209,-0.02424025,0.10149758,-0.15611705],
 [0.11713871,-0.08582607,0.16161083,-0.18490724,-0.07296136,-0.20923859,0.26732320,0.10710295,-0.21322930,0.10232621,0.04737963,-0.08027972,0.04872506,-0.04083874,-0.18237239,0.19156492,0.08487196,0.07696591,-0.07771499,0.07478569,-0.19605885,0.16284142,0.09023923,0.15666996,0.22032681,-0.23442554,-0.17941730,0.23130482,0.13178144,-0.06410850,-0.00491453,-0.15527913,-0.15697846,0.10355854,0.02632982,-0.14345147,0.02761763,0.15892556,-0.06600723,-0.01072962],
 [0.00503776,0.18991581,-0.09042726,0.16353811,0.15614453,0.16170128,-0.25529090,-0.23085216,0.23321135,-0.09351090,-0.02526778,0.23965728,0.13849057,-0.05812823,0.01079752,-0.16127083,-0.10004582,-0.11598567,-0.01156665,0.19485614,-0.11344477,0.02849610,-0.10766277,0.05987876,-0.02433620,0.13873933,0.14068152,-0.09811551,0.09440871,0.18227592,-0.04874525,0.16942084,0.20640771,-0.17255099,0.18631397,-0.01153686,-0.14241797,-0.11617725,0.03297649,-0.22145899],
 [-0.15339017,0.14611529,0.05750598,-0.18499692,0.00040996,0.13098171,-0.02763215,-0.02102654,-0.04168394,0.00515817,-0.10444792,-0.05921130,0.01648425,-0.14856814,-0.01712020,0.08005093,0.00465759,-0.10796124,0.18707664,0.14771013,0.00056881,-0.10096312,-0.11857147,0.18357874,0.18848513,-0.11642605,-0.04197047,-0.11588710,0.02682293,-0.05766512,-0.11577007,0.08339200,-0.11522303,-0.08283008,0.07403397,0.12532040,-0.11866115,0.01270816,0.04866080,-0.24381454],
 [-0.02536298,-0.11026201,0.02938740,0.17343299,0.14703596,-0.00898124,-0.22468877,-0.08564028,0.09176575,-0.04411374,0.07788109,0.20588246,0.08778679,0.07798095,0.18606199,-0.20629241,-0.16185337,0.01996779,0.01102227,0.10548484,0.23068191,-0.06575748,-0.10756446,-0.09056356,0.02067960,0.14377278,0.22328040,-0.05398414,-0.12247718,0.22359924,0.14636484,0.02885947,-0.01154329,-0.15105824,-0.08106351,0.09588481,-0.07588024,0.04793237,-0.08254752,0.05799996],
 [0.14278175,0.12600347,0.16163777,0.00948159,-0.18624312,-0.00175799,0.12362513,0.12952192,0.12430059,-0.12234997,0.14321260,-0.09255518,-0.23372400,0.07735253,-0.09133267,-0.00936883,0.24378583,0.14153229,-0.04891076,0.02778004,-0.26070526,-0.01437710,0.07725799,0.12827061,0.17471027,-0.16404916,-0.00682840,0.01944756,0.16179213,-0.02653789,0.09370948,0.01121379,-0.23784758,0.09398368,-0.07529776,0.05274331,0.09132614,0.01481291,-0.12105862,-0.01277563],
 [-0.04444542,-0.16193905,0.03729906,-0.05634705,0.10143618,-0.11035354,0.00087529,0.19472037,-0.25898468,0.06227405,-0.00712070,-0.11121468,-0.06154827,0.24563277,0.02096193,-0.06799303,0.04674014,0.07058310,-0.17805681,-0.23018458,0.05931303,-0.07881916,0.24125837,-0.17007206,-0.02114971,0.07550599,0.01971875,0.18995963,-0.05098705,0.09954546,0.27390218,-0.16314228,-0.26055631,0.14337713,-0.05047525,-0.24961768,0.13858075,0.08420306,-0.20336762,0.27071282],
 [0.06059393,0.15809317,-0.11818753,-0.26179659,-0.22512467,-0.05271563,-0.00081000,0.16975825,-0.15701196,0.01106383,0.15388545,-0.07363556,-0.20310028,-0.23151185,-0.06230843,0.15419078,0.24678381,0.15456076,-0.18481766,-0.19792621,-0.02787417,0.13836884,0.18839967,0.14768443,0.00877356,-0.26634732,-0.18664138,-0.02357378,0.10393804,-0.22095907,-0.07152294,-0.09832653,-0.09144329,-0.00619614,0.01099080,-0.03196482,0.04594012,0.25316036,-0.18560910,-0.05742846],
 [-0.21736686,0.17396523,0.07855417,0.14168367,0.14711511,0.24525137,0.00765804,-0.10034610,-0.00446890,-0.01602070,-0.18911412,0.25600493,0.07985310,0.07089904,0.15307319,-0.04352874,-0.03418063,-0.04354587,0.10940854,0.04654233,0.04012602,0.01683770,-0.16111386,-0.02322705,-0.07447823,0.17111616,0.10166880,-0.04469240,-0.02963303,-0.07765944,-0.01751672,0.00521449,0.00321867,-0.01593800,0.21895821,-0.02951708,-0.17050426,-0.06034037,0.09773846,-0.12342854],
 [-0.00841720,-0.20221014,0.12562928,0.20769185,0.09504940,0.05556566,0.06797486,0.00445457,-0.13378644,-0.00825511,-0.05102759,0.06992546,0.08273695,0.14225939,0.06990251,-0.08831026,-0.03563607,-0.05732903,-0.02110351,-0.04632068,-0.05300070,-0.10809162,0.04866317,0.07415873,-0.05497815,0.19210960,0.02466725,0.00688381,-0.18224698,-0.07901718,0.01845373,-0.03444377,-0.06556170,-0.02961075,0.04579026,-0.08890124,0.13151003,0.00757325,-0.02367238,0.16575927],
 [0.04303242,-0.14953332,-0.01950835,-0.03988492,-0.01232897,-0.27283287,0.29756230,-0.00599372,-0.06970549,0.19758965,0.19545087,-0.13061714,0.03621180,0.09155981,-0.26691854,0.22359073,0.00568813,0.04716001,-0.23392698,-0.10747395,0.02242549,-0.03576037,0.04280704,0.01125483,-0.02673256,-0.11668772,-0.01441523,0.24505728,0.00608025,0.11226640,0.10499586,-0.24278204,-0.14706035,0.12795581,0.01703530,-0.15841949,0.13604243,0.14851852,0.02135013,0.15202531]]