layer1.dendrite.weight
[[-0.22941323,-0.09604442,0.18540633,0.23547368,-0.04303273,-0.21061295,0.26132432,0.12149676,0.14603725],
 [0.35700122,0.24312092,0.04972123,0.35532299,-0.04000990,-0.06593379,0.02985846,0.02883306,0.20315169],
 [-0.34666973,-0.34123090,-0.17230983,-0.22898154,0.08032785,-0.29672688,-0.16657172,0.07045431,-0.12662059],
 [0.22638133,0.29974258,0.01424002,-0.05746242,0.13506483,-0.18051060,-0.05050988,-0.08420949,-0.05517650],
 [0.23369271,0.11843197,0.37518182,-0.02217068,-0.13697597,0.11304579,-0.10387469,0.18638809,-0.16903862],
 [0.16061400,-0.34720489,-0.30944923,-0.02751395,-0.26811570,0.22521913,-0.27185690,-0.22749931,-0.04088920]]

layer1.dendrite.bias
[0.24961992,0.00788655,0.06394973,-0.04894052,-0.17733784,-0.40591893]

layer1.synapse.weight
[[0.32678550,0.30701631,0.13395543,0.25278246,-0.19979981,-0.06228029,0.37980726,-0.02353519,-0.20524050],
 [-0.07030094,-0.32856637,0.01015344,0.15032499,0.29284886,0.25302479,-0.29311910,-0.13967831,-0.18074380],
 [-0.04246718,0.11052508,-0.40559876,0.13857867,0.23100398,0.04176172,0.01209014,-0.25316408,-0.35022268],
 [-0.15659255,0.24374299,-0.32858840,-0.01045525,-0.28967902,0.17069496,-0.24298674,0.15095390,-0.29402813],
 [0.25357628,0.07278866,0.20565076,0.21968678,-0.00770885,0.27557757,-0.07267046,-0.07841992,0.12048946],
 [-0.19604759,0.37785619,0.09955460,-0.01306713,0.30034390,0.11913025,0.33143127,0.28459984,-0.20787857]]

layer1.synapse.bias
[-0.07071161,-0.21060251,0.12460527,-0.03919321,-0.22300607,0.36606765]

layer2.dendrite.weight
[[0.00452027,-0.19009721,0.40786648,0.44009468,-0.33031821,-0.24755950],
 [-0.28306231,0.17049249,0.18950385,-0.39341882,0.12192618,0.15796652],
 [-0.24073371,-0.24316849,0.11246125,-0.05821278,0.35934821,0.01223881],
 [-0.35029602,0.20492831,-0.11302760,-0.06538521,0.05921328,0.40352374]]

layer2.dendrite.bias
[-0.20805167,0.00050934,0.37873343,0.16350240]

layer2.synapse.weight
[[-0.24046256,-0.02409814,0.25258824,-0.05564154,0.34686732,0.16175196,-0.02792165,0.16387275,0.19296724],
 [-0.09825640,0.10586482,0.38102844,0.13992435,-0.16986129,0.37082404,0.33716515,0.13545699,-0.04098655],
 [0.16597012,0.08922580,0.08368423,0.20809250,0.14268515,-0.14382851,-0.14618209,-0.04277031,-0.20847549],
 [-0.11707320,0.02624346,-0.28299102,0.24811393,-0.07363506,-0.14449304,-0.36644635,-0.39844456,0.10715411]]

layer2.synapse.bias
[0.13922273,-0.22520071,-0.38197222,-0.29635572]

layer3.dendrite.weight
[[-0.07900346,0.32748562,0.24503328,-0.50631684],
 [-0.10166429,-0.07289232,0.18715858,-0.24278705]]

layer3.dendrite.bias
[-0.27182186,0.53225571]

layer3.synapse.weight
[[0.20173089,0.26451069,0.32797673,0.04863824,-0.08667110,-0.13882752,0.40698880,0.06248610,0.22686127],
 [0.04963684,0.25039041,0.03029715,0.29186851,0.40027705,-0.14614990,-0.15926322,-0.17228845,0.04686573]]

layer3.synapse.bias
[-0.14669906,-0.15044434]

