layer1.dendrite.weight
[[0.17313635,0.03508447,0.19751386,-0.06401663,-0.27878857,0.04922057,0.11131472,-0.14802152,-0.06821221,0.02020123,-0.13879810,-0.16816351,0.05248963,-0.20567830,-0.12074184,0.07717405,-0.09765065,0.18894410,-0.12701389,0.08097178,-0.05425981,0.00003366,-0.07660896,0.21548763,0.03455706,-0.07152984,-0.08783937,0.18218969,-0.07033934,-0.17414898,0.14428058,0.17954382,-0.10877180,0.08514926,0.03654747,0.12005922,0.10315036],
 [0.13300300,0.31097284,0.28312364,0.00111221,0.02900994,0.09305609,0.18643047,0.14052676,0.25977147,0.03365045,0.18334799,-0.11775028,0.14495166,0.13637489,0.07022043,0.01855807,0.02308111,-0.01454897,0.06272997,0.17584749,0.17338534,0.15848108,0.23881279,0.12112006,0.11797846,0.23882212,0.14329538,0.22070217,0.07047877,0.16230458,0.00892747,0.27593490,0.25459626,0.25650021,0.07314590,0.23718335,0.06051765],
 [-0.11499228,-0.15083054,0.10663443,-0.16165785,0.15427780,0.11495706,-0.07636198,-0.10752943,-0.00504575,0.07165350,0.10418303,0.02735475,0.08124208,-0.03877515,-0.13100255,-0.04963667,0.03871384,-0.07747547,-0.14506701,-0.13541907,-0.07490965,0.04333486,-0.05713964,0.00409921,0.03201260,-0.07314990,-0.15071671,-0.12776557,-0.08635642,0.07380115,-0.05623118,0.06546375,-0.11553515,-0.00322254,0.07045251,0.06671664,-0.07656281],
 [-0.09535931,-0.00489852,0.22008863,-0.12797490,0.12990472,0.11454169,-0.14886580,0.09950820,-0.01008887,0.05142853,0.15339030,0.19530395,-0.04557878,-0.11235759,0.04593998,0.06071318,0.06111099,0.00580411,-0.01341948,0.05895850,0.07900688,-0.02524602,0.19553594,-0.05509794,0.18536185,0.10863331,0.14784868,-0.07557761,-0.01539559,0.24618237,0.16142042,0.18561444,0.05564282,0.26664189,0.04225920,-0.00991288,0.13054878],
 [0.02623384,0.12159248,0.23292288,0.02111635,-0.17032743,0.00996803,0.19377257,0.18656349,0.20061715,0.10228987,0.06593383,-0.13260087,-0.08122811,-0.12921736,0.14412260,0.01079423,-0.09092883,0.04131047,0.09179527,0.10750277,0.02707972,0.10383176,0.06063950,0.17536382,0.08156498,-0.15825009,-0.00862946,-0.03916665,-0.12846489,-0.13079478,-0.14764690,0.21472926,0.21098749,0.20878111,-0.08643612,-0.12583759,0.03629084],
 [0.21844843,0.18347532,0.11305784,0.23805068,-0.28909346,-0.09476720,0.01718499,0.12413491,0.00227757,0.06099953,-0.18275176,-0.05803236,0.15188701,-0.13417967,0.09775705,-0.11044288,0.02386080,0.22179882,0.01888893,0.25017548,0.14355938,0.02171365,0.05025594,0.07234626,-0.24668330,0.09150041,-0.00526738,0.05944825,0.00820513,-0.15232512,-0.08572678,0.05812413,0.15023081,-0.12966631,-0.03452884,0.05647422,-0.07950711],
 [0.00904860,-0.17124417,-0.16096659,-0.05113570,0.19762996,-0.21471484,-0.03511632,0.00601035,0.06326513,-0.17882159,-0.03396238,0.10562763,0.08215326,-0.05936847,-0.03048627,-0.13635652,-0.00267789,0.05333448,-0.05793587,-0.07733644,0.01813647,-0.29277575,-0.24016625,-0.23839970,0.10772792,0.03313833,0.03220354,0.01983803,0.12943792,0.04609457,-0.02705804,-0.27579257,-0.01630276,0.09900685,0.00078314,-0.12682703,0.05432922],
 [-0.03657282,-0.01816599,0.06268100,0.02532668,0.28421745,0.01260326,0.17842983,0.01033763,0.00161190,0.06086496,0.17359637,-0.19144528,0.15435995,0.10682601,-0.07660565,0.02976847,0.05331795,-0.11092651,-0.03817130,-0.15000977,-0.19002940,0.02803202,-0.20005733,-0.10884174,0.10851067,-0.02875497,0.15134069,0.09084269,0.07886394,-0.00808779,0.04160865,-0.03171736,-0.08432774,0.12636951,0.10327809,-0.11336773,0.12752128],
 [0.12487117,-0.01025867,0.00764157,-0.09784961,0.15545166,-0.12331720,0.01192238,-0.04031658,0.00058526,0.10629123,0.03568407,0.12095897,-0.09666100,0.09506522,0.00557316,-0.04445392,0.11850148,-0.16640623,-0.07809141,-0.16228265,-0.13218242,-0.24470384,-0.15304406,-0.22520638,0.02912722,0.16911957,0.18164405,-0.20228755,0.18115118,0.09008371,0.10514666,-0.23301540,-0.12530494,0.00628632,-0.07377283,-0.04729826,0.17438787],
 [0.12528332,-0.08693955,0.02225478,-0.03323416,0.16028577,0.12369903,-0.13538522,0.20539683,-0.12933491,-0.00945276,0.01170395,0.12184642,-0.16873558,0.01440391,0.02947521,0.06548347,-0.17160597,0.00301506,0.10321701,-0.10219603,-0.20627579,-0.15047933,-0.05674522,-0.18476626,-0.01713411,0.15901619,0.22570838,-0.02901087,0.01902069,0.08580323,0.00215371,-0.25669536,0.00401766,0.00813271,0.04869842,-0.08622752,-0.02957951],
 [0.00326713,0.08104258,0.11284395,0.10830041,-0.01745441,0.05695179,0.08824225,0.05094697,0.04842815,0.09194542,-0.27214390,0.07681908,0.09681110,0.09672105,0.01241823,0.27110103,-0.04763619,0.25841546,0.21568181,0.06127842,0.17344993,-0.01084489,0.07465792,0.17827827,-0.10755105,-0.16889003,-0.11838442,0.03457287,-0.09629833,0.05295403,-0.03757576,0.22362790,0.05635080,0.02055013,-0.04281041,-0.05425785,0.11109974],
 [-0.07171880,-0.17655358,-0.01795796,-0.06394500,0.26404956,-0.01918458,-0.02544905,0.17137708,0.17463717,-0.16893926,0.22946505,0.09729384,0.17707458,-0.00422888,-0.19054367,-0.10651645,-0.10767815,0.08157195,-0.06038787,0.05598805,-0.01082368,-0.23817754,-0.19047874,-0.18845917,0.22106364,0.16720332,0.04733050,-0.17314513,0.03017146,0.08325502,0.01109122,0.04318951,-0.21018191,0.17558025,-0.09206378,-0.06478427,0.04471644],
 [-0.09267780,-0.08791010,-0.17649530,0.02621604,-0.13743690,-0.16471386,-0.03601849,-0.15168689,-0.08073094,-0.09532601,-0.00713334,-0.03654590,0.01695357,-0.21157642,-0.13153186,-0.18671556,-0.18324339,0.00898453,-0.07925453,-0.09681291,-0.06818219,0.10796301,-0.09363886,0.12487879,-0.15419932,-0.06050786,-0.26826152,0.05764836,-0.06729327,-0.21937011,0.03289741,0.12542762,-0.01834934,0.01926287,-0.16181889,-0.15152435,0.04344903],
 [0.12281246,-0.17331032,-0.16072278,0.03595232,-0.07170514,0.07990590,0.01019992,-0.20562419,-0.12112977,-0.05476953,0.00930144,-0.09970116,-0.11680523,-0.12158397,0.14928006,0.05793281,-0.03322519,-0.11736065,-0.06858223,-0.03694626,0.06510812,-0.08222489,-0.14839786,0.05577503,-0.08861350,-0.01640112,-0.18162528,0.08920042,-0.19485356,-0.18210562,-0.09370532,-0.12898213,-0.04127476,-0.22095291,-0.20432901,0.09281410,-0.21263373],
 [-0.07050836,0.19525065,-0.06107514,-0.06088392,-0.07151067,0.01735140,-0.04348607,-0.06497843,0.05989456,0.00932768,-0.04908757,-0.04665559,0.17430298,-0.15963718,0.12222496,-0.07428811,0.06006717,0.14176248,0.07776658,0.11906539,0.10877023,0.25428799,-0.06501850,0.21530248,-0.16357341,-0.02048559,-0.13370618,-0.01372419,0.06736813,-0.14116059,-0.13594355,0.00102958,0.12872756,0.15768458,-0.07798909,-0.05129841,0.13461290],
 [-0.13421158,-0.09235819,0.04483988,-0.22141871,0.19835578,-0.10139187,-0.04447013,-0.06514098,-0.06944440,0.08319482,0.30234733,0.06606781,-0.09068147,0.17723405,0.03866550,0.15342185,-0.08796043,-0.17996848,-0.15371782,-0.04849353,-0.20996855,-0.00973894,-0.22468309,-0.15270214,0.19469693,0.04681117,0.29711449,-0.09037045,-0.07299659,-0.09842356,0.04651666,-0.14034963,-0.05391762,-0.09272943,0.12932654,-0.03668723,-0.09472252],
 [-0.01921193,-0.18785749,-0.07098718,-0.06204611,0.18277091,-0.06625879,-0.02091168,0.13786742,0.02219919,0.01763336,0.14049719,-0.00735048,-0.14257893,0.07648201,0.06488305,-0.07048906,0.02817967,-0.18109173,-0.06462511,-0.24545486,-0.08791938,-0.00030226,-0.08839537,0.01452678,0.12210696,-0.07549112,-0.00521460,-0.18462653,0.09752590,-0.18732738,0.01685118,-0.06694084,-0.14432491,-0.02681611,0.11756578,0.02469899,-0.01982334],
 [-0.09640354,-0.04993171,0.06793094,-0.12193697,-0.32301989,-0.05741986,-0.18332203,-0.09417317,0.03166206,-0.04199299,-0.09348720,-0.07342187,0.11812727,0.11336192,0.01558959,0.17068008,0.15252030,0.18639801,0.09210952,0.23150079,0.16157755,0.06169899,0.07219061,0.15518036,0.05978928,0.27718246,-0.07393842,0.05734682,-0.04396499,-0.06093781,0.18583563,0.09896679,0.17415471,-0.03228957,0.14051443,-0.10722181,0.03345127],
 [0.07683586,-0.10108772,-0.07810460,-0.17401148,0.14792156,0.01785226,0.02526173,-0.14569917,0.01828252,-0.08326694,0.21474698,0.13094093,-0.14215668,0.03037399,0.13602430,-0.11680733,-0.13767612,0.08269780,0.02701536,-0.02476399,-0.26554930,-0.11134239,-0.15079829,-0.10003766,0.00081898,0.11388800,0.24141355,-0.15727983,0.03360498,-0.21400881,-0.17439172,-0.01924823,-0.15602170,-0.02199410,0.06002312,0.02511447,-0.17222440],
 [-0.05988895,-0.15844128,-0.06033846,-0.15130550,0.02003309,-0.04334253,-0.23305874,-0.12921636,-0.14600407,-0.20900260,0.24291748,-0.05236597,-0.10780737,-0.03990604,-0.05765084,-0.03851727,-0.16580740,-0.23315178,-0.00712700,-0.07174644,-0.00984291,-0.17359424,0.01493315,-0.07290628,0.27596679,0.22787848,0.28442594,-0.09369496,0.12892827,0.06867059,-0.17187555,-0.01263002,0.02684165,0.14504682,-0.13334335,0.06945280,-0.04259323],
 [0.16275190,0.17957474,-0.12087626,-0.15212126,0.31733626,0.14864716,0.01976749,-0.06271009,0.08830765,0.09177382,0.01980827,0.19902156,0.08409050,0.19834648,0.10716203,0.09265491,-0.10239342,-0.16514003,0.17833802,-0.18331631,0.07366028,-0.05381620,0.09361687,-0.03587082,0.00024497,0.01187901,0.14965352,-0.06732318,0.13887616,-0.05830855,0.20336272,-0.08811141,-0.03587462,0.03892737,0.10396966,0.17421690,0.00262916],
 [-0.08163824,0.02765866,0.05888039,-0.23530273,0.07638922,-0.15665637,0.09446508,0.07715288,-0.07308262,-0.15696321,0.16752207,0.21169350,-0.17710830,0.16359270,0.13793442,-0.00928054,0.16063380,0.06546973,0.07320424,-0.13239008,0.07737715,-0.04894092,-0.06038171,-0.04578945,0.14239225,0.17470294,0.17696652,-0.20968989,0.04446840,0.15585276,0.14671871,-0.18041442,0.10904878,-0.04507582,-0.07419555,-0.10164562,0.11223611],
 [0.09571923,0.08108169,-0.18029085,-0.16385341,0.12193561,-0.05601425,0.05882608,-0.08536857,0.11646444,0.01858331,0.03885674,0.15044932,-0.16014445,0.10212842,0.02004715,-0.07140633,-0.02979982,-0.25328383,0.09538986,-0.17721029,-0.00754916,-0.01950785,-0.21953754,-0.09487568,-0.00293288,0.12735084,-0.00627895,-0.19128565,-0.08181952,-0.01926117,-0.09842059,-0.02740665,-0.08519907,-0.02756694,0.10854685,-0.21416332,-0.02860467],
 [-0.09344051,-0.18425502,-0.05903870,-0.00391347,-0.14711277,0.07582551,0.15932406,-0.15137611,-0.02660387,-0.09231548,-0.16060555,-0.13676129,0.15101542,0.01759569,0.03019617,-0.21695907,-0.05245816,-0.14810100,0.01204590,-0.00673739,-0.01913728,0.02604023,0.00905853,0.09692106,-0.14227511,-0.19241935,-0.16004147,-0.00863876,-0.12950721,0.03903594,-0.06933187,0.14151961,-0.00724098,0.03151333,0.09504212,0.09788523,-0.25644189],
 [-0.13560985,-0.24304946,-0.14044087,-0.15461197,-0.14539310,0.04457053,-0.21974024,-0.23052879,0.05326995,0.02340616,-0.21115512,-0.10596000,-0.20984580,0.04149603,-0.01364861,-0.17156349,-0.19469658,0.17209744,-0.04909891,-0.10389189,-0.11418743,0.06392586,0.03197541,0.13248909,-0.09226536,0.02540679,-0.33877796,-0.19922833,-0.06639317,-0.27598009,-0.06866124,-0.06564514,-0.18960665,-0.07987801,-0.05686305,-0.08863413,-0.10266043],
 [0.20802028,0.09716313,0.28020510,0.12903634,0.00967998,0.23009656,-0.11142293,0.04044436,0.26643160,0.09119500,0.02355846,0.15907338,0.33491519,0.03646255,0.07341462,0.08213619,-0.05480753,0.15942664,0.21360846,0.08136015,0.24064592,0.18275832,0.28805065,0.10930903,0.18578424,0.11882827,-0.14916535,0.04849420,0.17045660,0.32925937,0.28112021,0.21759667,0.09687949,0.08158000,0.13168168,0.18026280,0.22521119],
 [-0.05331840,-0.13923037,0.06501944,-0.18137637,0.24661794,0.02941939,0.13487187,-0.07543456,0.13823050,-0.11989591,0.06233652,-0.07975907,-0.03055983,-0.05041399,-0.16122843,0.14114542,0.03550926,-0.14496553,0.01680110,-0.17510663,0.05594163,-0.23765355,-0.15721153,-0.07176069,-0.00170534,0.20769885,0.20918296,-0.09768077,-0.03591915,0.09882425,0.10280754,-0.13759157,-0.24692945,-0.02861316,0.02103199,-0.00168927,-0.09906950],
 [-0.05782074,0.21116117,-0.02027872,0.09974607,0.01403415,0.08595668,0.17147975,0.00302083,-0.04684420,0.07798909,0.01230366,-0.04875232,-0.10148387,0.10877561,0.12965295,0.18589047,0.18000104,0.03057747,-0.07196489,0.10777825,-0.00668034,0.30096027,0.22404741,-0.01992098,-0.09631848,0.07505371,-0.08927765,0.21950525,0.08887085,0.12393944,0.16442943,0.09257430,0.16836756,0.12755977,-0.09656414,0.01494728,-0.04606488],
 [-0.09445142,-0.18974765,-0.19022670,-0.23698451,-0.24309094,-0.02118690,-0.08534718,-0.28634280,-0.00349809,-0.21220125,0.01538956,0.06415053,-0.05375973,-0.16244350,-0.11484411,-0.22786771,-0.22168441,-0.20023628,-0.00152807,-0.20111540,-0.24733286,-0.01037002,-0.23547855,0.04581657,-0.30817309,-0.16364770,-0.23593453,-0.07992269,-0.31111443,0.02698205,-0.06600633,-0.10008580,-0.24089065,-0.21625428,0.02050641,-0.19972672,-0.26389310],
 [0.00867204,0.01999795,0.12344485,-0.09161503,-0.06591829,0.11622491,0.10168876,0.09977520,0.21749726,-0.05871106,0.26701829,-0.01112761,0.23203337,0.10598703,0.03847935,0.04224430,-0.10993457,0.01246094,0.17223731,0.11260007,0.18375076,-0.03130145,0.19274580,0.22409090,0.20502162,0.11838082,0.06337987,-0.03987674,0.24275942,0.23182432,0.19704868,0.06897826,0.20980895,0.13865899,0.05902675,0.07250280,0.17665142],
 [0.08272781,0.09042686,0.16778357,0.14953560,-0.03984212,0.08253347,0.03359529,0.26595524,0.25778446,-0.00023009,-0.01205644,-0.08311044,-0.01114720,0.10283118,-0.01709308,0.15590332,-0.02338977,0.12568583,0.04078853,0.12523040,0.28210312,-0.00427543,0.24969600,0.11303677,0.24909015,0.30901194,0.18678382,0.26864776,0.10234266,0.27404699,0.04173934,0.02054590,0.01910295,0.01573736,0.13888016,0.29433468,0.16379511],
 [0.10202446,0.12615009,-0.01806247,-0.13666745,0.25369185,-0.17293847,-0.11004356,0.03003001,-0.06894868,-0.11280706,-0.01603175,-0.09558971,-0.02460474,0.15723395,0.00405592,-0.08061527,0.09206320,-0.17458256,-0.00621955,-0.17622446,-0.01631968,-0.19340710,-0.11900140,-0.16934776,0.05935852,-0.01568724,0.22198938,-0.14873600,-0.00116072,0.09680986,-0.12589128,-0.02380303,-0.13070714,0.19235288,0.11903124,-0.14883721,0.13304655],
 [0.07357842,-0.13011929,-0.16059022,-0.05420417,0.21035609,0.04854024,0.10328988,0.07527296,0.03144307,0.04047934,0.21440457,-0.10661273,0.04312981,0.11707868,-0.09462650,0.08598433,-0.10527237,-0.02092374,-0.12183139,-0.13001786,-0.22695415,-0.18601111,-0.17880413,-0.22928864,-0.03285000,-0.12947276,0.22743136,-0.04071449,-0.02373601,0.03386246,-0.11779186,-0.20367117,-0.11840484,-0.14627145,-0.04067995,0.01211099,0.01948175],
 [-0.03852707,0.01903186,0.11192869,-0.00720539,-0.04627242,0.08457348,-0.02126263,0.02418164,-0.01313922,0.01055157,-0.14296782,-0.03965930,0.00590862,-0.03820282,0.10244314,-0.03598963,-0.01129160,0.17729306,-0.05150834,0.24928656,0.20783427,0.17137784,0.19955185,0.10836056,0.00731086,-0.15225954,-0.04573051,0.17888924,-0.13175656,0.12165363,0.14251983,0.17025916,-0.05017762,-0.16549461,0.16976497,0.18337357,0.06034716],
 [0.14428660,-0.05396040,0.25154871,0.21012594,-0.30884469,0.02470262,-0.05620636,0.04913357,0.17082314,0.21392109,-0.06612033,0.12415057,0.11431852,0.04751889,0.11973317,0.14766969,0.14552189,0.07692083,0.11114526,-0.06711488,-0.00148065,0.20420639,0.17108607,0.24419028,-0.03626312,0.13493407,-0.20488539,0.07277042,0.16167660,0.10112154,0.23268877,0.27406994,0.07907795,-0.09397577,0.19984198,-0.10096756,0.00127408],
 [-0.01808349,0.24006292,0.16635175,-0.06662986,-0.06987232,0.15433724,0.15629867,0.05656882,0.15945625,0.01855091,0.07812949,-0.17437974,-0.16845097,-0.16657178,-0.00464365,0.10872219,0.04674084,0.27499777,0.12537642,0.17120612,0.20075476,0.06183903,0.06644697,0.05308399,0.10969980,-0.14381231,-0.20547932,0.13832465,0.00372662,0.07346806,0.15647277,0.13726257,0.18694669,-0.12456413,0.23554218,-0.09143022,-0.04883143],
 [-0.04054828,-0.20153481,-0.06730991,-0.17452149,0.08501788,-0.10811463,-0.08066139,-0.00354228,-0.05817125,0.08289632,0.14582387,0.07107788,-0.20243151,-0.07617906,0.09475604,-0.08897508,0.14287280,-0.19293803,-0.16833742,-0.02937203,-0.25672096,-0.02020366,-0.16674191,-0.23611175,0.04324482,0.09069335,-0.04501202,0.00992716,0.00793659,-0.15742630,-0.14053032,-0.13782077,-0.20245542,-0.04309725,0.06587657,0.08800902,0.08977491],
 [0.14668365,-0.09091499,0.21266098,0.20148580,-0.03832651,0.06824375,0.17151718,0.13240497,-0.02205670,0.00567520,-0.25201967,0.04452731,0.10091356,-0.05463492,0.01673062,-0.02665209,0.10467043,0.25375578,-0.06145874,0.02093926,0.23965088,0.20090039,0.07445646,0.01169259,0.00730483,-0.05971065,0.02461378,0.25668967,-0.05868634,-0.05773919,-0.06800383,0.01234451,0.02148953,-0.05418322,0.01749042,0.13510667,-0.13396929],
 [-0.15343146,-0.13911599,-0.01148738,-0.17420596,0.12185134,-0.03809926,0.07608677,-0.04737046,0.09085618,-0.02840334,0.16516209,0.08814692,-0.06601334,-0.07593440,-0.20262586,-0.05866935,0.13453206,-0.03642360,-0.06430870,-0.07301839,-0.00137251,-0.28609020,-0.12170208,-0.24116579,0.23417652,0.06427936,-0.01754776,0.05353514,0.19525172,-0.09574635,0.07096253,0.03795981,-0.18630357,-0.02162089,0.05346474,0.11595705,0.16742738],
 [0.04500228,-0.27491707,-0.29246140,0.04056853,-0.04477614,-0.14073367,-0.05813328,-0.28015965,-0.03591135,0.04260704,0.10001024,-0.12471222,0.18448512,0.04453572,0.04677423,-0.02853224,-0.04689844,-0.21273792,-0.29650417,-0.25913295,-0.02551508,-0.19089337,-0.27127787,-0.26662713,-0.23120575,-0.13179906,-0.10311005,-0.19651499,-0.24533920,-0.18062319,-0.07206815,-0.25814810,-0.05283152,-0.30656698,-0.25382173,-0.01700330,-0.22725274]]

layer1.dendrite.bias
[-0.07072902,0.20661005,-0.07644755,0.14355135,0.19335669,0.10886049,-0.22465725,-0.10375538,-0.01548212,-0.13101205,0.26495022,-0.01356382,0.05082528,0.12726927,0.07252050,-0.03145264,-0.22440132,0.11754459,-0.26295432,-0.16250977,0.03806743,-0.00319715,-0.17036845,0.06961185,0.06960358,0.10643027,-0.14042410,0.15047155,-0.02568058,-0.06565429,0.13596363,-0.09359903,0.08409871,0.14455645,0.06935769,0.11475136,-0.05998040,0.05653030,-0.15590858,-0.16150397]

layer1.synapse.weight
[[-0.10477516,-0.02445635,-0.18138584,-0.07761388,0.05006900,-0.02577225,-0.12289675,-0.11583678,-0.08887579,0.06512182,0.14001165,0.17471033,-0.02025959,-0.01934157,0.00843046,-0.15793163,0.11239520,-0.18178226,0.05524483,-0.05334642,-0.04775181,-0.16474217,0.00067609,-0.01051900,0.07370497,0.05135868,0.05028369,-0.03232244,-0.04175306,-0.14646488,-0.17802881,-0.12171877,-0.11662982,0.05020039,-0.06812492,0.01760842,-0.18064772],
 [0.11428046,0.20000854,-0.00435274,-0.02658839,0.07679729,0.16221403,0.23857859,0.16021225,0.26881710,0.01283524,0.13177353,-0.00133339,-0.04561447,0.11030426,-0.00282093,-0.00625319,0.08980080,0.19330515,0.01748223,0.05455922,0.14632936,0.20717748,0.02308297,0.19997311,-0.00324347,0.08595115,0.06351633,0.16504321,0.33463207,0.05354690,0.05404169,0.12192627,0.28798065,0.12896189,0.22155559,0.14105780,0.26234296],
 [-0.01338178,-0.12696299,0.13612679,0.04201908,-0.08928091,0.18085110,0.10446011,0.03197138,0.13403125,-0.01299860,-0.00409988,0.01019905,-0.01606127,0.04580614,-0.05684411,0.05244117,0.02000153,0.17072237,-0.02771996,-0.08997523,-0.10436337,0.10529801,0.12856507,0.17035381,0.12867555,0.12997656,-0.10193586,0.05585786,0.00608325,-0.01326942,-0.00242074,-0.07699971,0.17616926,0.26177764,-0.18193521,0.13503197,0.03240399],
 [-0.25715297,-0.14376189,-0.17100143,0.12019029,0.02975487,-0.05194925,-0.15589359,-0.06804605,-0.24249987,-0.15667234,-0.11312756,0.06451486,-0.07924313,0.06898303,0.03672031,-0.12450308,-0.18186179,0.12860224,-0.17787565,-0.09161577,0.01449796,-0.06635839,0.01300670,0.11687133,-0.28553602,-0.02995948,-0.25798076,0.09196904,0.02515747,-0.04598487,-0.01835032,0.12617090,0.08261654,-0.09626595,-0.04692555,-0.14632119,-0.06105259],
 [-0.11127261,-0.20834301,0.03742160,0.17350397,-0.28672680,-0.07225084,0.08999864,0.05483535,0.09255385,0.16660415,-0.16863956,-0.03601046,0.23031452,-0.16946933,0.12875277,0.08407912,0.11977611,-0.10310011,0.06908330,0.12448445,0.05077970,0.20930634,-0.11810181,-0.08703345,-0.08484381,0.07255994,-0.08898240,0.10873679,-0.22191460,-0.18900447,-0.03372125,-0.03860703,0.13923304,-0.20352915,0.03129436,0.05438591,-0.05398171],
 [0.08628429,0.17768228,0.19098647,-0.03532939,-0.10809223,0.12586851,0.05165993,0.05201825,0.05750306,0.12115229,-0.17131583,0.01167332,0.12376963,0.10005907,0.02716406,0.14683473,-0.04408127,0.04723084,0.11699580,0.26991659,0.16009971,0.00777501,0.08015564,0.19789661,-0.20108300,-0.06698699,-0.05364330,0.10453899,-0.00445290,0.13867567,-0.06507201,0.11324544,-0.04836489,0.22434470,-0.05983283,-0.11044578,0.05415711],
 [-0.01614408,-0.09239503,0.10419263,0.11494086,-0.21311717,0.16014232,-0.02654260,-0.05613060,-0.12338435,0.04532034,-0.26466060,-0.04611069,-0.13631137,0.00496591,0.20977414,-0.15110789,0.03510999,0.04754250,0.15433663,-0.03481726,0.21296079,0.30171058,0.24859725,0.22187895,-0.12500398,0.08327480,0.02864654,0.20677990,0.13398600,-0.01129633,0.16704705,0.24792002,0.00232474,0.14221080,0.03543376,0.01788976,-0.15574887],
 [-0.00589543,0.22196364,0.02721112,0.15853223,-0.06214803,0.06747227,-0.01866056,-0.04714239,-0.18222407,-0.06514391,0.03397606,-0.14931038,0.03135834,-0.06884819,0.16183124,-0.07738888,-0.05957597,0.03946379,-0.05731674,-0.00160188,0.01771833,0.12715080,-0.09903865,-0.00029252,-0.19066736,-0.21450371,-0.08668026,0.16262382,-0.08183355,-0.02564601,0.11518472,0.10887598,0.17250985,-0.01103579,0.14010958,-0.07943726,0.04768232],
 [-0.18506736,-0.08201623,-0.19707789,-0.12264260,0.02804075,-0.17405786,0.11551024,0.05474205,-0.00613063,-0.14493336,0.11503496,0.07501213,0.10910698,-0.08558730,0.07355302,0.10606493,0.10587793,-0.13953003,0.11104266,-0.03774661,-0.03063589,-0.00388419,-0.19472945,-0.23266356,0.06653424,0.00385440,-0.02233839,-0.13022313,0.19834858,-0.05233204,-0.16414723,-0.00295205,-0.02890246,-0.10565127,-0.12534730,0.02668032,0.04594217],
 [-0.00729848,-0.01167064,0.12593952,0.21427202,-0.26187503,0.16901892,-0.04042497,-0.11963992,0.18564811,0.20025134,0.04119977,-0.04262890,-0.10058558,0.01379872,0.05351492,-0.20243162,0.10865892,0.01361687,0.20591313,0.23239461,-0.05994478,0.05760808,-0.01419387,0.03597058,-0.16922738,0.05466464,-0.21109571,0.07208376,0.08747374,0.08982701,0.07192643,0.02969890,0.03069178,0.06966060,-0.12640662,0.13542634,-0.00983163],
 [-0.11472820,0.05315566,-0.03336248,0.00465919,0.27587330,-0.06368404,0.18467259,-0.08778415,0.09080719,-0.14631489,0.12838620,0.01195711,0.06325211,0.08753498,0.19046307,0.15809137,0.00480965,-0.06637751,0.11201633,0.04490956,-0.08553977,-0.09596918,0.07419824,-0.17645562,0.03723657,0.06182534,0.06096989,-0.12522526,0.02782424,-0.01224530,-0.05215058,0.03097954,0.02380868,0.13074043,-0.10703318,-0.10248782,-0.08074754],
 [-0.04788924,-0.12793882,-0.21323004,-0.16481957,0.31323433,-0.04069659,0.05290810,-0.16200273,-0.01705183,-0.10702249,0.23145854,-0.07650041,0.16306062,0.07285987,-0.05845601,-0.06773309,-0.14874938,0.01601187,-0.16692755,-0.02233802,-0.12246039,-0.18577801,-0.00692065,-0.18398346,0.10476135,-0.05178758,0.17043324,0.02264616,-0.02401643,-0.15767455,-0.14352335,-0.22054408,-0.10144527,-0.19747503,-0.07203814,-0.14813243,0.09908454],
 [0.12953733,0.19945605,0.15474372,0.16409993,0.14932662,0.01884244,0.00476135,0.16549575,0.11784124,0.02153010,0.00957204,0.08015684,0.19732630,0.19181442,-0.04929341,0.17271976,-0.04709587,0.25808728,0.12472249,0.16925758,0.18874013,0.04181039,0.07304326,-0.02521611,0.04780709,-0.03487864,0.12956001,0.04054670,0.27582926,0.11146268,0.17174278,0.07049999,0.18009034,0.04820189,0.12736812,0.24903823,-0.05354045],
 [0.13177192,0.13724531,0.20966506,0.14633803,0.14584456,0.23492375,-0.00838231,0.09680872,0.23183306,-0.07113851,-0.01590590,0.20194484,0.20847842,-0.10564467,-0.02784459,0.08053081,-0.04692577,-0.01368767,0.01086655,0.04991080,0.07184685,0.01748532,-0.05189326,-0.02016302,-0.10235610,0.17544061,0.04680136,0.10725530,-0.00963067,0.28116560,0.23408939,0.11919831,0.23154405,0.21205208,0.20769066,0.15484171,0.26211423],
 [0.18497249,0.18866110,0.22195883,-0.00941732,-0.28045148,-0.04573837,-0.02330766,-0.08759852,0.14264494,-0.09355029,-0.14166768,-0.15074414,0.03601595,-0.11918938,0.01669364,-0.10535038,0.11142444,-0.02075226,-0.13775007,0.19555260,0.06181664,0.28311458,-0.06897964,0.06944370,-0.13929066,-0.02132675,-0.03906889,-0.03734045,0.07683790,-0.09811104,0.11824349,0.10128041,0.11296908,-0.23543227,-0.02591040,-0.04400906,-0.08955129],
 [0.18593298,-0.16139513,-0.00608024,0.19782983,-0.24776185,0.15815575,0.03875672,-0.10671791,-0.17100078,0.10977630,-0.01392590,0.03494873,0.00656151,0.05123499,0.13326581,0.08251917,0.03417034,-0.06189801,0.11595684,-0.08403397,0.16386010,0.26626247,-0.04199797,0.18816987,-0.09227776,0.05903004,-0.14541247,-0.09242724,-0.05770728,0.12342173,0.16172108,0.25754339,0.12181246,-0.14042303,-0.16233294,0.04749909,-0.19139381],
 [-0.05682431,0.09437871,0.12541485,0.20083715,-0.01603331,-0.00426691,-0.13662761,-0.04628278,-0.05797644,-0.05992762,-0.14952727,-0.00677436,-0.01924658,-0.12356950,-0.13069189,-0.02961518,0.04441907,0.04142346,-0.12002832,0.14435335,-0.11076963,0.23696139,-0.11721380,-0.06370927,-0.04377196,-0.01097060,-0.23259167,0.02052676,-0.00375350,-0.16229920,-0.15751734,0.19461019,0.18505529,-0.02227714,0.11171134,-0.00165131,-0.15537681],
 [0.03795215,0.15928511,0.05758825,-0.16960314,0.06119645,0.02311900,-0.00441830,0.04905417,0.13776866,0.06777848,0.11950967,-0.06589537,-0.02500858,0.18277106,0.20114623,-0.07024252,0.08856886,-0.21893770,0.07030644,-0.05356511,0.14636075,0.02976786,-0.14788365,-0.21411897,0.07437252,0.19016755,0.30493110,-0.17455228,0.03553956,0.16225038,-0.12221087,-0.04580291,-0.11318776,-0.02962884,-0.04144695,-0.06926976,-0.06268308],
 [-0.11995538,-0.09270532,-0.01100044,-0.20899530,0.24214369,-0.04819565,-0.07933464,0.13157402,-0.04530576,-0.11321528,0.09807125,0.19063285,-0.18176001,-0.07254228,-0.09621747,0.09645590,-0.13091449,-0.20867836,-0.03658367,-0.13449636,0.01381915,-0.29688597,-0.22673662,0.00293069,0.12308297,0.02257663,0.22496781,0.00612119,-0.08501188,0.11607602,0.09070677,-0.18403527,0.07206568,0.13944614,0.06106906,-0.17550893,0.08598775],
 [0.01986640,0.15255120,0.09510779,-0.20692325,0.22879335,0.00135918,0.05224641,-0.09321011,0.00628892,-0.03418615,-0.01248239,-0.12160324,0.06218781,0.21095538,0.10647159,-0.01753747,-0.12330159,0.09524863,0.01272039,-0.21411777,-0.07528093,0.02227494,-0.13752258,-0.12610155,-0.09371411,-0.15795405,0.16357635,-0.01022819,-0.07223761,0.11217583,-0.05449370,-0.23731264,-0.05771438,0.11769165,-0.00618153,0.14990970,-0.07990375],
 [-0.03812628,-0.14225900,0.00446909,-0.20595454,-0.08551252,0.11700768,0.10553496,-0.19189550,-0.21929820,-0.08763818,0.03856660,-0.12391730,-0.18865450,-0.07909761,0.02169913,-0.22058371,0.07905681,-0.11567157,-0.04779422,-0.09290090,-0.03077942,0.01154143,-0.25017187,0.00454119,-0.07388449,-0.27971193,-0.19301136,-0.23581700,-0.10784663,-0.00952547,-0.14631428,-0.14319633,-0.25544491,-0.18261269,-0.09601916,-0.24569364,-0.20429438],
 [0.05458060,0.17205636,-0.04151399,0.03977855,-0.37065369,0.15952475,0.05966567,0.03775484,0.19973464,0.22595263,-0.15586478,0.06267978,-0.04540021,-0.11209966,0.00908920,0.00636834,0.06384917,0.11558729,0.21786439,0.24733946,0.04395086,0.12099077,-0.05862144,0.17175274,0.14222699,-0.11294127,0.04286676,-0.02735715,0.11211485,0.12140716,0.04205421,0.10152114,-0.05249613,-0.07660320,-0.00331295,0.07076672,0.02806589],
 [-0.05464022,0.12890884,0.02172338,0.14569083,-0.26798493,0.03667302,0.01628375,-0.16006109,-0.05137044,-0.00053826,-0.03294534,0.14856948,-0.11090117,-0.05760124,-0.16549462,-0.05880866,-0.02883651,-0.01172634,0.09008085,-0.01258667,0.06981111,0.25562903,-0.08018724,0.17124787,-0.21192722,-0.17807463,0.00423150,0.04143634,0.09708418,-0.10086815,0.06884359,0.07854732,0.05863589,0.01405180,0.06852955,0.03405852,-0.03741468],
 [0.10073260,-0.10465692,-0.03253051,-0.05851253,0.04720741,-0.19993402,-0.24242006,-0.01917549,-0.06073667,-0.17206040,-0.08537724,-0.19230890,0.12221842,-0.04179141,-0.22332349,-0.11760952,0.06418214,0.03436045,-0.10033591,-0.20315029,-0.18434809,-0.17366239,-0.21518548,-0.09656981,-0.03729792,-0.11339930,-0.24441221,-0.22483982,-0.22738722,-0.16010799,-0.11924423,-0.23670667,-0.15430836,-0.11259064,0.06702857,-0.20048234,-0.02082333],
 [-0.14739907,-0.21372271,-0.07842891,0.08337536,-0.11732981,0.00451349,0.14024933,-0.15759717,-0.05299856,-0.09094011,-0.08058085,-0.20112704,-0.02042220,0.07440108,0.01731703,-0.09324351,-0.03425301,-0.13188177,-0.25849187,-0.23696032,0.01285072,-0.01805041,-0.01924348,-0.13928990,-0.16315027,-0.16956340,-0.34385431,0.02753518,-0.23371270,-0.30825347,-0.26802996,-0.18191966,-0.03147013,-0.19015457,-0.10527112,0.00929890,-0.30754429],
 [0.00183988,0.07725152,0.14170083,0.07899987,-0.12446600,-0.05236790,0.13128974,-0.21373780,0.00127666,0.18911389,-0.05633329,0.05517033,-0.13544220,-0.16008160,0.12030072,-0.11107644,-0.04926181,0.17483185,0.02574864,0.15928769,0.07097062,0.26895079,-0.13617869,0.16833656,0.02981337,-0.01939116,-0.19230485,-0.10692257,-0.02036119,-0.08377929,-0.04890021,0.14847811,-0.12445787,-0.20645969,-0.12689362,-0.16763477,-0.23486125],
 [0.12126730,-0.04890636,-0.21731880,0.09593037,0.27727178,0.06068841,-0.04633265,-0.07636750,0.02732353,-0.18431072,0.28413445,-0.06307167,0.04553771,0.16943823,-0.19307329,0.00804561,-0.17905922,-0.08529508,0.01289111,-0.17996623,-0.17923599,-0.24213503,0.08915009,-0.09420084,-0.00987775,-0.02817597,0.18108287,-0.19407561,0.06040181,0.08515943,0.12764148,-0.10186914,-0.16480705,0.14199433,0.10380425,-0.09052304,0.05035644],
 [0.01279769,-0.19126548,-0.13642877,-0.06842396,0.13209966,-0.10621755,-0.05067364,-0.01283048,0.05916775,0.03577426,-0.02402709,0.06822997,0.02894257,0.15346216,-0.24853075,-0.01434792,-0.01315643,-0.04378753,-0.10314378,-0.23597406,-0.17624924,-0.20088857,0.02833401,0.03678947,0.05884391,-0.04574719,0.17762826,-0.11570639,-0.04927822,-0.14842223,-0.01236118,-0.03495993,-0.17163694,0.14226820,-0.02290688,0.03754177,0.02800053],
 [-0.16751683,-0.18161140,-0.15729015,0.08949413,-0.14062235,-0.00216665,0.04151569,-0.14127758,-0.17293949,-0.13831347,-0.03651250,0.08183117,0.02369917,-0.13952589,0.03173290,-0.11728687,0.00579985,-0.05945853,-0.15129672,-0.06295790,0.05115135,0.18316159,0.07767535,-0.05946209,-0.17465694,-0.14298965,-0.05482100,-0.04238937,0.02282567,-0.19381638,0.02410017,0.12037136,-0.08696457,0.02525568,-0.04286490,0.00688531,-0.10002496],
 [-0.13280815,-0.15516420,-0.16811997,0.02121052,-0.04531936,0.02984232,0.15296136,-0.08697096,-0.02835899,0.15954067,-0.19132096,-0.03527990,0.00555557,-0.19051628,0.06370164,0.03397422,0.00613739,-0.07469624,-0.06336308,0.06299028,-0.15017270,0.04183446,0.04442921,0.14909577,-0.00826998,0.00938824,-0.10380542,-0.01939786,-0.04113781,-0.24918285,-0.22606574,0.04559749,0.03603834,-0.16445093,0.03695593,0.03784412,-0.05878636],
 [-0.00710191,-0.20946865,-0.23159783,0.04365600,-0.03477707,0.00867162,-0.06558041,-0.18202639,-0.11265294,-0.14207120,0.02565094,-0.00146028,-0.09751033,-0.12900072,-0.04503926,-0.21392301,0.06596193,-0.26874834,0.00140288,-0.12148116,-0.24160878,-0.18490413,-0.23247413,-0.13214959,-0.28738746,-0.27189222,-0.24730596,-0.28294027,0.00931500,-0.17590277,-0.01893976,-0.26302174,-0.05801271,-0.20000391,-0.21278250,-0.27394930,-0.22576994],
 [-0.15324225,-0.03573908,-0.08899359,-0.17876394,0.05867431,0.04182811,-0.12979516,0.05419260,-0.08407647,0.04093456,0.20780255,-0.06373889,-0.10199974,-0.04477871,0.09900462,-0.09213118,0.12811828,-0.20403127,-0.11988813,-0.01396165,-0.15237361,-0.13318910,-0.04860085,-0.04551016,0.08058869,0.20269924,0.04959067,0.04715931,-0.01744265,0.02516340,-0.06169076,-0.28073901,0.00793280,-0.12833869,-0.12337206,-0.10527383,-0.10219859],
 [-0.12268008,0.07999299,-0.15684141,-0.12820187,0.19306278,-0.04096794,0.00294901,0.15814520,0.00024835,-0.11740633,0.16132931,-0.04473542,-0.15714452,0.17530912,-0.18271114,-0.03987554,-0.03388375,-0.25488204,-0.11282308,-0.14060745,-0.08786768,0.00031842,-0.15312533,0.03372280,0.22974558,0.08972964,0.22512431,-0.04355778,0.03104256,-0.04087761,-0.09149016,-0.05228562,-0.11527529,0.03865241,0.06741790,-0.20659687,-0.11413632],
 [0.01269341,-0.10492994,-0.01633210,0.01363935,0.27712485,0.07823926,0.08054950,0.13584210,-0.08316297,-0.06184495,0.09619998,0.09630070,-0.09987963,0.15041596,0.02642055,0.03512670,0.00495501,-0.20338638,-0.14602077,0.01936907,0.07114670,-0.25620216,0.07816289,-0.08844060,0.04174117,-0.02271218,0.19880642,-0.15798654,0.02001143,-0.04390749,0.10834437,-0.26332036,-0.17942786,0.16513222,0.20024513,-0.09431065,-0.06854092],
 [0.04436156,0.12245355,0.06363502,0.18834361,-0.17644016,0.08788452,-0.07246117,-0.02513335,-0.07068106,0.01102128,-0.23384619,-0.12909402,0.02945815,0.05022898,-0.06817938,-0.11451949,0.08479834,0.15836705,0.17757377,-0.02345007,0.24491984,0.01526148,0.07957037,0.21792492,0.10187510,-0.07348397,-0.08352950,0.09383976,-0.13968506,0.10799170,0.00793883,0.27844489,0.19331691,0.07212421,-0.10783721,0.01948377,-0.05641469],
 [-0.15240660,0.02483010,-0.06166722,0.17148192,-0.18231151,-0.01755493,-0.04030791,0.04322971,0.02689231,0.02949332,0.02661596,-0.11315693,-0.01512014,-0.13242510,0.10189221,0.09488294,-0.11588492,-0.00568885,-0.11368536,0.07014805,0.03299133,0.28433469,0.11082146,0.08607514,-0.03997045,-0.11059071,-0.14577113,0.17038058,-0.02470397,0.05039496,-0.01660184,0.00515444,0.22857904,0.02171415,0.20739016,0.12500121,0.00620662],
 [0.02809193,0.09617531,0.15737836,-0.03200589,-0.16939534,0.06822236,-0.08651391,-0.01051654,-0.12106749,0.13417998,-0.03073943,-0.08240296,0.00448619,0.17796013,0.13214402,-0.02654534,0.07282899,0.15691206,0.10303030,-0.00256715,-0.04285760,0.11721710,0.21899457,0.14045605,-0.00950450,0.05225258,-0.02369232,0.04460351,0.07299057,0.04419856,0.18684566,-0.03439024,0.17926559,0.15169458,0.16984437,0.03789385,0.19553792],
 [-0.14682187,-0.11020245,-0.04494245,-0.16325653,0.15045883,0.09572875,-0.03171698,0.17998371,-0.10273694,0.03649169,0.18281545,-0.04297011,0.01099606,0.10730264,0.14438480,-0.14346105,-0.09846946,0.07318208,-0.00208716,0.06907099,-0.12938596,-0.23249348,-0.09322476,-0.17467204,0.17925140,0.06282158,0.28939804,-0.20923603,0.14074002,0.13165089,0.08373829,-0.04350461,-0.09323116,0.08121711,0.07238884,0.12504062,-0.17835325],
 [-0.07155748,-0.13577731,-0.10236233,-0.14659570,0.27719533,-0.16153838,0.04646314,-0.07137102,-0.10743724,-0.07633240,0.05614965,-0.11647955,-0.00610813,0.05743289,-0.20615551,0.01306089,-0.11500821,-0.02436767,-0.07563934,-0.11548544,-0.07272457,-0.28588712,-0.23626420,0.00268206,-0.07038134,0.11725909,0.26433110,-0.21773189,-0.08674844,0.02864567,-0.07619867,-0.11654194,0.02550493,-0.12853090,-0.09913281,-0.14916140,0.07221991],
 [0.18463138,0.19852033,0.27287859,-0.01908871,0.15314515,0.06332882,0.19405869,0.09547562,-0.00880392,0.12102153,0.00527040,0.12964058,-0.15887912,-0.06100432,0.17100675,0.07471053,0.24836636,0.05729446,0.18940419,0.29191166,0.32398286,0.25102675,0.01420848,0.20373610,0.09852204,0.09759632,0.13828209,0.01409998,0.26582730,0.23448716,0.09130531,0.01458113,0.12431017,-0.02033863,0.07764091,0.06412250,0.18168083]]

layer1.synapse.bias
[-0.07085571,0.04905542,0.01835552,-0.02730697,-0.06760564,0.24336259,0.22152179,0.06037331,-0.15701877,0.19016148,-0.09257045,-0.15056616,0.09987368,0.02692356,0.22472064,0.11426172,0.07487454,-0.04266277,-0.21491604,-0.16783568,-0.22239549,0.22241668,0.21955773,0.05888731,-0.16488235,-0.07578611,-0.21986189,-0.18982829,-0.07425821,-0.16731171,-0.04881559,-0.22047898,-0.16483219,-0.17039011,-0.04632408,0.18764219,0.10982885,-0.17409372,-0.08452330,0.31760967]

layer2.dendrite.weight
[[-0.17619829,0.17243199,-0.15905288,0.19844073,0.07767435,0.13714789,-0.11099251,-0.19190794,-0.00754891,-0.19978116,0.02708635,-0.02843711,0.04518933,0.18284363,0.20266736,0.01667912,-0.01279771,-0.15752697,0.07450711,0.08001543,0.18887860,-0.14150144,-0.07994426,-0.12792324,-0.25154439,0.17424190,0.01936087,-0.06239288,-0.15835328,0.17158780,0.05274887,0.11578944,0.10487630,0.01273781,0.13326502,-0.05795472,0.09108222,-0.07965449,0.18539223,0.00117863],
 [0.17038347,0.08859934,-0.08019680,-0.07497629,-0.24208826,-0.02685940,-0.07949628,0.21956898,-0.11711045,0.16216363,0.09829023,-0.19957513,-0.06756072,-0.16629237,0.01557059,0.01313666,0.02500380,0.24612699,-0.17437547,0.05184878,-0.03944346,0.05871027,0.03485538,0.13791372,0.25604284,-0.24453108,-0.21454649,-0.01185278,0.14125894,-0.20323063,-0.08760163,-0.02997449,0.02695654,0.03426192,0.09011025,-0.01121970,-0.02351449,0.00606693,0.08942955,-0.12233773],
 [-0.01263546,-0.08878902,-0.04446176,0.19248857,-0.02700284,0.12431118,-0.01625921,-0.12467644,0.20013914,-0.02729153,-0.18761839,0.04453233,0.09967687,0.19554023,0.11301193,-0.21536237,-0.14607330,-0.19543810,0.09501937,0.13595937,0.10913021,-0.18847255,-0.22883396,-0.02947340,-0.13141559,0.17716724,-0.01733248,-0.07841698,-0.08658680,0.00112530,0.02717697,0.19415340,0.17950222,-0.19727415,0.22044779,0.10465833,-0.05174927,-0.07307188,0.00340034,-0.04139787],
 [-0.07211800,-0.08122514,0.07403363,0.03053647,-0.02156594,-0.26766896,0.24088371,0.10342968,-0.18351349,0.04538153,-0.03111055,-0.25625402,0.15077372,0.07880564,-0.11031326,0.11637098,-0.04205780,-0.15679705,-0.26193523,-0.11406004,0.08574302,0.10484589,0.06515279,0.09284273,-0.28239897,0.00470034,-0.18761411,0.23455589,-0.27343327,0.04910521,0.22683735,0.00092054,-0.09376939,0.04771214,-0.08012141,-0.23050290,0.20928423,0.22763239,-0.16760173,0.26284677],
 [-0.21628146,0.14305973,-0.14692892,-0.06313852,0.14043912,0.14047147,-0.22070239,-0.22930001,-0.06412350,-0.23867139,-0.21896134,0.24108855,0.11635043,0.11909530,0.17661203,-0.13318890,-0.20808461,-0.13785243,0.19831154,0.14133306,0.24959607,0.02216959,-0.18885256,0.12082169,0.06790783,0.21298404,0.27323183,-0.11188702,-0.05196237,0.07352000,-0.12460284,-0.01850378,0.19877952,-0.15808947,0.11906893,0.20137711,0.08710387,-0.18642172,0.25290680,-0.21505819],
 [0.05360641,-0.17146558,0.07812630,0.04375537,0.21766123,-0.03686191,-0.10815762,-0.09751681,-0.00038322,0.10825163,0.11125812,0.02380750,0.27396879,0.02026184,0.01540937,-0.08845134,0.04323414,-0.26978329,-0.10910878,0.04953146,0.17773837,-0.00158523,0.04601447,-0.12234520,-0.27261394,0.06835172,0.19571519,-0.12698022,-0.26712045,0.14225286,-0.00464822,-0.09803002,0.02389518,-0.18241315,0.05810304,0.08692680,-0.05115209,-0.02424025,0.10149758,-0.15611705],
 [0.11713871,-0.08582607,0.16161083,-0.18490724,-0.07296136,-0.20923859,0.26732320,0.10710295,-0.21322930,0.10232621,0.04737963,-0.08027972,0.04872506,-0.04083874,-0.18237239,0.19156492,0.08487196,0.07696591,-0.07771499,0.07478569,-0.19605885,0.16284142,0.09023923,0.15666996,0.22032681,-0.23442554,-0.17941730,0.23130482,0.13178144,-0.06410850,-0.00491453,-0.15527913,-0.15697846,0.10355854,0.02632982,-0.14345147,0.02761763,0.15892556,-0.06600723,-0.01072962],
 [0.00503776,0.18991581,-0.09042726,0.16353811,0.15614453,0.16170128,-0.25529090,-0.23085216,0.23321135,-0.09351090,-0.02526778,0.23965728,0.13849057,-0.05812823,0.01079752,-0.16127083,-0.10004582,-0.11598567,-0.01156665,0.19485614,-0.11344477,0.02849610,-0.10766277,0.05987876,-0.02433620,0.13873933,0.14068152,-0.09811551,0.09440871,0.18227592,-0.04874525,0.16942084,0.20640771,-0.17255099,0.18631397,-0.01153686,-0.14241797,-0.11617725,0.03297649,-0.22145899],
 [-0.15339017,0.14611529,0.05750598,-0.18499692,0.00040996,0.13098171,-0.02763215,-0.02102654,-0.04168394,0.00515817,-0.10444792,-0.05921130,0.01648425,-0.14856814,-0.01712020,0.08005093,0.00465759,-0.10796124,0.18707664,0.14771013,0.00056881,-0.10096312,-0.11857147,0.18357874,0.18848513,-0.11642605,-0.04197047,-0.11588710,0.02682293,-0.05766512,-0.11577007,0.08339200,-0.11522303,-0.08283008,0.07403397,0.12532040,-0.11866115,0.01270816,0.04866080,-0.24381454],
 [-0.02536298,-0.11026201,0.02938740,0.17343299,0.14703596,-0.00898124,-0.22468877,-0.08564028,0.09176575,-0.04411374,0.07788109,0.20588246,0.08778679,0.07798095,0.18606199,-0.20629241,-0.16185337,0.01996779,0.01102227,0.10548484,0.23068191,-0.06575748,-0.10756446,-0.09056356,0.02067960,0.14377278,0.22328040,-0.05398414,-0.12247718,0.22359924,0.14636484,0.02885947,-0.01154329,-0.15105824,-0.08106351,0.09588481,-0.07588024,0.04793237,-0.08254752,0.05799996],
 [0.14278175,0.12600347,0.16163777,0.00948159,-0.18624312,-0.00175799,0.12362513,0.12952192,0.12430059,-0.12234997,0.14321260,-0.09255518,-0.23372400,0.07735253,-0.09133267,-0.00936883,0.24378583,0.14153229,-0.04891076,0.02778004,-0.26070526,-0.01437710,0.07725799,0.12827061,0.17471027,-0.16404916,-0.00682840,0.01944756,0.16179213,-0.02653789,0.09370948,0.01121379,-0.23784758,0.09398368,-0.07529776,0.05274331,0.09132614,0.01481291,-0.12105862,-0.01277563],
 [-0.04444542,-0.16193905,0.03729906,-0.05634705,0.10143618,-0.11035354,0.00087529,0.19472037,-0.25898468,0.06227405,-0.00712070,-0.11121468,-0.06154827,0.24563277,0.02096193,-0.06799303,0.04674014,0.07058310,-0.17805681,-0.23018458,0.05931303,-0.07881916,0.24125837,-0.17007206,-0.02114971,0.07550599,0.01971875,0.18995963,-0.05098705,0.09954546,0.27390218,-0.16314228,-0.26055631,0.14337713,-0.05047525,-0.24961768,0.13858075,0.08420306,-0.20336762,0.27071282],
 [0.06059393,0.15809317,-0.11818753,-0.26179659,-0.22512467,-0.05271563,-0.00081000,0.16975825,-0.15701196,0.01106383,0.15388545,-0.07363556,-0.20310028,-0.23151185,-0.06230843,0.15419078,0.24678381,0.15456076,-0.18481766,-0.19792621,-0.02787417,0.13836884,0.18839967,0.14768443,0.00877356,-0.26634732,-0.18664138,-0.02357378,0.10393804,-0.22095907,-0.07152294,-0.09832653,-0.09144329,-0.00619614,0.01099080,-0.03196482,0.04594012,0.25316036,-0.18560910,-0.05742846],
 [-0.21736686,0.17396523,0.07855417,0.14168367,0.14711511,0.24525137,0.00765804,-0.10034610,-0.00446890,-0.01602070,-0.18911412,0.25600493,0.07985310,0.07089904,0.15307319,-0.04352874,-0.03418063,-0.04354587,0.10940854,0.04654233,0.04012602,0.01683770,-0.16111386,-0.02322705,-0.07447823,0.17111616,0.10166880,-0.04469240,-0.02963303,-0.07765944,-0.01751672,0.00521449,0.00321867,-0.01593800,0.21895821,-0.02951708,-0.17050426,-0.06034037,0.09773846,-0.12342854],
 [-0.00841720,-0.20221014,0.12562928,0.20769185,0.09504940,0.05556566,0.06797486,0.00445457,-0.13378644,-0.00825511,-0.05102759,0.06992546,0.08273695,0.14225939,0.06990251,-0.08831026,-0.03563607,-0.05732903,-0.02110351,-0.04632068,-0.05300070,-0.10809162,0.04866317,0.07415873,-0.05497815,0.19210960,0.02466725,0.00688381,-0.18224698,-0.07901718,0.01845373,-0.03444377,-0.06556170,-0.02961075,0.04579026,-0.08890124,0.13151003,0.00757325,-0.02367238,0.16575927],
 [0.04303242,-0.14953332,-0.01950835,-0.03988492,-0.01232897,-0.27283287,0.29756230,-0.00599372,-0.06970549,0.19758965,0.19545087,-0.13061714,0.03621180,0.09155981,-0.26691854,0.22359073,0.00568813,0.04716001,-0.23392698,-0.10747395,0.02242549,-0.03576037,0.04280704,0.01125483,-0.02673256,-0.11668772,-0.01441523,0.24505728,0.00608025,0.11226640,0.10499586,-0.24278204,-0.14706035,0.12795581,0.01703530,-0.15841949,0.13604243,0.14851852,0.02135013,0.15202531]]

layer2.dendrite.bias
[0.18937616,-0.08619837,0.15166949,-0.16755386,0.18825740,0.09960166,-0.16733503,0.11599815,0.05726330,0.14997955,-0.13931698,-0.23426422,-0.20288460,0.15753514,-0.10384284,-0.27906707]

layer2.synapse.weight
[[0.11210854,-0.13359371,-0.04379164,0.10261251,-0.13999248,0.19639851,0.13809602,-0.03635267,0.07674520,-0.09363601,-0.26980677,-0.08244497,0.20586717,-0.16400947,0.00937487,0.02587501,-0.13816287,-0.04326154,-0.11014176,0.23116970,0.10502604,0.27549574,0.04545011,-0.00526092,0.01810746,-0.10330674,0.00184337,0.18151625,0.03099565,-0.09437741,0.05458194,0.18423736,0.11477596,0.12044657,0.15549873,0.14082393,0.11919602],
 [0.03789057,0.05366609,0.11536618,0.09609780,0.00446678,0.20733790,-0.01072060,0.07787382,0.05142225,0.15730774,0.06967532,0.10049372,-0.08600309,0.08084568,0.11495171,0.17432630,0.08695309,0.22987011,0.26115948,0.27020702,0.26461032,0.23630911,0.20719106,0.10275329,0.22038051,-0.05896863,0.21595944,-0.03256822,0.22822301,0.18419604,-0.05794381,0.24471383,0.10525211,0.13930827,-0.05547216,0.18798068,0.16158243],
 [-0.01989645,-0.11470278,-0.06306114,0.04534987,0.31344420,-0.18351941,-0.11790461,-0.15179276,-0.16802183,-0.03656462,0.07709782,-0.00419445,-0.09487881,0.20412418,-0.11818668,-0.14869721,0.09509115,-0.21309067,0.08758177,-0.12971404,-0.03171357,-0.24888062,-0.24892740,-0.20865908,0.23219918,-0.09587748,0.23186846,-0.06062811,-0.00399595,0.07148828,-0.11578768,-0.00832047,0.02544432,0.08237296,-0.04002036,0.09214666,-0.05936773],
 [0.16688919,-0.16666897,-0.02603683,-0.04811465,-0.30611005,-0.03170813,0.13926968,-0.19735181,-0.07654049,0.02537750,-0.12199049,0.04670047,-0.09985671,-0.15661722,-0.10561738,-0.05246033,-0.10034454,-0.04632924,-0.11264842,0.14398381,0.04926214,0.02116449,0.01583336,0.14285840,-0.12771614,-0.01252577,-0.17701587,0.14125028,-0.09098706,-0.14636597,-0.16758278,0.05050316,-0.02328989,-0.22452779,-0.19692007,0.10666946,-0.12355991],
 [0.02237041,0.05447213,0.11511175,0.22311075,-0.10337535,-0.01066146,0.04090970,0.10900331,-0.06678050,-0.07160743,-0.26657012,-0.11170653,0.01684187,0.01188152,0.00628339,-0.12515789,-0.00215355,-0.01580612,-0.11313184,0.18683450,-0.00190277,0.26286900,0.20364287,0.06729067,-0.19016634,-0.09697932,-0.29915369,0.10729195,0.07730190,-0.07207172,-0.11478002,0.18019249,0.17561328,0.04879816,0.04676290,0.15785618,-0.18181129],
 [0.01783576,-0.12763329,-0.17928058,-0.08116084,-0.03644162,-0.18666428,-0.18390840,-0.06816556,-0.16263567,-0.18430996,-0.08539198,0.01304434,-0.11771216,0.06687692,-0.26148942,0.03913851,-0.03685031,-0.10051860,-0.16767582,-0.05590560,-0.05748730,-0.00113826,-0.30821192,-0.17440577,-0.01868793,-0.08582163,0.10745391,-0.19400930,-0.14957465,-0.14261551,-0.20123172,-0.07972795,-0.19379094,-0.27663556,-0.24015628,-0.27787524,-0.11289888],
 [-0.12994199,-0.17326631,0.06462672,0.02227989,0.19433282,-0.13891010,0.07526261,0.07620967,-0.13053896,0.03976684,0.06859566,-0.04225508,0.08234059,0.21045551,0.00532259,0.11474470,-0.09824273,-0.00410349,-0.20578605,-0.16923216,-0.05631689,-0.30017525,-0.04558159,-0.24701183,-0.03248878,0.10105398,0.12766758,-0.18172213,0.19348015,-0.11103678,0.11944633,-0.22494797,0.02541044,0.14027801,-0.13614954,-0.02330421,0.00507231],
 [0.15688750,-0.08442758,0.15226349,-0.08193429,-0.16229153,0.02392314,-0.24262257,0.17448626,-0.16162218,0.13514982,-0.20989497,-0.04250323,0.12301245,0.12528244,0.17243373,0.08057772,0.00049286,0.21109122,-0.04505546,0.23714718,-0.05365226,0.01580260,0.24452047,0.19505464,-0.08426913,-0.10736486,0.03530339,0.11328401,-0.10942150,-0.07989315,0.09949699,0.15146135,0.04304865,-0.01035250,0.05086477,-0.04112225,-0.15676391],
 [-0.06589042,-0.01128296,-0.07552735,-0.14438131,-0.26644915,-0.15507932,-0.02060482,-0.25421545,-0.21625724,0.15269208,-0.24225357,-0.04113336,0.02578044,0.00050269,0.07748342,-0.01785514,-0.03727089,-0.11633924,0.01833068,0.11836834,-0.06137015,0.11169732,0.03657935,0.11492763,-0.12988903,0.05488543,-0.02765841,-0.10930511,-0.24986817,-0.16165498,-0.05673701,-0.12805104,-0.16931109,-0.25851285,0.02009529,-0.17377968,0.02602375],
 [0.16206448,0.04176568,-0.01581281,0.01129751,-0.16368584,0.11204275,0.03418615,0.22854592,0.16666836,0.21110100,-0.07346881,0.06581870,0.12229656,-0.12095610,-0.07294018,-0.07205416,0.17477062,0.02246502,0.13358451,0.17195210,0.00913993,0.09380546,0.00570291,0.18690598,0.13869891,0.02850537,-0.04579727,0.09621168,0.10985346,0.04050247,-0.00083120,0.22650127,0.26389346,0.20916276,-0.00690249,0.11535410,0.21967332],
 [0.06127551,-0.17883256,0.02114949,-0.12471435,0.13336897,-0.05446882,-0.14129178,0.02265452,0.01696434,0.02374653,-0.10615166,-0.11846786,-0.14655249,0.19598298,-0.06523684,-0.17439426,0.03068020,-0.19798002,0.02893022,-0.12138237,-0.02631596,-0.01723318,-0.14690118,-0.23925355,0.16670622,0.16168004,0.21905857,-0.03921695,0.02386462,0.01509969,-0.01174578,-0.31815585,-0.27381378,-0.13150027,-0.15842320,-0.20503163,-0.09005908],
 [0.06680989,0.16609658,0.08105777,-0.03491254,0.11100611,-0.05783061,0.18657069,0.04085822,-0.04204198,0.05833497,0.21154362,0.10578094,0.17904212,0.05942323,0.17934236,0.10473350,0.02595061,-0.11916937,0.10474367,-0.09406194,0.08561137,-0.19839691,0.07624484,0.08294372,0.14915378,-0.04656814,0.24298194,-0.18146601,0.16810384,-0.07839878,-0.05909761,-0.21913618,-0.08994757,0.04115305,0.21316876,0.10657414,0.18366221],
 [0.08846484,-0.06432599,-0.30378354,-0.22982721,0.19415940,0.10348727,-0.17985398,-0.09977708,0.01074247,-0.15301472,-0.12019278,0.07253293,-0.17896810,-0.03834539,-0.03732935,-0.22081347,-0.05773143,-0.05947302,-0.04208180,-0.21926554,-0.26749513,-0.22288558,-0.08295546,-0.12514299,0.04538967,-0.13642104,0.06526080,-0.10187569,-0.05874832,-0.12162884,-0.06027900,-0.28199410,-0.20655617,-0.30688885,0.02137437,0.01200644,0.02989369],
 [-0.00926567,-0.04761640,-0.11068475,0.05235287,-0.01371857,0.15276805,-0.15633745,-0.22563374,-0.05824575,0.19191372,-0.20189168,-0.20326810,0.13588378,-0.16335437,-0.04984435,0.02214528,-0.05339396,0.18526611,-0.02093167,0.00570973,0.02275409,0.25820541,0.01649421,0.11645622,-0.29118168,0.00139588,-0.30169582,-0.06802720,-0.21952765,0.05768869,0.12094530,0.04766334,0.21126933,-0.08596310,0.05607971,-0.02513513,0.02123141],
 [0.17643355,0.11343275,0.18193306,0.02704948,0.22322667,-0.06909970,0.06647661,0.02844370,0.18255924,0.01630901,-0.04783462,-0.07047679,-0.09353653,0.02067791,0.16705151,0.01270604,0.16548985,0.23807278,0.19739960,-0.05681264,0.06178141,-0.00081043,0.09733855,-0.04522274,0.08654001,0.18173003,0.19024593,0.02164816,0.19705914,-0.01106779,0.01703168,0.11333403,-0.03991733,0.29091048,0.06953538,-0.01249415,0.07514807],
 [0.13503467,0.04938092,-0.17290743,-0.03488410,0.16163757,0.14092869,0.22179618,0.04594186,-0.04674863,-0.25640729,0.27436423,-0.06287136,0.15853317,0.06471673,0.09104593,-0.01705738,-0.15632211,0.07016919,-0.12098768,-0.24607700,-0.00279957,-0.22327273,-0.08829694,-0.14587300,-0.00976428,0.13664979,0.23442869,-0.23362665,-0.07611531,0.02708537,-0.09318089,-0.21939966,0.08788091,-0.13530836,0.06156785,0.02357673,-0.01230018]]

layer2.synapse.bias
[0.05364398,0.18027633,-0.18787599,-0.11259761,0.12543589,-0.28778565,-0.12339166,0.19687699,-0.08681783,0.27177307,-0.07182144,0.10987847,-0.23680525,0.20495020,0.06908023,-0.25081870]

layer3.dendrite.weight
[[-0.29768220,0.16238128,0.26266086,0.15287283,-0.27589768,0.22788396,-0.29194039,-0.14241038,-0.06441116,-0.29604939,-0.26753449,-0.31544700,-0.37560385,-0.20640370,-0.03477355,-0.16626701],
 [-0.25464463,0.23394284,0.05842886,0.39932880,0.07689112,-0.00773630,0.12950580,0.12240165,-0.28967568,-0.08916142,-0.15623480,-0.30980292,-0.27049729,-0.08127843,-0.22021642,0.13357642]]

layer3.dendrite.bias
[-0.09943233,-0.19960010]

layer3.synapse.weight
[[-0.05381542,0.07065895,0.02775253,-0.12882614,0.31490386,-0.01649393,-0.14695831,-0.05066865,-0.07189515,-0.05115781,-0.05026407,-0.11823226,-0.08965426,-0.05722239,-0.07772286,0.02785570,0.08989530,-0.18889976,-0.22231694,-0.28003937,-0.04945590,-0.31583381,-0.02769704,-0.21774334,0.02691485,0.00790486,0.04676297,-0.21013272,0.12623475,0.03579380,-0.21104120,-0.11011250,-0.13696444,0.08251210,-0.09024935,-0.18600141,-0.00287798],
 [0.15960351,-0.00508835,0.09783575,0.05683230,-0.06417088,0.10626589,0.18924756,0.07034303,0.16814843,0.11763833,-0.12331278,-0.10562512,-0.13587070,-0.01858546,0.00185569,0.12084595,0.04005315,0.05140509,0.27434233,0.28869024,0.01935778,0.01817567,0.20448458,0.05224002,0.16242841,0.10495292,-0.05992037,0.18578586,0.01479489,0.07403171,0.18007156,0.10349140,0.13769414,-0.00983338,0.00659046,0.05973632,-0.00206832]]

layer3.synapse.bias
[-0.10511702,0.13609876]

