layer1.synapse.weight
[[-0.18676814,-0.19473204,-0.34702098,-0.35592550,-0.03292293,-0.11291012,0.00226200,-0.40354943,-0.09059558],
 [-0.20978087,0.11078199,-0.18314372,0.17690107,-0.16553135,-0.19118057,-0.22242956,0.21211892,-0.41764301],
 [0.14309572,0.24126294,0.19042736,-0.23873551,0.35741979,0.36321566,-0.12874906,-0.16834483,-0.20176536],
 [-0.22702181,-0.02308082,0.32456782,-0.07070348,-0.19134025,-0.14957081,0.30878660,0.28562230,0.39221072],
 [-0.02922853,0.00391373,0.41093284,0.15883970,0.00348949,-0.21244882,-0.11514331,0.06814937,0.32415950],
 [-0.23065703,0.24971160,-0.02450251,0.27739179,0.03931371,0.23087610,0.09960762,0.25494134,0.15428048]]

layer1.synapse.bias
[-0.20318048,0.41649029,-0.04093122,0.10302810,0.29644537,-0.14351323]

layer1.dendrite.weight
[[0.08513758,0.27088034,-0.19228071,0.25392666,0.17492971,0.15534469,0.11146377,-0.17632118,-0.15688862],
 [0.28683004,-0.12969083,-0.15001637,-0.33868158,-0.27353179,-0.26542941,-0.00797856,0.05988199,-0.36748907],
 [-0.24757417,-0.33519366,-0.29595634,0.06210325,0.17373678,-0.31541160,-0.32375827,0.00608860,0.00639392],
 [0.20882668,-0.39771503,-0.07567811,-0.12369237,0.24881169,0.03359598,0.09725811,-0.33528897,-0.23092462],
 [0.13420708,-0.14547327,-0.16760044,-0.32879868,0.20315725,0.00123030,-0.38983259,-0.19940850,0.22396445],
 [-0.08682477,-0.40489316,-0.26687109,-0.12563217,0.11463787,-0.10771299,-0.01294724,-0.04903188,-0.35399976]]

layer1.dendrite.bias
[0.35113937,0.35890448,-0.18419144,-0.36779287,-0.23612751,-0.40904552]

layer2.synapse.weight
[[-0.07592457,0.11332148,-0.27549732,-0.06692934,-0.27877280,-0.34671918],
 [-0.42555809,-0.00541323,-0.25829822,-0.29759943,-0.27764684,0.05738706],
 [0.43094996,0.08130378,-0.27215579,0.25323898,0.04393254,0.24103534],
 [-0.05215885,-0.03720823,-0.14452298,0.24705428,0.20030561,0.19996071]]

layer2.synapse.bias
[0.08152667,0.21051696,-0.05369509,0.19578473]

layer2.dendrite.weight
[[-0.33164397,-0.11238834,0.38150594,-0.02690778,-0.12976578,0.31292281],
 [-0.27015328,0.33592674,0.14076887,0.05493150,0.14378473,0.41384992],
 [0.26371551,-0.11719222,0.36354908,0.09134558,0.40908575,0.47848892],
 [0.17709248,-0.38029495,-0.27951324,0.40520033,-0.13458832,0.24816918]]

layer2.dendrite.bias
[-0.32805350,-0.38670269,-0.36753803,-0.13469802]

layer3.synapse.weight
[[-0.57337666,-0.02111350,-0.32078472,0.15913670],
 [-0.46647826,0.04501814,0.29510704,-0.06117303]]

layer3.synapse.bias
[0.41368839,0.38507023]

layer3.dendrite.weight
[[0.39657593,0.22933152,0.02168799,-0.32076314],
 [-0.09830228,-0.22973132,0.35421622,0.56600839]]

layer3.dendrite.bias
[0.48556194,0.03921719]

