p1.weight
[[0.18206286,-0.33214781,-0.15120734,-0.38736317,-0.27505934,0.16574228,-0.24923447,-0.01368000,-0.05120198],
 [-0.08185012,0.03320497,-0.21898544,-0.23314905,0.23438828,0.14259982,0.20109712,0.16871621,-0.06100760],
 [-0.40854001,0.19867210,-0.20584640,-0.31364453,0.10202422,-0.01867078,-0.11599325,0.07712111,-0.11397652],
 [0.22498237,-0.05143407,-0.34292772,-0.42357084,-0.38987169,0.21664369,-0.08605693,-0.39284137,0.19036911],
 [-0.01284076,0.25374028,0.13538830,0.33458069,-0.10179565,0.25811020,0.20130138,0.34988928,0.35007259],
 [0.21004364,-0.05894341,0.31628317,0.23229717,0.35887182,0.37757212,0.27529988,0.28274459,-0.13883035]]

p1.bias
[0.36561459,-0.02788574,-0.18316264,-0.07551466,0.16661486,-0.03420208]

p2.weight
[[0.23207255,-0.15137725,0.16108856,-0.15923223,-0.26047808,-0.15597156],
 [-0.24974167,-0.07247113,0.31536505,-0.43435600,0.45506403,0.16256835],
 [-0.43085113,-0.20506482,-0.00214057,-0.36043933,0.43840459,0.04448180],
 [-0.15708706,-0.18035743,0.30461723,0.30013135,-0.28889897,-0.12047725]]

p2.bias
[-0.11217265,-0.32507864,0.06254349,0.47009888]

fc2.weight
[[0.34323916,-0.02629770,-0.29480675,0.45892254],
 [0.16699441,0.31290549,0.38702235,-0.53766793]]

fc2.bias
[-0.32272801,-0.37376124]

