[[0.17313635,0.03508447,0.19751386,-0.06401663,-0.27878857,0.04922057,0.11131472,-0.14802152,-0.06821221,0.02020123,-0.13879810,-0.16816351,0.05248963,-0.20567830,-0.12074184,0.07717405,-0.09765065,0.18894410,-0.12701389,0.08097178,-0.05425981,0.00003366,-0.07660896,0.21548763,0.03455706,-0.07152984,-0.08783937,0.18218969,-0.07033934,-0.17414898,0.14428058,0.17954382,-0.10877180,0.08514926,0.03654747,0.12005922,0.10315036],
 [0.13300300,0.31097284,0.28312364,0.00111221,0.02900994,0.09305609,0.18643047,0.14052676,0.25977147,0.03365045,0.18334799,-0.11775028,0.14495166,0.13637489,0.07022043,0.01855807,0.02308111,-0.01454897,0.06272997,0.17584749,0.17338534,0.15848108,0.23881279,0.12112006,0.11797846,0.23882212,0.14329538,0.22070217,0.07047877,0.16230458,0.00892747,0.27593490,0.25459626,0.25650021,0.07314590,0.23718335,0.06051765],
 [-0.11499228,-0.15083054,0.10663443,-0.16165785,0.15427780,0.11495706,-0.07636198,-0.10752943,-0.00504575,0.07165350,0.10418303,0.02735475,0.08124208,-0.03877515,-0.13100255,-0.04963667,0.03871384,-0.07747547,-0.14506701,-0.13541907,-0.07490965,0.04333486,-0.05713964,0.00409921,0.03201260,-0.07314990,-0.15071671,-0.12776557,-0.08635642,0.07380115,-0.05623118,0.06546375,-0.11553515,-0.00322254,0.07045251,0.06671664,-0.07656281],
 [-0.09535931,-0.00489852,0.22008863,-0.12797490,0.12990472,0.11454169,-0.14886580,0.09950820,-0.01008887,0.05142853,0.15339030,0.19530395,-0.04557878,-0.11235759,0.04593998,0.06071318,0.06111099,0.00580411,-0.01341948,0.05895850,0.07900688,-0.02524602,0.19553594,-0.05509794,0.18536185,0.10863331,0.14784868,-0.07557761,-0.01539559,0.24618237,0.16142042,0.18561444,0.05564282,0.26664189,0.04225920,-0.00991288,0.13054878],
 [0.02623384,0.12159248,0.23292288,0.02111635,-0.17032743,0.00996803,0.19377257,0.18656349,0.20061715,0.10228987,0.06593383,-0.13260087,-0.08122811,-0.12921736,0.14412260,0.01079423,-0.09092883,0.04131047,0.09179527,0.10750277,0.02707972,0.10383176,0.06063950,0.17536382,0.08156498,-0.15825009,-0.00862946,-0.03916665,-0.12846489,-0.13079478,-0.14764690,0.21472926,0.21098749,0.20878111,-0.08643612,-0.12583759,0.03629084],
 [0.21844843,0.18347532,0.11305784,0.23805068,-0.28909346,-0.09476720,0.01718499,0.12413491,0.00227757,0.06099953,-0.18275176,-0.05803236,0.15188701,-0.13417967,0.09775705,-0.11044288,0.02386080,0.22179882,0.01888893,0.25017548,0.14355938,0.02171365,0.05025594,0.07234626,-0.24668330,0.09150041,-0.00526738,0.05944825,0.00820513,-0.15232512,-0.08572678,0.05812413,0.15023081,-0.12966631,-0.03452884,0.05647422,-0.07950711],
 [0.00904860,-0.17124417,-0.16096659,-0.05113570,0.19762996,-0.21471484,-0.03511632,0.00601035,0.06326513,-0.17882159,-0.03396238,0.10562763,0.08215326,-0.05936847,-0.03048627,-0.13635652,-0.00267789,0.05333448,-0.05793587,-0.07733644,0.01813647,-0.29277575,-0.24016625,-0.23839970,0.10772792,0.03313833,0.03220354,0.01983803,0.12943792,0.04609457,-0.02705804,-0.27579257,-0.01630276,0.09900685,0.00078314,-0.12682703,0.05432922],
 [-0.03657282,-0.01816599,0.06268100,0.02532668,0.28421745,0.01260326,0.17842983,0.01033763,0.00161190,0.06086496,0.17359637,-0.19144528,0.15435995,0.10682601,-0.07660565,0.02976847,0.05331795,-0.11092651,-0.03817130,-0.15000977,-0.19002940,0.02803202,-0.20005733,-0.10884174,0.10851067,-0.02875497,0.15134069,0.09084269,0.07886394,-0.00808779,0.04160865,-0.03171736,-0.08432774,0.12636951,0.10327809,-0.11336773,0.12752128],
 [0.12487117,-0.01025867,0.00764157,-0.09784961,0.15545166,-0.12331720,0.01192238,-0.04031658,0.00058526,0.10629123,0.03568407,0.12095897,-0.09666100,0.09506522,0.00557316,-0.04445392,0.11850148,-0.16640623,-0.07809141,-0.16228265,-0.13218242,-0.24470384,-0.15304406,-0.22520638,0.02912722,0.16911957,0.18164405,-0.20228755,0.18115118,0.09008371,0.10514666,-0.23301540,-0.12530494,0.00628632,-0.07377283,-0.04729826,0.17438787],
 [0.12528332,-0.08693955,0.02225478,-0.03323416,0.16028577,0.12369903,-0.13538522,0.20539683,-0.12933491,-0.00945276,0.01170395,0.12184642,-0.16873558,0.01440391,0.02947521,0.06548347,-0.17160597,0.00301506,0.10321701,-0.10219603,-0.20627579,-0.15047933,-0.05674522,-0.18476626,-0.01713411,0.15901619,0.22570838,-0.02901087,0.01902069,0.08580323,0.00215371,-0.25669536,0.00401766,0.00813271,0.04869842,-0.08622752,-0.02957951],
 [0.00326713,0.08104258,0.11284395,0.10830041,-0.01745441,0.05695179,0.08824225,0.05094697,0.04842815,0.09194542,-0.27214390,0.07681908,0.09681110,0.09672105,0.01241823,0.27110103,-0.04763619,0.25841546,0.21568181,0.06127842,0.17344993,-0.01084489,0.07465792,0.17827827,-0.10755105,-0.16889003,-0.11838442,0.03457287,-0.09629833,0.05295403,-0.03757576,0.22362790,0.05635080,0.02055013,-0.04281041,-0.05425785,0.11109974],
 [-0.07171880,-0.17655358,-0.01795796,-0.06394500,0.26404956,-0.01918458,-0.02544905,0.17137708,0.17463717,-0.16893926,0.22946505,0.09729384,0.17707458,-0.00422888,-0.19054367,-0.10651645,-0.10767815,0.08157195,-0.06038787,0.05598805,-0.01082368,-0.23817754,-0.19047874,-0.18845917,0.22106364,0.16720332,0.04733050,-0.17314513,0.03017146,0.08325502,0.01109122,0.04318951,-0.21018191,0.17558025,-0.09206378,-0.06478427,0.04471644],
 [-0.09267780,-0.08791010,-0.17649530,0.02621604,-0.13743690,-0.16471386,-0.03601849,-0.15168689,-0.08073094,-0.09532601,-0.00713334,-0.03654590,0.01695357,-0.21157642,-0.13153186,-0.18671556,-0.18324339,0.00898453,-0.07925453,-0.09681291,-0.06818219,0.10796301,-0.09363886,0.12487879,-0.15419932,-0.06050786,-0.26826152,0.05764836,-0.06729327,-0.21937011,0.03289741,0.12542762,-0.01834934,0.01926287,-0.16181889,-0.15152435,0.04344903],
 [0.12281246,-0.17331032,-0.16072278,0.03595232,-0.07170514,0.07990590,0.01019992,-0.20562419,-0.12112977,-0.05476953,0.00930144,-0.09970116,-0.11680523,-0.12158397,0.14928006,0.05793281,-0.03322519,-0.11736065,-0.06858223,-0.03694626,0.06510812,-0.08222489,-0.14839786,0.05577503,-0.08861350,-0.01640112,-0.18162528,0.08920042,-0.19485356,-0.18210562,-0.09370532,-0.12898213,-0.04127476,-0.22095291,-0.20432901,0.09281410,-0.21263373],
 [-0.07050836,0.19525065,-0.06107514,-0.06088392,-0.07151067,0.01735140,-0.04348607,-0.06497843,0.05989456,0.00932768,-0.04908757,-0.04665559,0.17430298,-0.15963718,0.12222496,-0.07428811,0.06006717,0.14176248,0.07776658,0.11906539,0.10877023,0.25428799,-0.06501850,0.21530248,-0.16357341,-0.02048559,-0.13370618,-0.01372419,0.06736813,-0.14116059,-0.13594355,0.00102958,0.12872756,0.15768458,-0.07798909,-0.05129841,0.13461290],
 [-0.13421158,-0.09235819,0.04483988,-0.22141871,0.19835578,-0.10139187,-0.04447013,-0.06514098,-0.06944440,0.08319482,0.30234733,0.06606781,-0.09068147,0.17723405,0.03866550,0.15342185,-0.08796043,-0.17996848,-0.15371782,-0.04849353,-0.20996855,-0.00973894,-0.22468309,-0.15270214,0.19469693,0.04681117,0.29711449,-0.09037045,-0.07299659,-0.09842356,0.04651666,-0.14034963,-0.05391762,-0.09272943,0.12932654,-0.03668723,-0.09472252],
 [-0.01921193,-0.18785749,-0.07098718,-0.06204611,0.18277091,-0.06625879,-0.02091168,0.13786742,0.02219919,0.01763336,0.14049719,-0.00735048,-0.14257893,0.07648201,0.06488305,-0.07048906,0.02817967,-0.18109173,-0.06462511,-0.24545486,-0.08791938,-0.00030226,-0.08839537,0.01452678,0.12210696,-0.07549112,-0.00521460,-0.18462653,0.09752590,-0.18732738,0.01685118,-0.06694084,-0.14432491,-0.02681611,0.11756578,0.02469899,-0.01982334],
 [-0.09640354,-0.04993171,0.06793094,-0.12193697,-0.32301989,-0.05741986,-0.18332203,-0.09417317,0.03166206,-0.04199299,-0.09348720,-0.07342187,0.11812727,0.11336192,0.01558959,0.17068008,0.15252030,0.18639801,0.09210952,0.23150079,0.16157755,0.06169899,0.07219061,0.15518036,0.05978928,0.27718246,-0.07393842,0.05734682,-0.04396499,-0.06093781,0.18583563,0.09896679,0.17415471,-0.03228957,0.14051443,-0.10722181,0.03345127],
 [0.07683586,-0.10108772,-0.07810460,-0.17401148,0.14792156,0.01785226,0.02526173,-0.14569917,0.01828252,-0.08326694,0.21474698,0.13094093,-0.14215668,0.03037399,0.13602430,-0.11680733,-0.13767612,0.08269780,0.02701536,-0.02476399,-0.26554930,-0.11134239,-0.15079829,-0.10003766,0.00081898,0.11388800,0.24141355,-0.15727983,0.03360498,-0.21400881,-0.17439172,-0.01924823,-0.15602170,-0.02199410,0.06002312,0.02511447,-0.17222440],
 [-0.05988895,-0.15844128,-0.06033846,-0.15130550,0.02003309,-0.04334253,-0.23305874,-0.12921636,-0.14600407,-0.20900260,0.24291748,-0.05236597,-0.10780737,-0.03990604,-0.05765084,-0.03851727,-0.16580740,-0.23315178,-0.00712700,-0.07174644,-0.00984291,-0.17359424,0.01493315,-0.07290628,0.27596679,0.22787848,0.28442594,-0.09369496,0.12892827,0.06867059,-0.17187555,-0.01263002,0.02684165,0.14504682,-0.13334335,0.06945280,-0.04259323],
 [0.16275190,0.17957474,-0.12087626,-0.15212126,0.31733626,0.14864716,0.01976749,-0.06271009,0.08830765,0.09177382,0.01980827,0.19902156,0.08409050,0.19834648,0.10716203,0.09265491,-0.10239342,-0.16514003,0.17833802,-0.18331631,0.07366028,-0.05381620,0.09361687,-0.03587082,0.00024497,0.01187901,0.14965352,-0.06732318,0.13887616,-0.05830855,0.20336272,-0.08811141,-0.03587462,0.03892737,0.10396966,0.17421690,0.00262916],
 [-0.08163824,0.02765866,0.05888039,-0.23530273,0.07638922,-0.15665637,0.09446508,0.07715288,-0.07308262,-0.15696321,0.16752207,0.21169350,-0.17710830,0.16359270,0.13793442,-0.00928054,0.16063380,0.06546973,0.07320424,-0.13239008,0.07737715,-0.04894092,-0.06038171,-0.04578945,0.14239225,0.17470294,0.17696652,-0.20968989,0.04446840,0.15585276,0.14671871,-0.18041442,0.10904878,-0.04507582,-0.07419555,-0.10164562,0.11223611],
 [0.09571923,0.08108169,-0.18029085,-0.16385341,0.12193561,-0.05601425,0.05882608,-0.08536857,0.11646444,0.01858331,0.03885674,0.15044932,-0.16014445,0.10212842,0.02004715,-0.07140633,-0.02979982,-0.25328383,0.09538986,-0.17721029,-0.00754916,-0.01950785,-0.21953754,-0.09487568,-0.00293288,0.12735084,-0.00627895,-0.19128565,-0.08181952,-0.01926117,-0.09842059,-0.02740665,-0.08519907,-0.02756694,0.10854685,-0.21416332,-0.02860467],
 [-0.09344051,-0.18425502,-0.05903870,-0.00391347,-0.14711277,0.07582551,0.15932406,-0.15137611,-0.02660387,-0.09231548,-0.16060555,-0.13676129,0.15101542,0.01759569,0.03019617,-0.21695907,-0.05245816,-0.14810100,0.01204590,-0.00673739,-0.01913728,0.02604023,0.00905853,0.09692106,-0.14227511,-0.19241935,-0.16004147,-0.00863876,-0.12950721,0.03903594,-0.06933187,0.14151961,-0.00724098,0.03151333,0.09504212,0.09788523,-0.25644189],
 [-0.13560985,-0.24304946,-0.14044087,-0.15461197,-0.14539310,0.04457053,-0.21974024,-0.23052879,0.05326995,0.02340616,-0.21115512,-0.10596000,-0.20984580,0.04149603,-0.01364861,-0.17156349,-0.19469658,0.17209744,-0.04909891,-0.10389189,-0.11418743,0.06392586,0.03197541,0.13248909,-0.09226536,0.02540679,-0.33877796,-0.19922833,-0.06639317,-0.27598009,-0.06866124,-0.06564514,-0.18960665,-0.07987801,-0.05686305,-0.08863413,-0.10266043],
 [0.20802028,0.09716313,0.28020510,0.12903634,0.00967998,0.23009656,-0.11142293,0.04044436,0.26643160,0.09119500,0.02355846,0.15907338,0.33491519,0.03646255,0.07341462,0.08213619,-0.05480753,0.15942664,0.21360846,0.08136015,0.24064592,0.18275832,0.28805065,0.10930903,0.18578424,0.11882827,-0.14916535,0.04849420,0.17045660,0.32925937,0.28112021,0.21759667,0.09687949,0.08158000,0.13168168,0.18026280,0.22521119],
 [-0.05331840,-0.13923037,0.06501944,-0.18137637,0.24661794,0.02941939,0.13487187,-0.07543456,0.13823050,-0.11989591,0.06233652,-0.07975907,-0.03055983,-0.05041399,-0.16122843,0.14114542,0.03550926,-0.14496553,0.01680110,-0.17510663,0.05594163,-0.23765355,-0.15721153,-0.07176069,-0.00170534,0.20769885,0.20918296,-0.09768077,-0.03591915,0.09882425,0.10280754,-0.13759157,-0.24692945,-0.02861316,0.02103199,-0.00168927,-0.09906950],
 [-0.05782074,0.21116117,-0.02027872,0.09974607,0.01403415,0.08595668,0.17147975,0.00302083,-0.04684420,0.07798909,0.01230366,-0.04875232,-0.10148387,0.10877561,0.12965295,0.18589047,0.18000104,0.03057747,-0.07196489,0.10777825,-0.00668034,0.30096027,0.22404741,-0.01992098,-0.09631848,0.07505371,-0.08927765,0.21950525,0.08887085,0.12393944,0.16442943,0.09257430,0.16836756,0.12755977,-0.09656414,0.01494728,-0.04606488],
 [-0.09445142,-0.18974765,-0.19022670,-0.23698451,-0.24309094,-0.02118690,-0.08534718,-0.28634280,-0.00349809,-0.21220125,0.01538956,0.06415053,-0.05375973,-0.16244350,-0.11484411,-0.22786771,-0.22168441,-0.20023628,-0.00152807,-0.20111540,-0.24733286,-0.01037002,-0.23547855,0.04581657,-0.30817309,-0.16364770,-0.23593453,-0.07992269,-0.31111443,0.02698205,-0.06600633,-0.10008580,-0.24089065,-0.21625428,0.02050641,-0.19972672,-0.26389310],
 [0.00867204,0.01999795,0.12344485,-0.09161503,-0.06591829,0.11622491,0.10168876,0.09977520,0.21749726,-0.05871106,0.26701829,-0.01112761,0.23203337,0.10598703,0.03847935,0.04224430,-0.10993457,0.01246094,0.17223731,0.11260007,0.18375076,-0.03130145,0.19274580,0.22409090,0.20502162,0.11838082,0.06337987,-0.03987674,0.24275942,0.23182432,0.19704868,0.06897826,0.20980895,0.13865899,0.05902675,0.07250280,0.17665142],
 [0.08272781,0.09042686,0.16778357,0.14953560,-0.03984212,0.08253347,0.03359529,0.26595524,0.25778446,-0.00023009,-0.01205644,-0.08311044,-0.01114720,0.10283118,-0.01709308,0.15590332,-0.02338977,0.12568583,0.04078853,0.12523040,0.28210312,-0.00427543,0.24969600,0.11303677,0.24909015,0.30901194,0.18678382,0.26864776,0.10234266,0.27404699,0.04173934,0.02054590,0.01910295,0.01573736,0.13888016,0.29433468,0.16379511],
 [0.10202446,0.12615009,-0.01806247,-0.13666745,0.25369185,-0.17293847,-0.11004356,0.03003001,-0.06894868,-0.11280706,-0.01603175,-0.09558971,-0.02460474,0.15723395,0.00405592,-0.08061527,0.09206320,-0.17458256,-0.00621955,-0.17622446,-0.01631968,-0.19340710,-0.11900140,-0.16934776,0.05935852,-0.01568724,0.22198938,-0.14873600,-0.00116072,0.09680986,-0.12589128,-0.02380303,-0.13070714,0.19235288,0.11903124,-0.14883721,0.13304655],
 [0.07357842,-0.13011929,-0.16059022,-0.05420417,0.21035609,0.04854024,0.10328988,0.07527296,0.03144307,0.04047934,0.21440457,-0.10661273,0.04312981,0.11707868,-0.09462650,0.08598433,-0.10527237,-0.02092374,-0.12183139,-0.13001786,-0.22695415,-0.18601111,-0.17880413,-0.22928864,-0.03285000,-0.12947276,0.22743136,-0.04071449,-0.02373601,0.03386246,-0.11779186,-0.20367117,-0.11840484,-0.14627145,-0.04067995,0.01211099,0.01948175],
 [-0.03852707,0.01903186,0.11192869,-0.00720539,-0.04627242,0.08457348,-0.02126263,0.02418164,-0.01313922,0.01055157,-0.14296782,-0.03965930,0.00590862,-0.03820282,0.10244314,-0.03598963,-0.01129160,0.17729306,-0.05150834,0.24928656,0.20783427,0.17137784,0.19955185,0.10836056,0.00731086,-0.15225954,-0.04573051,0.17888924,-0.13175656,0.12165363,0.14251983,0.17025916,-0.05017762,-0.16549461,0.16976497,0.18337357,0.06034716],
 [0.14428660,-0.05396040,0.25154871,0.21012594,-0.30884469,0.02470262,-0.05620636,0.04913357,0.17082314,0.21392109,-0.06612033,0.12415057,0.11431852,0.04751889,0.11973317,0.14766969,0.14552189,0.07692083,0.11114526,-0.06711488,-0.00148065,0.20420639,0.17108607,0.24419028,-0.03626312,0.13493407,-0.20488539,0.07277042,0.16167660,0.10112154,0.23268877,0.27406994,0.07907795,-0.09397577,0.19984198,-0.10096756,0.00127408],
 [-0.01808349,0.24006292,0.16635175,-0.06662986,-0.06987232,0.15433724,0.15629867,0.05656882,0.15945625,0.01855091,0.07812949,-0.17437974,-0.16845097,-0.16657178,-0.00464365,0.10872219,0.04674084,0.27499777,0.12537642,0.17120612,0.20075476,0.06183903,0.06644697,0.05308399,0.10969980,-0.14381231,-0.20547932,0.13832465,0.00372662,0.07346806,0.15647277,0.13726257,0.18694669,-0.12456413,0.23554218,-0.09143022,-0.04883143],
 [-0.04054828,-0.20153481,-0.06730991,-0.17452149,0.08501788,-0.10811463,-0.08066139,-0.00354228,-0.05817125,0.08289632,0.14582387,0.07107788,-0.20243151,-0.07617906,0.09475604,-0.08897508,0.14287280,-0.19293803,-0.16833742,-0.02937203,-0.25672096,-0.02020366,-0.16674191,-0.23611175,0.04324482,0.09069335,-0.04501202,0.00992716,0.00793659,-0.15742630,-0.14053032,-0.13782077,-0.20245542,-0.04309725,0.06587657,0.08800902,0.08977491],
 [0.14668365,-0.09091499,0.21266098,0.20148580,-0.03832651,0.06824375,0.17151718,0.13240497,-0.02205670,0.00567520,-0.25201967,0.04452731,0.10091356,-0.05463492,0.01673062,-0.02665209,0.10467043,0.25375578,-0.06145874,0.02093926,0.23965088,0.20090039,0.07445646,0.01169259,0.00730483,-0.05971065,0.02461378,0.25668967,-0.05868634,-0.05773919,-0.06800383,0.01234451,0.02148953,-0.05418322,0.01749042,0.13510667,-0.13396929],
 [-0.15343146,-0.13911599,-0.01148738,-0.17420596,0.12185134,-0.03809926,0.07608677,-0.04737046,0.09085618,-0.02840334,0.16516209,0.08814692,-0.06601334,-0.07593440,-0.20262586,-0.05866935,0.13453206,-0.03642360,-0.06430870,-0.07301839,-0.00137251,-0.28609020,-0.12170208,-0.24116579,0.23417652,0.06427936,-0.01754776,0.05353514,0.19525172,-0.09574635,0.07096253,0.03795981,-0.18630357,-0.02162089,0.05346474,0.11595705,0.16742738],
 [0.04500228,-0.27491707,-0.29246140,0.04056853,-0.04477614,-0.14073367,-0.05813328,-0.28015965,-0.03591135,0.04260704,0.10001024,-0.12471222,0.18448512,0.04453572,0.04677423,-0.02853224,-0.04689844,-0.21273792,-0.29650417,-0.25913295,-0.02551508,-0.19089337,-0.27127787,-0.26662713,-0.23120575,-0.13179906,-0.10311005,-0.19651499,-0.24533920,-0.18062319,-0.07206815,-0.25814810,-0.05283152,-0.30656698,-0.25382173,-0.01700330,-0.22725274]]