[[0.11210854,-0.13359371,-0.04379164,0.10261251,-0.13999248,0.19639851,0.13809602,-0.03635267,0.07674520,-0.09363601,-0.26980677,-0.08244497,0.20586717,-0.16400947,0.00937487,0.02587501,-0.13816287,-0.04326154,-0.11014176,0.23116970,0.10502604,0.27549574,0.04545011,-0.00526092,0.01810746,-0.10330674,0.00184337,0.18151625,0.03099565,-0.09437741,0.05458194,0.18423736,0.11477596,0.12044657,0.15549873,0.14082393,0.11919602],
 [0.03789057,0.05366609,0.11536618,0.09609780,0.00446678,0.20733790,-0.01072060,0.07787382,0.05142225,0.15730774,0.06967532,0.10049372,-0.08600309,0.08084568,0.11495171,0.17432630,0.08695309,0.22987011,0.26115948,0.27020702,0.26461032,0.23630911,0.20719106,0.10275329,0.22038051,-0.05896863,0.21595944,-0.03256822,0.22822301,0.18419604,-0.05794381,0.24471383,0.10525211,0.13930827,-0.05547216,0.18798068,0.16158243],
 [-0.01989645,-0.11470278,-0.06306114,0.04534987,0.31344420,-0.18351941,-0.11790461,-0.15179276,-0.16802183,-0.03656462,0.07709782,-0.00419445,-0.09487881,0.20412418,-0.11818668,-0.14869721,0.09509115,-0.21309067,0.08758177,-0.12971404,-0.03171357,-0.24888062,-0.24892740,-0.20865908,0.23219918,-0.09587748,0.23186846,-0.06062811,-0.00399595,0.07148828,-0.11578768,-0.00832047,0.02544432,0.08237296,-0.04002036,0.09214666,-0.05936773],
 [0.16688919,-0.16666897,-0.02603683,-0.04811465,-0.30611005,-0.03170813,0.13926968,-0.19735181,-0.07654049,0.02537750,-0.12199049,0.04670047,-0.09985671,-0.15661722,-0.10561738,-0.05246033,-0.10034454,-0.04632924,-0.11264842,0.14398381,0.04926214,0.02116449,0.01583336,0.14285840,-0.12771614,-0.01252577,-0.17701587,0.14125028,-0.09098706,-0.14636597,-0.16758278,0.05050316,-0.02328989,-0.22452779,-0.19692007,0.10666946,-0.12355991],
 [0.02237041,0.05447213,0.11511175,0.22311075,-0.10337535,-0.01066146,0.04090970,0.10900331,-0.06678050,-0.07160743,-0.26657012,-0.11170653,0.01684187,0.01188152,0.00628339,-0.12515789,-0.00215355,-0.01580612,-0.11313184,0.18683450,-0.00190277,0.26286900,0.20364287,0.06729067,-0.19016634,-0.09697932,-0.29915369,0.10729195,0.07730190,-0.07207172,-0.11478002,0.18019249,0.17561328,0.04879816,0.04676290,0.15785618,-0.18181129],
 [0.01783576,-0.12763329,-0.17928058,-0.08116084,-0.03644162,-0.18666428,-0.18390840,-0.06816556,-0.16263567,-0.18430996,-0.08539198,0.01304434,-0.11771216,0.06687692,-0.26148942,0.03913851,-0.03685031,-0.10051860,-0.16767582,-0.05590560,-0.05748730,-0.00113826,-0.30821192,-0.17440577,-0.01868793,-0.08582163,0.10745391,-0.19400930,-0.14957465,-0.14261551,-0.20123172,-0.07972795,-0.19379094,-0.27663556,-0.24015628,-0.27787524,-0.11289888],
 [-0.12994199,-0.17326631,0.06462672,0.02227989,0.19433282,-0.13891010,0.07526261,0.07620967,-0.13053896,0.03976684,0.06859566,-0.04225508,0.08234059,0.21045551,0.00532259,0.11474470,-0.09824273,-0.00410349,-0.20578605,-0.16923216,-0.05631689,-0.30017525,-0.04558159,-0.24701183,-0.03248878,0.10105398,0.12766758,-0.18172213,0.19348015,-0.11103678,0.11944633,-0.22494797,0.02541044,0.14027801,-0.13614954,-0.02330421,0.00507231],
 [0.15688750,-0.08442758,0.15226349,-0.08193429,-0.16229153,0.02392314,-0.24262257,0.17448626,-0.16162218,0.13514982,-0.20989497,-0.04250323,0.12301245,0.12528244,0.17243373,0.08057772,0.00049286,0.21109122,-0.04505546,0.23714718,-0.05365226,0.01580260,0.24452047,0.19505464,-0.08426913,-0.10736486,0.03530339,0.11328401,-0.10942150,-0.07989315,0.09949699,0.15146135,0.04304865,-0.01035250,0.05086477,-0.04112225,-0.15676391],
 [-0.06589042,-0.01128296,-0.07552735,-0.14438131,-0.26644915,-0.15507932,-0.02060482,-0.25421545,-0.21625724,0.15269208,-0.24225357,-0.04113336,0.02578044,0.00050269,0.07748342,-0.01785514,-0.03727089,-0.11633924,0.01833068,0.11836834,-0.06137015,0.11169732,0.03657935,0.11492763,-0.12988903,0.05488543,-0.02765841,-0.10930511,-0.24986817,-0.16165498,-0.05673701,-0.12805104,-0.16931109,-0.25851285,0.02009529,-0.17377968,0.02602375],
 [0.16206448,0.04176568,-0.01581281,0.01129751,-0.16368584,0.11204275,0.03418615,0.22854592,0.16666836,0.21110100,-0.07346881,0.06581870,0.12229656,-0.12095610,-0.07294018,-0.07205416,0.17477062,0.02246502,0.13358451,0.17195210,0.00913993,0.09380546,0.00570291,0.18690598,0.13869891,0.02850537,-0.04579727,0.09621168,0.10985346,0.04050247,-0.00083120,0.22650127,0.26389346,0.20916276,-0.00690249,0.11535410,0.21967332],
 [0.06127551,-0.17883256,0.02114949,-0.12471435,0.13336897,-0.05446882,-0.14129178,0.02265452,0.01696434,0.02374653,-0.10615166,-0.11846786,-0.14655249,0.19598298,-0.06523684,-0.17439426,0.03068020,-0.19798002,0.02893022,-0.12138237,-0.02631596,-0.01723318,-0.14690118,-0.23925355,0.16670622,0.16168004,0.21905857,-0.03921695,0.02386462,0.01509969,-0.01174578,-0.31815585,-0.27381378,-0.13150027,-0.15842320,-0.20503163,-0.09005908],
 [0.06680989,0.16609658,0.08105777,-0.03491254,0.11100611,-0.05783061,0.18657069,0.04085822,-0.04204198,0.05833497,0.21154362,0.10578094,0.17904212,0.05942323,0.17934236,0.10473350,0.02595061,-0.11916937,0.10474367,-0.09406194,0.08561137,-0.19839691,0.07624484,0.08294372,0.14915378,-0.04656814,0.24298194,-0.18146601,0.16810384,-0.07839878,-0.05909761,-0.21913618,-0.08994757,0.04115305,0.21316876,0.10657414,0.18366221],
 [0.08846484,-0.06432599,-0.30378354,-0.22982721,0.19415940,0.10348727,-0.17985398,-0.09977708,0.01074247,-0.15301472,-0.12019278,0.07253293,-0.17896810,-0.03834539,-0.03732935,-0.22081347,-0.05773143,-0.05947302,-0.04208180,-0.21926554,-0.26749513,-0.22288558,-0.08295546,-0.12514299,0.04538967,-0.13642104,0.06526080,-0.10187569,-0.05874832,-0.12162884,-0.06027900,-0.28199410,-0.20655617,-0.30688885,0.02137437,0.01200644,0.02989369],
 [-0.00926567,-0.04761640,-0.11068475,0.05235287,-0.01371857,0.15276805,-0.15633745,-0.22563374,-0.05824575,0.19191372,-0.20189168,-0.20326810,0.13588378,-0.16335437,-0.04984435,0.02214528,-0.05339396,0.18526611,-0.02093167,0.00570973,0.02275409,0.25820541,0.01649421,0.11645622,-0.29118168,0.00139588,-0.30169582,-0.06802720,-0.21952765,0.05768869,0.12094530,0.04766334,0.21126933,-0.08596310,0.05607971,-0.02513513,0.02123141],
 [0.17643355,0.11343275,0.18193306,0.02704948,0.22322667,-0.06909970,0.06647661,0.02844370,0.18255924,0.01630901,-0.04783462,-0.07047679,-0.09353653,0.02067791,0.16705151,0.01270604,0.16548985,0.23807278,0.19739960,-0.05681264,0.06178141,-0.00081043,0.09733855,-0.04522274,0.08654001,0.18173003,0.19024593,0.02164816,0.19705914,-0.01106779,0.01703168,0.11333403,-0.03991733,0.29091048,0.06953538,-0.01249415,0.07514807],
 [0.13503467,0.04938092,-0.17290743,-0.03488410,0.16163757,0.14092869,0.22179618,0.04594186,-0.04674863,-0.25640729,0.27436423,-0.06287136,0.15853317,0.06471673,0.09104593,-0.01705738,-0.15632211,0.07016919,-0.12098768,-0.24607700,-0.00279957,-0.22327273,-0.08829694,-0.14587300,-0.00976428,0.13664979,0.23442869,-0.23362665,-0.07611531,0.02708537,-0.09318089,-0.21939966,0.08788091,-0.13530836,0.06156785,0.02357673,-0.01230018]]