[1.3699416875991424 0.5405829524789016] 1 0
[-1.0860039329792235 1.9385576272333753] 0 1
[0.8564482810309333 0.43625712861212906] 1 0
[1.1249577595977711 1.1538868252656886] 0 1
[2.4245207742369033 0.7347547224656314] 1 0
[1.8312100921118222 0.3803677456336791] 1 0
[1.4359398282183498 0.9194593369456192] 0 1
[1.0375210174537692 0.7348664945500316] 0 1
[0.9097922306407766 0.6542241619431961] 1 0
[6.049488507221783 -0.1482449649722251] 1 0
[2.916875084418656 1.9667068218168757] 1 0
[-1.5098878168540404 2.2861907192936846] 0 1
[2.114423759173449 0.0536942371603011] 1 0
[2.8237989115911226 0.06654580063265819] 1 0
[-0.06021992987126852 2.0817623831988628] 1 0
[2.1005892574453213 0.4186612204928286] 1 0
[2.6193813647337905 0.6290831047354627] 1 0
[0.7008504822666746 1.2027496764053591] 0 1
[1.1646792871366753 0.49034923507158135] 0 1
[0.6545725534875358 0.7503307496094561] 0 1
[4.496970305847242 0.2695849986845352] 1 0
[1.1587374754241029 0.9889424512770222] 1 0
[4.5688646575221705 0.5718218921436062] 1 0
[0.10248286148563378 1.1221620417720106] 1 0
[-1.3981997539904707 3.883050532199341] 0 1
[2.2695999995530833 0.31650066270564403] 0 1
[1.6715050950548043 1.4266671519410534] 1 0
[2.6367472674930985 1.377997754119317] 0 1
[1.8582234092709329 0.502693986701012] 1 0
[-1.1781158134733212 2.651154036056819] 0 1
[3.7150905829102134 0.26642205823103654] 1 0
[1.6621601972608238 0.5670544084744064] 1 0
[2.899955184142584 1.408519333911693] 1 0
[-0.9798571615809564 0.7384438474885875] 0 1
[-0.28525247283101707 1.6774896327775004] 0 1
[0.7333771181495172 2.618401926772264] 1 0
[3.8493674047016224 0.6833923031736322] 0 1
[2.4415454618893797 0.563136729015612] 1 0
[1.5293984030525736 0.5177321518095965] 0 1
[0.626717167427609 0.5518581031302265] 1 0
[-1.193936975695471 2.3752109961418757] 0 1
[4.38034821167841 0.4008059364657778] 1 0
[-0.5477390710385871 1.5557225974339006] 0 1
[0.6646901611140339 0.5193858387198416] 0 1
[1.7104052212875218 1.0953927785237496] 1 0
[-0.6278183809386398 2.483160949465869] 0 1
[4.372297504906989 -0.1533181930989912] 1 0
[3.6389086035530016 0.808407242172569] 0 1
[1.0929369229250052 0.5809456343076147] 1 0
[1.4831112677981593 0.8477266833372683] 1 0
[1.9604863392964642 0.606021190207368] 1 0
[4.337289648793906 1.1418083596377273] 1 0
[3.9565881771184346 0.06682926545338344] 1 0
[0.3467118690043885 1.1621234927621487] 0 1
[5.299041057941018 0.0792502308319793] 1 0
[-2.523074174279465 3.587990360044013] 0 1
[1.458783978137265 0.7229668178323523] 1 0
[4.104138878956855 0.3848134001280236] 1 0
[3.31839242506509 0.5667061680600636] 1 0
[2.30080715461175 0.5632806964021513] 1 0
[2.1557174342532033 0.2578534943897927] 1 0
[1.3188426582298267 0.8751171092726109] 0 1
[3.298323655915542 1.7701669462052587] 1 0
[1.4427337860053009 0.4057873060288455] 1 0
[4.639301181860558 0.9383489552814781] 1 0
[2.6268153044174216 0.5903034214621639] 1 0
[4.297254566490497 0.6019935546330182] 1 0
[2.126389406358053 0.4801966801552213] 0 1
[1.491857423404129 1.8359673410471675] 1 0
[3.038378805714167 0.6284645503841284] 1 0
[1.2733803452534391 0.8502856956002143] 1 0
[-0.3468671507681069 2.470957359681571] 0 1
[1.447875587568868 0.8492839844271316] 1 0
[1.5242523861973014 0.42181785382052395] 1 0
[2.136307814523404 0.6194888001314238] 1 0
[0.7428673420408627 0.5217608971062709] 1 0
[1.0870943451654207 0.3535244904410656] 1 0
[5.427605753539904 0.9871584453129986] 1 0
[2.4252495378710544 0.8897742182926807] 0 1
[0.5982041928277954 1.2169988248521961] 0 1
[0.947661784045992 1.5193137051601804] 1 0
[2.759697687121703 0.6416997362035601] 1 0
[1.7153022617117943 0.4786615223981141] 1 0
[0.7492740209945613 0.6676172342262259] 1 0
[0.6663537864664284 1.4458036377172288] 0 1
[1.3993603104669559 0.5934757371495776] 1 0
[0.890307069602843 1.2631212460121026] 0 1
[1.1632247769764055 1.0530547081410926] 1 0
[3.0342243153838027 0.38977691324490493] 1 0
[1.4815726604061397 1.425401825640869] 0 1
[2.50415329968307 0.4858928226529946] 1 0
[0.45709184953907 1.0456845717173944] 0 1
[0.8559344946019158 0.6209722890854235] 1 0
[1.2437494121184565 0.2739285687362082] 1 0
[4.872562659704618 0.2417216130391153] 1 0
[3.327745218703725 1.3582831896898777] 1 0
[0.7512041497204482 0.9682937441177402] 0 1
[3.3872913217528975 0.004968862385095266] 1 0
[1.6891542852309864 1.9205106806760601] 0 1
[2.1635488679662798 0.915957945767909] 1 0
[0.7464817008551183 0.35912628772010713] 0 1
[3.297988542494662 1.0938054797215992] 1 0
[1.0862096766440996 1.0990852566766267] 1 0
[-0.3548967169275383 1.3295012396014123] 1 0
[2.1531287779327934 0.1535046635140535] 1 0
[0.20537465217768286 0.9038112784375656] 1 0
[-0.6152225667812066 2.028864333389539] 0 1
[-0.5992071194025749 2.860964513445256] 0 1
[3.890757638186017 0.6015252471196656] 1 0
[3.691143369646233 0.3586004948141181] 1 0
[2.345279908662433 0.3926328311356063] 1 0
[0.6142930175752332 2.649441796602483] 1 0
[-1.0565798196815637 3.5367411800193507] 0 1
[-1.7394082485243312 3.9077887474435133] 0 1
[1.6200758503221002 2.216684664032951] 1 0
[0.5592886691534935 2.043476887856449] 0 1
[2.1270894631431227 0.24740846714306763] 1 0
[-0.46729384995636053 0.8350037002237403] 0 1
[1.1058017507314872 0.7003416688953745] 1 0
[2.5609538570471475 0.7312856867198874] 1 0
[1.3201417544345193 0.492096789629646] 1 0
[0.9627777947163787 1.345130850751255] 0 1
[2.898430707870315 0.4948047765024872] 1 0
[1.8754813633088285 1.0399325782307653] 1 0
[2.806065609993981 1.354730250385995] 1 0
[2.097625429208216 0.8752935945951577] 1 0
[-0.7458670890514383 2.956300231943205] 1 0
[-2.202725708292416 3.7572369785375064] 0 1
[0.8849401321957974 0.7599077640808978] 1 0
[2.6337009991890974 0.033904153823989744] 1 0
[2.9114806768809007 1.0009662685251612] 1 0
[-0.15866651965620981 1.7990297429975297] 0 1
[0.7617928582520335 0.3498930520846058] 1 0
[2.2613452451809986 0.8452527088021131] 1 0
[1.6108186928086627 1.0220652405437063] 1 0
[3.01020534071758 0.552085413594066] 1 0
[-0.6567473033397311 2.3669353383656997] 0 1
[4.327855083460856 0.7721618415319256] 1 0
timing:  17m12.892683417s