[0.4034746459105646 -0.03829176855934795] 1 0
[-0.8749970961392851 0.7726769441002524] 0 1
[0.29348066313617915 0.03897834618570475] 1 0
[0.18170888165267712 0.16280590780485155] 0 1
[3.6268920543841423 -1.4663395265939987] 1 0
[1.1984363751978049 -0.32286256848680617] 1 0
[1.1513488097429578 -0.07860316707861913] 0 1
[0.08858236637108519 0.12810636001077996] 0 1
[0.2905875935130364 0.05301690029306916] 1 0
[8.544753073236038 -4.849719897223166] 1 0
[2.032812240665092 0.19180489673233161] 1 0
[-1.4040176994758249 1.1380864324707742] 0 1
[1.1471744997089965 -0.4970767391240696] 1 0
[1.7775082136693086 -0.9352265631074377] 1 0
[-0.9056539423292618 0.9529605586828169] 1 0
[1.730649257906661 -0.21857668688063442] 1 0
[3.0572946095493814 -0.6458893021544623] 1 0
[-0.3059704720696586 0.5158032197144649] 0 1
[0.6365413897762899 -0.1652875081172603] 0 1
[0.04087612281088257 0.18175980583315166] 0 1
[4.7458335443490895 -2.3581803309026084] 1 0
[0.18082728668703613 0.1955153558227114] 1 0
[5.43503849577611 -2.543190059186444] 1 0
[-0.19605205415269078 0.700319316234858] 1 0
[-5.0652893322765 4.7465540199950444] 0 1
[1.2558899540584187 -0.504673179061923] 0 1
[0.500932092689274 0.3433860677565641] 1 0
[1.5127346033020346 -0.19010819162792053] 0 1
[1.5290794513840362 -0.5167656268125069] 1 0
[-1.4863685129704463 1.3479703329313342] 0 1
[2.9023850847262755 -1.4203320715045145] 1 0
[0.8144806533727584 -0.2613892453225418] 1 0
[1.905542888585229 -0.20190610356723035] 1 0
[-1.6166962016135158 1.2873708237597605] 0 1
[-1.7214700131997538 1.9505373435693532] 0 1
[-0.016170308898141805 0.7823498872342954] 1 0
[4.043877004879013 -1.84945542423903] 0 1
[1.8958221419696502 -0.14411337257266654] 1 0
[1.109000863012926 -0.12729490308143246] 0 1
[-0.14212261897703288 0.17836252260902655] 1 0
[-0.6487322730817859 1.2880937701844866] 0 1
[4.2834129992509755 -1.9439936350702958] 1 0
[-0.48351983621383576 0.4605582760115482] 0 1
[0.08857287041259687 0.04249134150409235] 0 1
[2.7876660792673973 -0.39623699395092316] 1 0
[-0.8083899369702781 0.933407038496123] 0 1
[2.2392843574749994 -1.1021861017284524] 1 0
[3.728820543812119 -0.40522010141304465] 0 1
[0.2958732300106908 0.06920258214113029] 1 0
[1.7563515659218119 -0.024255259028706087] 1 0
[1.7729915528803524 -0.27453308583127345] 1 0
[7.375697793297185 -3.053876091011598] 1 0
[5.812792508010009 -3.0579956257107677] 1 0
[0.7693531495214602 -0.030252495262493358] 0 1
[6.240698406055618 -3.314878694135146] 1 0
[-2.401226502374797 2.5776828550047215] 0 1
[0.9124015475941873 -0.10987002798075096] 1 0
[3.5707601048109208 -1.5118753242381104] 1 0
[3.4591182362960042 -0.8815246717441025] 1 0
[1.9711705535357154 -0.37220580315895746] 1 0
[1.7888612468327465 -0.39515808273634556] 1 0
[0.8029851965406793 0.277164966610564] 0 1
[4.334562590889831 -0.8746736891288389] 1 0
[0.6332154285705098 -0.0847654402552307] 1 0
[5.842878900404901 -2.340328369356939] 1 0
[2.58223874575084 -0.2674746336116733] 1 0
[4.987956508402185 -2.0700050675920294] 1 0
[1.8842485715289532 -0.83151396564538] 0 1
[0.4800264504705266 0.6885160535730017] 1 0
[1.6098255120260205 -0.49238015782563715] 1 0
[0.47863889765138057 0.30026993868453017] 1 0
[-0.9953020386498228 1.3266571199110269] 0 1
[0.4598555584371211 0.332461909600375] 1 0
[1.0000976555178958 -0.3596168734898958] 1 0
[1.012066881463391 -0.24101604570781457] 1 0
[0.1653402032517448 0.12453204899980828] 1 0
[0.9226978312184749 -0.2371875854098906] 1 0
[6.823186211472818 -1.5880093712814252] 1 0
[0.6370244137936384 0.07768998646050196] 0 1
[0.7434387516426748 0.7843128646541007] 0 1
[0.3368533901575471 0.5759901400585445] 1 0
[2.377058795231064 -0.8542429024687656] 1 0
[1.2804537098625581 0.030868152163834886] 1 0
[0.07201956199160012 0.15463803022442993] 1 0
[0.07751611130508992 0.2997919851622973] 0 1
[0.8329170939804922 -0.2751196051395909] 1 0
[0.0976542062328917 0.31866647669034076] 0 1
[0.1757221957447183 0.2297692545715675] 1 0
[3.5541347084579797 -0.9057938630426273] 1 0
[0.8360471484952782 0.15412634734221514] 0 1
[1.7925783756518987 -0.8801778612795925] 1 0
[-0.015405577151567623 0.29703664712454825] 0 1
[0.09141203678694088 0.13692440984938575] 1 0
[0.5700196223871836 -0.21125914724748057] 1 0
[5.025393452590668 -2.5028828479411382] 1 0
[3.286803759477175 -0.9117091427034032] 1 0
[0.06810626531789574 0.15256046216471686] 0 1
[2.656440864101258 -1.407162626092068] 1 0
[0.8328321051495403 0.6569321595448204] 0 1
[2.6275543100326995 -0.5195821070836698] 1 0
[0.32768641886534183 -0.08305392977256532] 0 1
[3.3345515851438003 -1.0412990731341836] 1 0
[0.26673417578313463 0.23515980902816655] 1 0
[-0.4886363310772244 0.39541467255733576] 1 0
[0.7288523716468567 -0.31519302528444715] 1 0
[-0.10975855130713505 0.2339498968054268] 1 0
[-0.7513125919413474 0.9345255457128478] 0 1
[-1.4343440897546553 1.2687983352371612] 0 1
[3.318605687457281 -1.3281404403573354] 1 0
[2.8911119547665045 -1.3259592411008627] 1 0
[2.019477899179322 -0.3994359153477255] 1 0
[0.6048966806657572 1.0762244071433504] 1 0
[-2.662843215547728 3.8282308304862926] 0 1
[-1.6398032205126631 1.6796390648162127] 0 1
[0.6304325473333141 0.8903911888266727] 1 0
[-0.11653517592360758 1.2183266495926426] 0 1
[2.0044716246495566 -0.6116502024529351] 1 0
[-0.9999525819071313 0.7765634214462411] 0 1
[0.3370607409634435 0.029491000394141112] 1 0
[1.8305141078465987 0.22447510156965567] 1 0
[0.5688377132252909 -0.11998547199286615] 1 0
[0.6814713322468318 0.6867752504735902] 0 1
[1.928010123573334 -0.8243701180435963] 1 0
[4.103308369564379 -1.11173703388319] 1 0
[2.601000552936722 -0.42842944163082836] 1 0
[2.7138339396361655 -1.0318751056360211] 1 0
[-0.49716218769867926 1.4674285474381716] 1 0
[-1.568054397955046 1.716385995003175] 0 1
[0.025031678415384513 0.16209524053122865] 1 0
[2.9983574192189217 -1.4924787293387385] 1 0
[3.6656882615661557 -1.2422429497588143] 1 0
[-0.6161340593672278 0.5319563250352013] 0 1
[0.12611819332655416 -0.004537794079307693] 1 0
[2.0183951974546632 -0.6800034992645474] 1 0
[0.6937421701481888 0.06004899951732383] 1 0
[3.4773659911815695 -0.5765283181825074] 1 0
[-0.7578937067890623 0.8515129730237272] 0 1
[5.692081617257502 -2.180762056294131] 1 0
timing:  16m6.668339209s