[0.8913745884320577 -1.7810348728478957]
[-1.0570493656467952 0.23231698593532008]
[-18429.00524508137 -6297.438107037105]
[0.7752195463913227 -1.6947371269826537]
[0.722421702723032 -1.6474095456230016]
[1.2648255482054833 -1.9626617874474663]
[0.7109577869796826 -1.5688380677664973]
[0.7553589836466537 -1.7173465647074702]
[0.8323407247723558 -1.741944065044069]
[0.6416777155404929 -1.7054308362283512]
[0.505467920039124 -1.4523550252104958]
[0.8100184841815106 -1.759881886977233]
[0.7832924393053504 -1.776220225948144]
[-1.5004573489690036 0.80480923084548]
[11125.30479294966 1346.0884278342255]
[0.7430330196068119 -1.6380430392978442]
[0.8505497676732574 -1.7479155413613898]
[0.6247218578354397 -1.6283201823327333]
[0.5195468290544027 -1.5145138769114634]
[-1.7681658964667815 1.0648801497483324]
[0.7622343293085541 -1.782848783653672]
[1798.2431564927447 -3628.852316739476]
[0.3856728216724452 -1.4572619857879694]
[0.8020905784778668 -1.7678941751230477]
[-0.14885303671397 -1.1659650345001569]
[-149011.44339638582 721728.3899683701]
[0.8906214891037074 -1.780838752669513]
[0.7966769993188711 -1.7030363864425104]
[0.7049742621617616 -1.6862840876264062]
[-122007.85022381684 23880.00126467027]
[-19998.884007308377 52959.45309852157]
[-0.6553656010025631 -0.46438938378307476]
[0.37563059039325364 -1.0264745055020756]
[0.6881306641288444 -1.614580426258779]
[0.8909495213041319 -1.7811759146187227]
[-1.4850324620527304 0.748438736460304]
[0.8611408230711894 -1.803137829189326]
[0.784576784081435 -1.6761774300480259]
[-1.833708053121704 1.2079739542674546]
[0.8378425343886247 -1.8164698193805155]
[0.7188696458743785 -1.7391698139006815]
[0.7687177678124409 -1.7004773460129736]
[-11015.199639960265 121948.36919787104]
[0.8774971959190035 -1.793376131175551]
[0.7334853127001724 -1.7070345925178299]
[0.5457634548125797 -1.4787073495990866]
[-1.5052498660026523 0.5676576402654996]
[0.7825663325256413 -1.7760409352451898]
[0.6125994959674494 -1.5004899215333407]
[0.06395401226413022 -1.1643585902877036]
[-0.9476340435696013 0.21204654217722563]
[-1.3615903938791445 0.6381195796975065]
[-1.7143516600666429 1.0894666396613077]
[0.7198484989162239 -1.7398528466020347]
[0.7195756500196586 -1.7399098342566162]
[-0.9588259623955997 -0.22117659418563826]
[-0.46788731113819126 -0.19411459323696634]
[0.8317169373070538 -1.742051688058392]
[0.5199344154512556 -1.5970370898635489]
[0.7170318359049961 -1.7277675213989767]
[-216.08512273503166 339.4692154834451]
[0.7199541588739227 -1.7402479109815048]
[0.8604583861709019 -1.8034430385114733]
[0.7624761604973773 -1.7824938069206877]
[0.7967492131847818 -1.6493590318529687]
[0.6764028583042709 -1.751681361267825]
[-1.8064956145805877 1.151591352753941]
[-1.728853941769113 0.9533717361793754]
[-1.5393314773040672 0.7865104410602755]
[0.6674825483364976 -1.667491914589371]
[-0.7708795295565842 -0.8309397388941999]
[-0.9191381322336851 -0.2812779635420145]
[0.6432710497000724 -1.6453590492819754]
[0.8712200088506115 -1.7991214315270119]
[-1.037270842126742 0.007841878185115673]
[0.5913214652436346 -1.6154305497311667]
[0.7838924416804183 -1.777122915202634]
[-1.513459483056954 0.8776437953068266]
[0.8184743540990937 -1.8227251274720193]
[0.7880511665300526 -1.8019431209460304]
[0.8316710577800426 -1.7421218002722962]
[0.8431667461921707 -1.8108757813381813]
[0.7813433112916961 -1.7171642126689703]
[0.7685290978730136 -1.7008383501296724]
[-537.1553193495922 2391.3168888020373]
[0.6449215499573078 -1.6633973558779949]
[-0.5030091504286809 -0.3727730864731431]
[-1.8696245286113382 1.2717201302728665]
[0.6967042003545063 -1.729118835655025]
[0.8905079055840062 -1.7805109737179965]
[0.8910230295257597 -1.7805854159908177]
[-0.5465798392428742 -0.7106236019694756]
[0.7732614982079391 -1.6610717751601358]
[0.5846953051952033 -1.6545791914190138]
[-1.8658764135873467 1.3643992540646692]
[0.7739306100134367 -1.6233464066517298]
[-1.7116373986836724 0.8754057004541169]
[-1.3847808904825478 0.6763038690024841]
[0.8020591103524455 -1.7677854114399238]
[0.8093129526990444 -1.8052160990027197]
[0.7192371989538529 -1.7391398075978994]
[0.6528372174705201 -1.6193202409681222]
[0.7080741541241029 -1.6817215719054763]
[-0.6424854868478362 -0.6660582450531668]
[0.890375325031346 -1.7803322584915957]
[-0.979305740773605 0.4129575535200994]
[0.8218880283082131 -1.8150227713006477]
[0.8420991672018807 -1.809724762469342]
[0.8169200194329691 -1.746258295791093]
[-0.43175645538619023 -0.6458703666606314]
[0.930114512195986 -1.8362417491082246]
[0.6083994347335036 -1.5016309123137725]
[-0.3772836335643514 -0.5481845446926472]
[0.8107114693099942 -1.807456782444521]
[0.8344406931948005 -1.8538084666645227]
[0.6007006565589259 -1.4511551266703002]
[0.6466814292380516 -1.6718166584897762]
[0.7299087116057579 -1.601087434698798]
[-0.21441359681428773 -1.0232625590213957]
[-5.393501937829907 28.1185410643935]
[-0.5905630663313957 -0.11865766405371625]
[0.8020206007807495 -1.7679579161287902]
[-1.3431039290214795 0.7267037885388297]
[0.6616267556466617 -1.6682410482934609]
[-1.8708206189586007 1.2950608984650462]
[-0.9579699249351317 -0.18912944260523584]
[0.808975882218846 -1.8122187923697402]
[0.890733380484314 -1.7802841674874088]
[0.8909166607357422 -1.780951654293859]
[0.7554510075766039 -1.7175196361691523]
[-0.4160057462931375 -0.10316402746395875]
[0.3649025091279327 -1.40642687392239]
[0.7392441249299804 -1.7295040261375174]
[141261.47157131165 234770.59270058764]
[0.6143969023793927 -1.563906969126928]
[0.8099801797306734 -1.7596080584145657]
[-2340.8690184026777 10689.822027736896]
[0.40501621219106954 -1.3456161309113077]
[-1.818844077966165 1.19584421367605]
[0.8022248169455203 -1.7678879004814496]
timing:  7m46.241728417s
