[-0.4870083955782418 -0.7841727535101677] 1 0
[-0.740473272263993 -0.011758071352272142] 1 0
[-0.8651953906406926 0.522743828578097] 0 1
[-0.5364283497406027 -0.6160684648365262] 1 0
[-0.4869480306441526 -0.7851514207015594] 1 0
[-0.9386508609231745 0.5462643387593971] 0 1
[-0.48756366408194096 -0.7852659989953548] 1 0
[-0.5367041404529976 -0.6162552087824374] 1 0
[-0.4878927193541976 -0.783906760220727] 1 0
[-0.5359397409202209 -0.6165290839957571] 1 0
[-0.5504162719533309 -0.6049123741529537] 1 0
[-0.48634307060232307 -0.7848350627548868] 1 0
[-0.6515940033201576 -0.2364747217277911] 1 0
[-0.9390661769417676 0.5466744945488038] 0 1
[-0.9234396781992287 0.7169133165254519] 0 1
[-0.48675058338657373 -0.7848741996590037] 1 0
[-0.4865999808685474 -0.7848752897696645] 1 0
[-0.7346837260492486 -0.007990874740136886] 1 0
[-0.5911827304640414 -0.43141335502217193] 1 0
[-0.7985094705840443 0.15469521580898132] 0 1
[-0.7128590672974437 -0.037659448540876835] 1 0
[-0.9399588951944866 0.5467925065040478] 0 1
[-0.5439882989203306 -0.6115511596697552] 1 0
[-0.591885753707888 -0.43280329946953033] 1 0
[-0.8793069441428217 0.4887331301854282] 0 1
[-0.8389495646911169 0.3098586691794426] 0 1
[-0.4868781777074124 -0.7842205457555191] 1 0
[-0.5361568468819947 -0.6147041637187372] 1 0
[-0.7269060352501904 -0.013248269368517493] 1 0
[-0.865809072296989 0.5238092623304607] 0 1
[-0.8202902495210633 0.3378243501703537] 0 1
[-0.8791114208636275 0.48836371332836925] 0 1
[-0.48649016985896937 -0.7849666632329501] 1 0
[-0.5912784738159639 -0.43245612814563483] 1 0
[-0.4864868399768739 -0.7855145248159081] 1 0
[-0.9385817925691533 0.5468499130541893] 0 1
[-0.5913370265844129 -0.4320597982096922] 1 0
[-0.4872628515298505 -0.7836205649865926] 1 0
[-0.7462188057720922 -0.014016158164964345] 0 1
[-0.5920446861372108 -0.43151910567575025] 1 0
[-0.6516471844461433 -0.23606988546804175] 1 0
[-0.48677014448355355 -0.7843077864082968] 1 0
[-0.9394010392622194 0.54663715192273] 0 1
[-0.5367325395767113 -0.6162282118299387] 1 0
[-0.7131496443876459 -0.037300981443172565] 1 0
[-0.4871989796354338 -0.7843083280117417] 1 0
[-0.9114164452491886 0.6908440256465516] 0 1
[-0.6518377300887351 -0.2364686636644186] 1 0
[-0.5359785157864266 -0.616586501807114] 1 0
[-0.7347678006485305 -0.008478641304873373] 0 1
[-0.7349803640905191 -0.007750579034824411] 1 0
[-0.8955640778372923 0.5656495139275728] 0 1
[-0.6901984332706718 -0.1897614187323528] 0 1
[-0.6512429679576224 -0.2369700728418651] 1 0
[-0.6518464874054758 -0.2370372291147822] 1 0
[-0.86608282730597 0.436269869435726] 0 1
[-0.5493070158071488 -0.6057529631795702] 0 1
[-0.4874280382475593 -0.7831195031005285] 1 0
[-0.48632894683899025 -0.7859504424761127] 1 0
[-0.7132539910262126 -0.034318975806381505] 1 0
[-0.8662197540052974 0.5232132889876104] 0 1
[-0.6516896720682128 -0.23695394764393163] 1 0
[-0.5923737103771002 -0.4309817708575566] 1 0
[-0.7124843639708567 -0.03759192837328352] 1 0
[-0.4872708863767705 -0.7840568665582697] 1 0
[-0.7722543426516046 0.16049228185506198] 1 0
[-0.837974199171375 0.3107782606302008] 0 1
[-0.9236163367308974 0.7197164598133334] 0 1
[-0.9235930064327975 0.7175512856577817] 0 1
[-0.7129466023907189 -0.037572322091990934] 1 0
[-0.9391846594633362 0.5484382276715377] 0 1
[-0.8362348140149581 0.2997744383262301] 0 1
[-0.6516529887061966 -0.2367392695972149] 1 0
[-0.4863294484469879 -0.7860850066685942] 1 0
[-0.7917921284123741 0.18360571907305778] 1 0
[-0.6106601437460406 -0.4082947795787356] 1 0
[-0.6512476664686087 -0.23630978505276623] 1 0
[-0.7657623094112034 0.08902628915768984] 0 1
[-0.6512602167579293 -0.23773763463940562] 1 0
[-0.5916106820824858 -0.4325578229353787] 1 0
[-0.4863252188946274 -0.7846375315191576] 1 0
[-0.6515614181153905 -0.2366930407630265] 1 0
[-0.5926826664565829 -0.4320339189371126] 1 0
[-0.4875955674414978 -0.7846284802553254] 1 0
[-0.7953742077513742 0.21772590727032287] 0 1
[-0.7131883520019887 -0.036568182489667984] 1 0
[-0.6195100220085339 -0.396248518781376] 0 1
[-0.8581089226206833 0.5093739629687929] 0 1
[-0.5914091822933273 -0.4311163002860867] 1 0
[-0.486878714829109 -0.7854276457439884] 1 0
[-0.48678023592439545 -0.7849064107420214] 1 0
[-0.9363597108551434 0.7554884378575792] 0 1
[-0.4871569542504917 -0.7844930538915826] 1 0
[-0.7122171227407117 -0.035880084504994206] 1 0
[-0.7298611657940569 -0.047806161647286065] 0 1
[-0.4904966469139038 -0.7912966802211279] 1 0
[-0.9365602406834995 0.7553388103219463] 0 1
[-0.8368937160308237 0.3503581959446098] 0 1
[-0.5919921119161204 -0.431981553353014] 1 0
[-0.5913849733125447 -0.4326654728297273] 1 0
[-0.6526350777505272 -0.23660059542714718] 1 0
[-0.6739135698551715 -0.2055370971977342] 1 0
[-0.7361135021619613 -0.007918441513490092] 1 0
[-0.9453486517517407 0.792806348044106] 0 1
[-0.48603354218954686 -0.7841216770161838] 1 0
[-0.8362212116466835 0.2996568156468461] 0 1
[-0.7128874487222282 -0.03641885065648119] 1 0
[-0.6509926621106187 -0.23869325253083548] 1 0
[-0.48729167739499046 -0.7833812985034805] 1 0
[-0.7781384291070863 0.08475647532619354] 0 1
[-0.4870495577455437 -0.7840213189595986] 1 0
[-0.48727797115732624 -0.7845286068492214] 1 0
[-0.734563666553268 -0.0076542018837885365] 0 1
[-0.7265171003635899 -0.012375045149277245] 1 0
[-0.7723887299170633 0.160521736857286] 1 0
[-0.4868707267464386 -0.7840055206987147] 1 0
[-0.726803801003759 -0.014734892873004576] 1 0
[-0.48720192121425987 -0.7835408854953625] 1 0
[-0.726652314302356 -0.013122068264781123] 0 1
[-0.9391849560891105 0.5470803298973462] 0 1
[-0.8963254964325242 0.6833765483355974] 0 1
[-0.5924542511341777 -0.4309313514372539] 1 0
[-0.7344000109433322 -0.00936212763017313] 0 1
[-0.6513805111737485 -0.23655887865308262] 1 0
[-0.7381364281928238 -0.0556629483579949] 0 1
[-0.9364940314032326 0.7548309840963962] 0 1
[-0.6518462133148857 -0.23636238528390002] 1 0
[-0.48704860954118834 -0.7851139768333296] 1 0
[-0.48702224888872675 -0.7844659306798804] 1 0
[-0.5360969984081837 -0.6151025463196399] 1 0
[-0.8613725745495872 0.4423665223788656] 0 1
[-0.7266526303098978 -0.014281201372700982] 1 0
[-0.5902249129771777 -0.43239167598436457] 1 0
[-0.9389979512731443 0.5471728159294159] 0 1
[-0.5916913755798919 -0.43245215089322436] 1 0
[-0.4863734719168533 -0.7836645275310354] 1 0
[-0.8204770679108875 0.33925283413671015] 0 1
[-0.6105075031639738 -0.40738054561196624] 1 0
[-0.8653289077117176 0.524156695332919] 0 1
[-0.592256691079859 -0.43149301038303767] 1 0
timing:  6m47.316066291s