[0.6340356350878027 -0.20757296753392743] 1 0
[0.12424532082346915 0.3650427573104282] 1 0
[-5.931992383075121 -1.4369623124791409] 0 1
[0.49302353228345724 -0.15251444749172866] 1 0
[0.57435539178767 -0.23538377996455792] 1 0
[-4.4551009506083705 -0.0173589150968273] 0 1
[0.6155491675078256 -0.11819316157725618] 1 0
[0.4060173630551891 -0.25495986230261475] 1 0
[0.5779689586149561 -0.2287421431318295] 1 0
[0.37956632273311314 -0.12127613182366681] 1 0
[0.2211966849199536 -0.15963241826421426] 1 0
[0.47302418889342696 -0.31809574813636954] 1 0
[0.3290262715985254 -0.2272322885631594] 1 0
[-1.1849926025780222 0.24883361869686638] 0 1
[-3.8832984040886824 -0.3772300045403425] 0 1
[0.5633021963935956 -0.18624866831845768] 1 0
[0.6099999009733266 -0.23944516980958827] 1 0
[0.12167660521999368 -0.1363126080470604] 1 0
[0.16030708271302027 -0.3003213691432181] 1 0
[-1.421551582505486 -0.015675481556343362] 0 1
[0.27183754613100775 -0.2231294738821593] 1 0
[-7.591614550417489 -2.8752005620682537] 0 1
[-0.02863300731100432 -0.4208992728954015] 1 0
[0.3978964066549702 -0.22978483478320122] 1 0
[0.01500947443496762 -0.3368643337221354] 0 1
[-2.3003328608568117 -0.579891689436894] 0 1
[0.6340356350270167 -0.20757296762670255] 1 0
[0.5146532304377182 -0.16164434043286288] 1 0
[0.14839254918967235 -0.22890162658569296] 1 0
[-23.613131128821436 -1.86278158710989] 0 1
[-3.2471034141161637 -0.7170330971251162] 0 1
[0.07169835983590268 0.017645700936258522] 0 1
[0.6294922857319436 0.5229179849993395] 1 0
[0.4139326486551803 -0.10949484366473199] 1 0
[0.6340356350749968 -0.2075729676154816] 1 0
[-2.548573931631486 -0.23553277746962734] 0 1
[0.4260291702193141 -0.2056304848167792] 1 0
[0.46958214014999866 -0.2297859248288231] 1 0
[-1.0292155016199476 0.1261935701047856] 0 1
[0.38116293774669735 -0.308041312392505] 1 0
[0.27704407275215814 -0.2539839662103468] 1 0
[0.4888079764428036 -0.25182806816479697] 1 0
[-12.768507659968298 -1.8700758951460914] 0 1
[0.5209289597589233 -0.20763748756798012] 1 0
[0.2183285306790817 -0.18561034830751272] 1 0
[0.2651157735499813 -0.3380046686327207] 1 0
[-1.4807904695157164 -0.009591872719842041] 0 1
[0.32902627147729857 -0.2272322886337771] 1 0
[0.3059396203448672 -0.1827434511378594] 1 0
[0.007637745994480792 -0.1486469573536745] 0 1
[0.005169826359844327 -0.15131004313698115] 1 0
[-1.199081315839938 0.10489680488662431] 0 1
[-3.4283405202830526 -0.04434192039889284] 0 1
[0.27704407294052386 -0.2539839661675347] 1 0
[0.27704407278978793 -0.25398396617763197] 1 0
[-0.1872323910707896 -0.04875537385775183] 0 1
[0.14232491463434216 -0.204980965976516] 0 1
[0.5779689588882102 -0.22874214310331187] 1 0
[0.30557533641379986 -0.37383669267662184] 1 0
[0.2242804757052979 -0.21948834569750975] 1 0
[-13.394159298584519 -1.459291638879519] 0 1
[0.2770440727782898 -0.2539839661608192] 1 0
[0.4260291699682082 -0.20563048486481825] 1 0
[0.271837545968191 -0.22312947388601329] 1 0
[0.4477023639779231 -0.20319884274071365] 1 0
[0.1859721054665482 -0.24606044142739625] 1 0
[-0.22044491631909638 0.3208640837021439] 0 1
[-1.588135138646909 -0.03710674865005216] 0 1
[-3.077300158118449 0.15659598791438512] 0 1
[0.17882232726138622 -0.21681813430335922] 1 0
[-15.503364834781411 -1.8785672395334911] 0 1
[-0.40949869688195173 -0.20453988207031204] 0 1
[0.2873196923060424 -0.217719781871226] 1 0
[0.5632989746497944 -0.29814061035677825] 1 0
[0.03058507761366735 -0.13719304146725125] 1 0
[0.1977490511291468 -0.22261486214176618] 1 0
[0.329026271451152 -0.22723228852581628] 1 0
[-5.9783568932309255 -0.16234095167618295] 0 1
[0.3113901032818652 -0.30892461465113946] 1 0
[0.41460931302442117 -0.28408072779720905] 1 0
[0.5779689588521096 -0.2287421431281408] 1 0
[0.3472560531108868 -0.20191915302610025] 1 0
[0.42092749219718717 -0.15818051882935835] 1 0
[0.4888079765730634 -0.25182806812219466] 1 0
[-19.096639830919443 -3.496928366485952] 0 1
[0.2844694227157969 -0.18464549577252576] 1 0
[0.11387679082204868 0.09868575447299013] 0 1
[-5.762120793444274 -0.05010756922574606] 0 1
[0.34397734497412613 -0.29280146621684344] 1 0
[0.6340356349056956 -0.20757296761791524] 1 0
[0.6340356348044867 -0.20757296769617314] 1 0
[-0.339269832189664 -0.2075077327739237] 0 1
[0.6006606895904287 -0.08474798531123656] 1 0
[0.22520520460515653 -0.2227515300582866] 1 0
[-2.721756949763541 0.012250214210984635] 0 1
[0.4015663065660352 -0.16750245400566993] 1 0
[-0.923627906616153 0.15219000823872947] 0 1
[-0.8002533305347661 -0.005583962126621014] 0 1
[0.3978964066714068 -0.22978483476359085] 1 0
[0.4126125198282711 -0.2647323437119595] 1 0
[0.27704407259317454 -0.2539839662099136] 1 0
[0.2117322298349666 -0.059324535634052704] 1 0
[0.21824606534323487 -0.018205809862032563] 1 0
[-0.015954830783980023 -0.04485109537332911] 0 1
[0.634035634984509 -0.20757296769714245] 1 0
[-2.3514982210305475 -0.1401236005351856] 0 1
[0.2826261413920608 -0.1968380770465664] 1 0
[0.3472560531746826 -0.2019191529848508] 1 0
[0.5681323770956426 -0.24696054789081995] 1 0
[-5.477942808890816 -0.24773653430415507] 0 1
[0.6199465683959378 -0.28184496121705227] 1 0
[0.3682710579238837 -0.21275203545270463] 1 0
[0.061151840666281466 -0.16675614866619898] 0 1
[0.2667106604532885 -0.15469404154535654] 1 0
[0.2058351219414477 -0.28285434437235324] 1 0
[0.5286528234602401 -0.023009743905471943] 1 0
[0.17509276547081176 -0.21642756172564637] 1 0
[0.37493784619806636 -0.23155712440508439] 1 0
[0.1498243129731468 -0.09744383234841596] 0 1
[-11.441425632893829 -1.162989979202914] 0 1
[-1.9989742199091962 0.10592380217742818] 0 1
[0.3978964067350268 -0.22978483472918798] 1 0
[-0.21389721013886948 -0.13583250800531477] 0 1
[0.2616986282981147 -0.28338902620464046] 1 0
[-2.1770732282362824 0.08991502028491793] 0 1
[-0.01385248677312335 0.2354681781247996] 0 1
[0.34354571840858755 -0.24181524407523985] 1 0
[0.634035635044895 -0.20757296766994443] 1 0
[0.634035634958557 -0.2075729676438926] 1 0
[0.40601736315596515 -0.2549598622642055] 1 0
[-8.754624026054213 0.30413654561850545] 0 1
[0.2486656715637448 -0.0576466303939699] 1 0
[0.3359990325847063 -0.2555350912842723] 1 0
[-16.096339859114295 -3.972851138039578] 0 1
[0.3740582594471773 -0.1371327620191629] 1 0
[0.47302418883921415 -0.31809574813407754] 1 0
[-10.49417382571897 -0.6102026660079184] 0 1
[0.23094068571734783 0.013674677768671038] 1 0
[-5.396508824256947 -0.19703988994693533] 0 1
[0.3978964067302818 -0.2297848348288209] 1 0
timing:  7m56.247546292s