[0.21912015415256075 0.013707216460220403] 1 0
[0.1503434603560098 0.11907270013207456] 1 0
[-76.28256384108451 461.16660728282943] 0 1
[0.21308209010115947 0.021370403801834855] 1 0
[0.22504159228986725 0.0026926058960292385] 1 0
[3.1447282525690556 59.87810344983956] 0 1
[0.22445287032847167 0.0030080140344095423] 1 0
[0.21678650584845427 0.015695992481164992] 1 0
[0.21753073385264027 0.015530673013947567] 1 0
[0.20034206933782295 0.013784443205581642] 1 0
[0.21166884195137387 0.0065064157527989315] 1 0
[0.2202756035887749 0.01150044908970439] 1 0
[0.21537623169232586 0.018428769626285722] 1 0
[-0.37537246685437753 0.7183250230241496] 0 1
[-3.418471550559487 108.72488352213414] 0 1
[0.2215570520085018 0.008556727694575678] 1 0
[0.22872575234065365 -0.0031410483798919803] 1 0
[0.21117650450638514 -0.0005266778607832675] 1 0
[0.20099765076618062 0.01531030749367765] 1 0
[-0.015245562950315213 1.6679028537066838] 0 1
[0.21295814329384175 0.021274950683074126] 1 0
[-50.87093399659833 625.9729633598328] 0 1
[0.2031253352203539 0.009002956475772188] 1 0
[0.21703413257151957 0.01642710524963168] 1 0
[0.19434286798223618 0.042809081616934856] 0 1
[1.3459821269220096 18.641978452058922] 0 1
[0.2191201540894167 0.013707216258656544] 1 0
[0.2247360981144498 0.004836692574635325] 1 0
[0.2133904584370357 -0.006481308111122731] 1 0
[13.440527225590357 104.01037317896942] 0 1
[2.0219988242717593 106.90335864723801] 0 1
[0.1715622522211923 0.07431519725163313] 0 1
[0.1923578060163042 0.04971870997515246] 1 0
[0.22791184935178926 0.0001695899527861256] 1 0
[0.21912015409493207 0.013707216527534281] 1 0
[-12.725792788717202 1.7275086639779909] 0 1
[0.2186979779628672 0.015001299732271121] 1 0
[0.213584101673791 0.01731706222453154] 1 0
[-0.0471714135726506 1.7623416991848369] 0 1
[0.22278746127396903 0.00867552113902043] 1 0
[0.21423917919718827 0.018118727407576835] 1 0
[0.21668590206029265 0.015929684333069648] 1 0
[22.526261175052294 167.0311291729526] 0 1
[0.21946375250885808 0.01371039590067982] 1 0
[0.21091817438712004 0.007259397500994438] 1 0
[0.20816999512419176 0.017056084444619247] 1 0
[-0.0034176188816543 3.262097406537573] 0 1
[0.2153762317428167 0.01842876915246658] 1 0
[0.21276163625905373 0.012533125709474544] 1 0
[0.19470071417079496 0.015013877297043931] 0 1
[0.17851016585232427 0.04876224749669589] 1 0
[-4.548985058163986 0.8675666530324306] 0 1
[-0.21432644180241162 2.3849989122790958] 0 1
[0.21423917919114896 0.01811872759636298] 1 0
[0.2142391792089354 0.018118727254379942] 1 0
[0.07574188557430578 0.19223777898773958] 0 1
[0.17962454577752607 0.051396758144344176] 0 1
[0.217530733895009 0.015530672995343681] 1 0
[0.2084800574870654 0.00843243377930592] 1 0
[0.21101301917688742 0.015426579899262726] 1 0
[3.1552785907743663 38.23185030224012] 0 1
[0.2142391792038293 0.01811872755015948] 1 0
[0.21869797796126306 0.015001299806400182] 1 0
[0.21295814333221047 0.021274950785539745] 1 0
[0.21122974689726945 0.014538022138973618] 1 0
[0.20883061426486266 0.023577993993028436] 1 0
[-0.2712888182064115 1.64253048053946] 0 1
[-0.051957719762826524 1.645927552252847] 0 1
[-0.01789083749379082 1.0287967113813345] 0 1
[0.20841094995124748 0.011126756061493947] 1 0
[-0.08052245237062523 12.740084497022114] 0 1
[0.04388741797778416 0.17372684582238687] 0 1
[0.23028666028830047 -0.003504190166388598] 1 0
[0.2223859014230356 0.00906947557283555] 1 0
[0.13607046469523218 0.15224266120674512] 1 0
[0.20953950396911297 0.005982883068977925] 1 0
[0.21537623174674175 0.01842876917355807] 1 0
[-0.013997493240604023 1.240733367431878] 0 1
[0.2214476320242711 0.00995705633318588] 1 0
[0.20712452656960262 0.01744340351227197] 1 0
[0.21753073385585509 0.015530673003313806] 1 0
[0.21699806077470649 0.017389853143972997] 1 0
[0.22458625210037697 0.005272303110672722] 1 0
[0.21668590213357258 0.01592968432603633] 1 0
[-10.783884160775491 97.94294972838007] 0 1
[0.20806978303661694 0.022421864157719865] 1 0
[0.19542749087597402 0.04002066955773108] 0 1
[0.08514567315943779 3.426744153875894] 0 1
[0.21120876837110897 0.015504529941016865] 1 0
[0.21912015408318147 0.01370721641171881] 1 0
[0.2191201540592112 0.013707216440304896] 1 0
[0.18722112715877498 0.028813506450676242] 0 1
[0.20397801554054928 0.022849496683945175] 1 0
[0.2131104775184214 0.0133335836432006] 1 0
[0.5822071925225445 9.175352804758056] 0 1
[0.21250187105396515 0.0075218597894711895] 1 0
[-0.24463818653579 0.521236104103239] 0 1
[-0.2017826932623762 0.8661996906124791] 0 1
[0.21703413244466913 0.016427105188394672] 1 0
[0.20952207274729576 0.017056526996272234] 1 0
[0.21423917922617178 0.018118727121497348] 1 0
[0.21226309778381958 0.004050599758736558] 1 0
[0.2124856767074124 0.000969183504508059] 1 0
[0.16745681394169623 0.08752045958654942] 0 1
[0.21912015409937802 0.013707216384325814] 1 0
[-0.2781216844486275 4.247188937675504] 0 1
[0.21450459009479086 0.020719850207356456] 1 0
[0.2169980607876923 0.017389853270578633] 1 0
[0.21571799380739223 0.015562530217805896] 1 0
[-0.2120412166405484 13.486453144536092] 0 1
[0.22518782826453507 0.004882560439835371] 1 0
[0.21497060006052185 0.01479179592577386] 1 0
[0.1957493929980439 0.019399148838174757] 0 1
[0.220628089294205 0.004782218455335902] 1 0
[0.21985511717913303 0.012175099254597121] 1 0
[0.20840615660899542 0.0236380518046407] 1 0
[0.22033468810255627 -0.0033683374572703447] 1 0
[0.20850587048431898 0.01860433077733523] 1 0
[0.1920617678912508 0.04031607405308054] 0 1
[3.4834663673526087 32.79854372967678] 0 1
[-4.062938916941663 1.4268824537453155] 0 1
[0.217034132528872 0.016427105049424122] 1 0
[0.10821171506828732 0.24081532592870986] 0 1
[0.21722327420695073 0.013023501823953728] 1 0
[0.5607262799342971 11.910982575960514] 0 1
[0.139355159467759 0.16821151420665975] 0 1
[0.21066775464204526 0.018804852808315956] 1 0
[0.21912015403803328 0.013707216101012533] 1 0
[0.2191201540563007 0.013707216309606578] 1 0
[0.21678650594356852 0.015695992239531213] 1 0
[0.081314190661217 6.389610362317553] 0 1
[0.20816300198067855 0.005907863573050983] 1 0
[0.21592312839209662 0.016474289618687098] 1 0
[20.06715604355287 162.68419580249116] 0 1
[0.22519095227228125 0.003634735257669992] 1 0
[0.22027560351746164 0.011500449055252153] 1 0
[13.547471077549503 83.74321569409042] 0 1
[0.20203304507942393 0.009608957739989765] 1 0
[1.0792752138253079 15.33815427593385] 0 1
[0.2170341324899859 0.016427105135687122] 1 0
timing:  7m7.857811541s