[0.8924039353299213 -1.783589910747144]
[-1.0569016905129982 0.23117911299421545]
[-1.9863916348933053 1.4188439578874021]
[0.7755951455417227 -1.6973986584328749]
[0.7233921811707912 -1.6490500599141737]
[-2.3374485360605846 1.9137019092696994]
[0.7106612299360453 -1.5699888306669836]
[0.756578259511739 -1.7193716417119231]
[0.8333251929240904 -1.7449165863930753]
[0.6429350532177218 -1.708449462197882]
[0.5050074163335105 -1.4521566569026492]
[0.8107883520900818 -1.7621251694335212]
[0.7846701722515736 -1.7776191494197693]
[-1.4994318630641819 0.8062239326585392]
[-2.4820076726215685 2.1127182841914998]
[0.7440703172847339 -1.639977857675556]
[0.8515208650805169 -1.7510849382654523]
[0.6251166032143007 -1.6278514537136075]
[0.5187593545799085 -1.5146630815261632]
[-1.7666154363707318 1.0627896854116974]
[0.7630483601805462 -1.7816570402232954]
[0.9192337208749404 -1.902440794380655]
[0.3852540755137731 -1.457326508059909]
[0.8038877544255121 -1.7698090516859055]
[-0.1479309065852501 -1.167041352453432]
[-2.361433314363924 1.9908697462724656]
[0.8925919184300106 -1.7835507184391375]
[0.7975282033802611 -1.7052048627488052]
[0.7051348218143378 -1.685807514331787]
[-2.545482251580439 2.274545720033906]
[-2.339884808390994 1.9793409882262931]
[-0.6566473315716653 -0.4637147241598574]
[0.3770606843209712 -1.0267386687825089]
[0.6884029618439136 -1.6160229747430717]
[0.8924484605276771 -1.7837052846761]
[-1.7977364411682726 1.090764363082687]
[0.8635744573715454 -1.8058459618419502]
[0.7846146809539385 -1.6779024646809715]
[-1.9090074065942084 1.2972233040572068]
[0.8406516541735154 -1.8191607899421325]
[0.7197439148699497 -1.7404778810403583]
[0.7692139378449327 -1.7024324942015328]
[-2.601906601399906 2.367826744097692]
[0.879373129960946 -1.7963230130383767]
[0.7335943925200754 -1.7071575726287778]
[0.5454880120415546 -1.4787127194105274]
[-1.8656352935541012 1.0895189119003745]
[0.7845510278311041 -1.7772955412663674]
[0.6113832732871608 -1.5012903764271277]
[0.06339676873320413 -1.1634178374247786]
[-0.9467092910140462 0.21070340058525816]
[-1.4126508831388864 0.6880356704472256]
[-2.1015423156007085 1.5775852867529556]
[0.7210782023154945 -1.7398248733701265]
[0.720431003034585 -1.7413238770951311]
[-0.9585499077698098 -0.22128712240949827]
[-0.4676485442961978 -0.19379619511517054]
[0.8330212208495316 -1.7438773413586768]
[0.5196482647077814 -1.5964164436359025]
[0.7176050960695528 -1.7260168562473372]
[-2.33548672132296 1.9338431614107632]
[0.7204311975924362 -1.7398171835083953]
[0.8629846629251081 -1.8056212809331185]
[0.7636910896286975 -1.7819459219272837]
[0.7973630118537596 -1.651159338603827]
[0.6773705719588294 -1.7506907209287053]
[-1.8037369455854213 1.1485718194977586]
[-1.8627573050791457 1.1349078222073024]
[-1.8358376266604184 1.1035643571076705]
[0.6669379649948314 -1.6671632959565459]
[-2.189469319394579 1.732148824336858]
[-0.9202861467669584 -0.2785593862692848]
[0.6439918656104018 -1.6457440309913847]
[0.8734212082330386 -1.8016339402641743]
[-1.036914365663244 0.006867356383185766]
[0.5909478847221343 -1.6152077171022654]
[0.7841280551597267 -1.777222295487868]
[-1.5107569888913734 0.8751646456285069]
[0.819910710457024 -1.8231675420647864]
[0.7897855287473399 -1.8040140016295578]
[0.8326433458087168 -1.7440904611889168]
[0.8447324928947162 -1.8111890120591707]
[0.7833245209507909 -1.7195995145258172]
[0.7699702891199558 -1.7028740621453997]
[-2.4120246113964168 2.0764418919392633]
[0.6439093402584941 -1.6629079731865941]
[-0.5018839795511489 -0.3731281223133549]
[-1.8742640669035795 1.2766153825924118]
[0.6972472255970719 -1.730010362608457]
[0.8926249800917578 -1.7837230122120957]
[0.8926162937055218 -1.7830835380250563]
[-0.5453748067619107 -0.7118892570218991]
[0.7724159411153848 -1.6636930644905847]
[0.5836568892420111 -1.6540954225394806]
[-1.9411974491283543 1.4585866326900478]
[0.7751185521327133 -1.6260457498373246]
[-1.748369457370059 0.9170971683256555]
[-1.3844534659352083 0.6774661982889322]
[0.8039694884641513 -1.7701670011239656]
[0.8114217845558672 -1.807333862643411]
[0.7203210366853587 -1.7402717315888814]
[0.6527857286866607 -1.6196719468340284]
[0.7089914837992068 -1.6826251475195606]
[-0.6436757108676864 -0.6639562868752011]
[0.8927423986801957 -1.7836226944580296]
[-2.1269565332442033 1.5703053145402937]
[0.822979490977036 -1.8155716954826802]
[0.8443553409169398 -1.8115378433377058]
[0.8184657970233571 -1.748320228086731]
[-2.271091146562837 1.8688766254917604]
[0.931170560214764 -1.8384683157658332]
[0.6084029292340151 -1.5020905845402088]
[-0.3771367653131553 -0.5493872432753903]
[0.8125351846892239 -1.8086249042888414]
[0.8362481737813294 -1.8577007179830796]
[0.6002795122299729 -1.4521111863613103]
[0.646704840569367 -1.671451753417554]
[0.7309982304654956 -1.6032419901758002]
[-0.2148031993406193 -1.0238585340881783]
[-2.3379306630297725 1.946608936948937]
[-1.7542407644004976 0.9844173523814475]
[0.8035058229317195 -1.7700719647316614]
[-1.3464101517462512 0.7300761112265202]
[0.6615654497739412 -1.667771035337112]
[-2.1249505137293205 1.6614651059863794]
[-0.957049111950339 -0.19158173632997505]
[0.8107806722379174 -1.8125770295732226]
[0.8926741554115638 -1.7836362985149428]
[0.8923107049018553 -1.7834247630250366]
[0.7556001702886483 -1.718796000746175]
[-2.1484976988290954 1.623219974060441]
[0.3641022924501145 -1.4052803878219238]
[0.739719434656976 -1.7311411176655769]
[-2.5683712924609825 2.3146252796233098]
[0.6146408064916183 -1.565289192826302]
[0.8115231559554155 -1.7626911836967183]
[-2.4520362277366607 2.160798466838525]
[0.40509136061422 -1.34536601855958]
[-2.149447432527034 1.6676530951708433]
[0.803693715196574 -1.7693714310595121]
timing:  10m10.266175542s
