layer1.synapse.weight
[[-0.09074193,-0.14538801,-0.19851111,-0.11310023,0.24112743,-0.12253750,-0.16457021,0.01476882,-0.17066608,0.00107734,-0.25550148,0.21387982,-0.17628008,0.04706115,0.09532701,-0.07532437,-0.05816036,0.04994466,-0.11658745,-0.11119349,-0.24701099,-0.28883940,-0.07876899,-0.27659604,-0.07089873,0.09219881,0.02061705,-0.06768474,0.01054594,-0.05549408,-0.20511910,-0.23638219,-0.05024396,-0.12975879,-0.12864986,-0.13896634,0.03368896],
 [0.14362997,-0.01889316,0.17906216,0.00610282,-0.10090987,-0.11125670,0.07043023,0.11226012,-0.12037490,0.15925951,0.06647420,0.06331342,0.07098836,-0.20965235,0.09110488,0.12064973,0.06914070,-0.10074246,0.00525034,0.09369889,-0.02571085,0.23263329,0.07961913,0.10406763,0.11946392,0.12443595,0.08125808,0.16127726,-0.06505310,0.00722541,-0.12232087,0.18902650,0.01868099,0.00099995,0.11489891,0.07288375,-0.01621188],
 [-0.01081497,-0.08531608,0.10108674,-0.06778700,0.33854926,0.07183725,0.03117417,-0.00392951,-0.06684385,0.04628766,0.09682700,-0.08169689,-0.04893519,0.15224817,-0.16703382,-0.03757443,-0.00153690,0.04926106,0.07225320,-0.11576279,-0.17949447,-0.15574072,-0.04114962,0.06227658,0.12006942,0.07745799,0.02646523,-0.03265696,-0.11754520,0.02248584,0.01832833,-0.15671253,0.04074892,-0.16675839,-0.09211684,-0.01927967,-0.08913396],
 [-0.07141350,0.17399950,0.08031097,0.08872137,0.07358541,0.13057570,0.05469085,0.04436720,0.04362833,-0.12647422,0.29265916,0.05372513,-0.07233307,0.18748137,-0.15663491,0.10717195,0.06169685,0.14087076,0.16624942,0.03453128,-0.04046935,-0.11371405,0.18900405,-0.09230890,0.22386405,0.19973174,0.32026672,0.20510952,0.26726359,0.22016703,-0.01292693,0.05522230,0.15386842,0.09977522,0.23063214,0.14238589,-0.02202923],
 [-0.05014426,0.00205750,0.02022078,0.02149070,0.17715585,0.00724895,-0.04228463,0.16720244,0.04040641,-0.00164415,0.11444650,-0.00662993,-0.14357288,0.06459976,-0.07864127,0.15852974,-0.03232766,-0.12064235,0.00606023,-0.14979307,-0.05154034,-0.18520051,0.08939171,-0.17202964,-0.00300963,-0.08392555,0.12132827,-0.03315145,0.05414720,-0.05888638,0.16288596,-0.22054587,0.11174995,0.05005576,-0.01259421,-0.08368285,0.02477599],
 [-0.11974490,0.05538393,0.05074775,-0.15454231,0.26150507,-0.14067285,-0.12245356,-0.11678675,-0.11852893,0.02255476,-0.06471989,0.03778090,-0.00401435,0.02317894,-0.01888121,-0.14584671,0.01650082,-0.11145716,-0.08186787,-0.13937555,0.01542923,-0.10898120,-0.26916173,-0.18964714,0.04730240,-0.00119441,-0.03494889,-0.01606006,0.09625743,0.02831104,0.01891648,-0.18549031,-0.16221605,-0.06989060,-0.20798363,-0.15640327,-0.00259082],
 [0.09208309,0.13826746,0.00629112,-0.03085052,-0.25725272,0.01833306,0.03430331,-0.08902355,0.13423610,0.04642789,-0.16202997,-0.07111229,0.05549399,-0.12772265,0.16237377,0.05433597,-0.00827845,-0.00551377,-0.07416099,-0.06327105,0.19949067,0.01539005,0.20796421,-0.07996335,0.08118753,-0.12580775,0.01649127,0.02984671,0.08520185,0.14272608,0.12982067,-0.06211141,-0.09736954,0.27729231,-0.08250134,-0.14891514,0.07531887],
 [-0.10377514,-0.06771497,-0.20752333,0.02705532,-0.29576415,0.02144830,-0.20924281,-0.14626944,-0.19616367,-0.06606366,0.03754557,-0.07452939,0.01040487,-0.14560530,0.09799531,0.11010748,0.04919610,-0.21177235,-0.04601430,-0.07373245,-0.02254220,-0.01382663,-0.04010529,-0.05793437,-0.20724440,-0.09243117,-0.02564920,-0.12693827,-0.00367043,-0.17845590,0.00097582,0.12830697,-0.11479115,-0.00748413,0.05608656,-0.23212692,-0.06704773],
 [0.11232296,0.19892530,0.00442657,0.08409342,-0.05011631,-0.03306078,-0.07092733,-0.01523468,0.21207909,0.08217368,0.02487154,-0.11444158,0.09872963,-0.03967588,-0.07791261,0.34679085,0.03421203,0.16851869,0.13352066,0.03233878,0.14430155,0.08612735,0.22636048,0.03086632,0.06930219,-0.01902925,-0.03986741,-0.00486384,0.05703563,0.02728639,0.06362978,0.34071440,0.00402318,0.16064432,0.02207510,0.10005806,0.23042832],
 [-0.08698392,0.10438866,0.08764420,0.17521162,-0.16936079,0.13782892,-0.02030371,0.12116113,0.07679716,0.15854618,0.18508705,0.15476005,-0.02212151,0.08403662,0.07225298,0.16788495,-0.08740643,0.07002033,0.16427468,0.22824189,0.03245855,0.06611893,0.05460543,0.07306525,-0.14824000,0.12411956,-0.24047594,0.19192758,-0.00765538,-0.06567761,-0.07195675,0.19847472,-0.01918653,0.13299422,0.07383827,-0.00800750,0.06021800],
 [0.17049110,0.01204803,-0.02199044,0.12587169,-0.34818035,-0.09342840,-0.07539297,0.20189789,0.07893907,0.09392334,-0.13692902,-0.16928771,0.05679433,-0.20090394,0.22378105,0.17420553,0.02930116,-0.07878414,0.16032770,-0.09094851,0.17274527,0.10232476,0.25432760,0.04138509,-0.15693282,-0.01614507,0.01015724,0.01698400,-0.09380123,-0.06360672,0.08078494,0.09204815,-0.09927376,0.16683686,0.11112030,0.05009331,0.17076141],
 [-0.02682992,-0.14806651,-0.14528167,-0.18945026,0.26642996,0.12882784,-0.10201111,0.14152144,-0.16208559,-0.23465909,-0.01650671,-0.03788821,-0.09047754,0.04384787,-0.15586348,0.03309744,-0.10323454,-0.16426204,0.08734471,0.06952214,0.02627039,-0.19227788,-0.09060033,-0.19746436,-0.01540722,0.04991706,-0.02752390,-0.04196317,-0.11370729,-0.01956136,-0.19132704,-0.01991127,-0.00155261,-0.11011959,-0.12279417,0.01737321,0.03199241],
 [0.01592611,0.20691995,0.00354219,0.11348397,0.00541584,-0.02031188,-0.05940679,-0.02605017,0.19886039,-0.01399899,0.07121729,0.15402970,0.09876464,-0.07635286,0.09419522,0.09845807,-0.02638605,0.20012385,-0.00316139,0.03638868,0.14902583,0.09345154,0.02216469,0.11649879,0.00369619,0.21048364,-0.12011800,0.12219351,-0.15401514,0.17935728,0.11719096,0.25308430,0.24726643,0.12472925,0.23463351,0.07415858,0.08690111],
 [0.10640281,0.14609203,-0.01689351,0.29400390,-0.21385677,-0.00056477,-0.09688833,0.13382259,0.04259430,-0.04672954,-0.07395709,-0.03064350,0.05538370,0.00153201,0.02109439,0.15541829,0.01664576,0.09682889,0.03659318,0.12687039,0.13900599,0.13511074,0.16743420,-0.07008993,-0.09494525,-0.11812873,-0.14334834,0.19567846,-0.10748373,-0.03100592,-0.10494648,0.20153752,-0.06306875,0.01314776,0.17220616,0.10058118,-0.02770431],
 [-0.07518588,0.15255360,0.01534927,0.02248255,-0.22212745,-0.01299114,-0.25771606,0.11311164,0.01751578,0.17546417,-0.09727679,0.16362564,-0.03305369,-0.04119458,-0.02852416,0.12234531,-0.02774821,0.16849287,0.06138848,0.15919949,0.10601349,0.03752774,0.10122436,0.00218986,-0.04396963,-0.14392532,-0.04136825,0.13629186,0.10922178,-0.03287428,0.13141777,0.18193562,0.05631735,0.16544814,0.19559422,0.11160669,-0.07432309],
 [-0.17508453,0.08244854,-0.22238004,-0.26702940,0.33356577,-0.05550590,0.06586843,-0.19549571,-0.19283482,-0.23683181,0.11217511,-0.02608122,0.08925554,0.21334746,-0.12250687,-0.03911855,0.02504035,-0.15167217,-0.11874071,0.05542418,-0.16691679,-0.17005472,-0.14449905,-0.22245561,-0.09723654,0.11116605,0.05349565,-0.23641832,0.05642601,-0.09189879,-0.25806519,-0.15357815,-0.07229526,-0.11846450,-0.14204408,-0.15653490,-0.09804730],
 [0.07565597,-0.13847937,-0.17139678,-0.06569480,0.09853736,0.02836310,-0.15028420,-0.06909703,-0.14810783,-0.09222617,-0.10739955,-0.04155229,0.10955535,0.04925243,-0.01559856,-0.19324224,0.11216115,-0.06787826,-0.10865152,-0.07994417,-0.13353311,-0.26000136,-0.06846105,0.01654436,-0.11928011,-0.11397646,0.09640754,-0.25953928,-0.08207377,-0.18155469,0.00010902,-0.26794413,-0.09380447,-0.02303909,-0.13930564,0.00925473,-0.06714454],
 [0.13466932,-0.20156284,-0.07307272,-0.15782961,0.25865671,-0.17244890,-0.19196212,-0.26479474,-0.13550921,0.01831069,0.00946308,-0.09147757,0.15664318,-0.06094271,-0.22834447,-0.34189484,-0.06351998,-0.01821464,-0.16922291,-0.26302817,0.00385983,-0.02338596,-0.23985642,-0.25268546,-0.10698649,0.02457367,-0.07137774,0.03674396,-0.05393266,-0.21904412,-0.02185863,-0.00464829,-0.00754949,-0.10029151,-0.21984902,-0.00159542,-0.26965180],
 [0.02566957,0.12045266,0.08758491,-0.03795543,-0.17636837,-0.00832451,-0.15227374,0.09551480,0.09206101,-0.01304388,0.12275819,-0.02424267,-0.15940940,0.17269342,0.08251850,0.11053985,0.07203262,0.04128454,0.19532369,-0.07671665,0.02660633,0.15108186,0.08884611,0.05919265,-0.10230649,-0.22988021,-0.03055460,0.09701832,0.11726718,-0.13520959,0.01513615,0.07640813,0.15590508,0.14110182,0.20095098,0.13686867,0.27312762],
 [-0.08282278,-0.16688341,-0.16280866,-0.07261126,0.17353883,-0.04137897,-0.15163027,-0.21579957,-0.14594559,-0.05732914,0.12571333,0.14126605,-0.02334432,0.01652993,0.04216939,0.01265976,-0.09536802,0.05346032,-0.00594164,0.02119954,-0.06189713,-0.22502863,-0.03582365,0.03475775,0.13861759,-0.11167163,0.21993093,-0.05017025,0.14692941,0.09536958,-0.25917062,-0.22598664,-0.11406307,-0.24548882,0.00979550,-0.12773201,-0.18834516],
 [-0.04439256,0.11061915,0.17533779,0.20515220,-0.22723204,0.06218896,0.10340537,-0.05879778,-0.04590692,0.04904271,-0.36742997,-0.09940830,0.11174512,-0.07637794,-0.05281350,-0.05814763,-0.05169259,0.11574035,0.16136508,0.07401780,-0.10875472,0.07881550,0.07990814,-0.09912276,-0.14154917,0.02290553,-0.23424299,0.12522459,-0.06845266,0.09419275,-0.01185612,0.15153375,0.14147207,-0.01504858,0.05411081,-0.13892566,-0.13846184],
 [-0.14877257,-0.19646004,-0.12325272,-0.18406357,0.28163177,0.06926017,-0.02319571,0.00896810,-0.11097869,-0.15709387,-0.02180581,0.09711135,0.09920515,-0.04207249,-0.05299852,-0.06817330,0.15529688,-0.20938230,-0.04672265,-0.24547885,-0.05862238,-0.19170403,-0.05066554,-0.18665421,0.05380114,0.00657886,0.21603662,-0.20292099,0.04431067,0.00128183,-0.01771664,-0.26749215,-0.18739261,-0.09531724,-0.22913502,-0.19455315,0.07112481],
 [-0.07548585,0.05208910,-0.18896742,0.06757485,0.18972297,-0.12710524,0.00448449,-0.09620201,-0.21047427,0.08124472,0.13511871,0.05535736,0.08797649,-0.02491576,-0.12305543,-0.16813667,0.16434509,-0.18306631,-0.19536175,-0.10606087,-0.06612496,-0.26052606,0.07428314,-0.14493465,0.10155181,0.03112756,0.21852754,0.07997955,0.04934905,-0.01855960,0.10477832,-0.21604386,0.05155428,-0.23654278,-0.13873352,-0.14423095,0.08796152],
 [0.15320157,0.01217467,-0.07132936,0.23480941,-0.21941862,0.09381197,-0.12301680,-0.04366304,-0.05051955,0.12053412,0.02387537,-0.01344665,0.11877456,-0.04568773,-0.01669047,-0.07772157,0.01718718,-0.02581204,-0.00365919,0.18305093,0.13669068,0.15579836,0.21579903,0.10222445,0.02556896,0.04346925,-0.17869249,-0.01046085,-0.00865436,0.07783640,0.02456215,0.21978523,0.16999899,-0.06384276,0.07466731,0.00536078,0.07569451],
 [0.01240011,-0.08462580,-0.19966491,-0.07546432,0.07012943,-0.12435934,-0.13855347,-0.21823676,-0.04376570,-0.17262913,-0.06920262,0.00051761,-0.15875323,-0.04219825,-0.15650716,-0.24503228,0.12591094,0.06401747,0.04593825,-0.17448655,-0.19688587,-0.22039503,-0.14046586,-0.06908563,0.20738986,0.15676670,0.16827793,0.06878942,0.16642882,-0.15122773,0.10509437,-0.13607164,0.01783002,0.04482564,-0.02599234,-0.14250401,0.04777679],
 [0.02251219,0.01676716,0.15618201,0.18906941,-0.30329686,0.11483091,0.05628932,0.15804142,0.22971088,0.04820932,-0.13046543,0.06820816,0.14359935,0.01010687,0.05048532,0.05470668,-0.17974775,0.15718888,-0.03482349,0.14191747,0.22184858,0.01527204,0.21300054,-0.04433791,0.09243014,0.17834777,0.14414759,0.05053254,0.20205551,0.01028035,-0.02626630,0.08806387,-0.07408367,0.07368232,-0.05433245,-0.13640600,0.07295158],
 [0.10602663,0.10782573,-0.04339024,-0.07721966,0.17658062,0.00621236,0.00555387,0.11872949,-0.05868333,0.09230072,0.29701757,0.15840523,0.13186328,0.22642283,-0.13802461,0.11426243,-0.01521963,0.09562204,-0.01292533,0.14582789,-0.08688034,-0.12931767,0.03545055,-0.11891092,0.11256599,0.12215129,0.09724509,-0.08670636,0.27272537,0.02313491,0.01144948,-0.11346177,-0.07798010,-0.01183495,-0.08539511,-0.01840371,-0.00619217],
 [0.08408395,0.13466211,-0.05760939,0.14723252,-0.17945282,-0.10100187,-0.16186020,-0.04398360,0.01081620,0.14320827,-0.14269783,0.09810206,0.03222752,-0.20443705,-0.01051266,-0.06286822,0.10673567,0.18820448,-0.15783909,-0.08492042,0.01728945,0.11328140,0.08462367,0.10062327,-0.18183535,0.10736177,-0.04774265,0.02537811,0.09357109,-0.01844680,0.12898384,0.18605052,0.05466089,0.04292041,-0.02904327,0.19213495,-0.12272502],
 [-0.02475084,-0.27181649,-0.05015422,-0.01730723,0.07768836,-0.00351177,-0.24008463,-0.28477231,-0.11051859,-0.03802134,-0.03157515,0.07773963,0.06960791,0.13275674,-0.10817617,-0.01918351,0.13728949,0.00537395,-0.28246364,-0.07889204,-0.21425308,-0.00464703,-0.10743924,-0.09083451,-0.06167977,-0.04637440,-0.00868479,-0.17911673,-0.23487948,-0.09763716,0.11921937,-0.19172338,-0.10727342,-0.32523379,0.06831555,-0.01361921,-0.16872439],
 [0.04467925,-0.00963749,0.09903108,0.01729745,-0.33714807,-0.13131803,0.02851005,-0.09847201,0.15499185,0.21785723,-0.06953087,0.07467143,0.01557842,-0.05937052,0.21245867,0.11592546,-0.07078621,0.10958683,-0.04073131,-0.00443976,0.07268722,0.12796561,0.19264568,0.17752817,0.08554649,0.01381049,0.05649505,0.19339898,-0.12131764,-0.07651085,0.22024937,0.15369695,-0.07248865,0.27885994,0.18183020,-0.05250918,0.03915780],
 [0.03375923,-0.16480128,-0.15303130,-0.03201495,0.32590938,-0.02904016,0.02753867,-0.13481322,-0.09606176,-0.09212824,0.01889452,-0.02018834,-0.06411069,0.16431928,0.10962836,0.02630520,0.04801854,0.07872421,0.08648063,0.01181617,-0.10694771,-0.27969992,-0.10440250,-0.20835079,0.08667281,-0.12488400,0.27190673,-0.18867837,0.17110665,0.00832395,-0.04259539,-0.04755096,-0.05252530,-0.08224276,0.00941585,-0.13504298,0.04978812],
 [-0.07986997,0.01816046,-0.06714923,0.10019090,0.33215684,0.13483217,-0.00831888,-0.16364907,-0.11921901,-0.04685398,-0.02779701,0.03659199,0.01480889,-0.10293324,-0.10020138,-0.01619373,-0.12984127,0.09850451,-0.02321970,-0.01977227,-0.05339224,-0.16891830,-0.11848101,-0.23362571,0.07664366,0.05284884,0.03997189,-0.12739204,-0.21642207,-0.19569099,-0.09027203,-0.28534788,-0.02902119,-0.32499942,0.06682568,-0.15142712,-0.06290776],
 [0.09273212,0.11750965,-0.02514525,0.05810380,0.29136744,0.16423893,0.11519463,-0.03344304,0.19215101,0.07082824,-0.01319752,-0.01236672,-0.14392097,-0.02588329,-0.14402387,-0.17171404,-0.12758261,-0.03388659,-0.12396270,-0.13711967,-0.21447498,-0.09539035,-0.22147509,-0.16170438,0.08551858,-0.02000119,0.19936268,-0.14339848,0.15638781,-0.12996280,-0.12194047,-0.06041613,-0.01227647,0.12628365,-0.01083100,-0.08667531,-0.08081644],
 [0.19356863,0.04789142,0.14615847,-0.00970161,0.26793879,0.15069076,0.15434158,0.13118000,0.26559517,0.11495849,0.32064208,-0.08533660,0.06675929,0.04087483,0.07469094,0.25174353,0.18131261,0.17831689,0.23552895,0.11148991,0.19558090,0.09993575,0.31240854,0.09200011,0.02917441,0.16817264,0.39935014,0.25257009,0.23861074,0.33586696,0.32405984,0.12452962,0.28829727,0.39958888,0.17336856,0.23495305,0.15190007],
 [0.05702607,-0.15782765,0.09108881,-0.07148451,0.24991789,-0.10892694,-0.13290237,-0.01900846,-0.21733472,-0.05475075,-0.03242321,-0.07832343,-0.11084161,0.02106828,-0.14732207,0.02779633,0.05156954,-0.16964006,-0.06245766,-0.21436355,-0.12692006,-0.09395702,-0.20962007,-0.20453654,-0.09476572,0.12970778,0.01252166,-0.05808451,0.05217870,-0.12510043,-0.07912003,-0.17037097,-0.19250011,-0.03139004,0.11049713,-0.03647346,-0.20059219],
 [-0.10315686,-0.02471291,-0.09513878,-0.06642145,0.31327316,-0.07797947,-0.08254237,-0.15929103,0.07511517,-0.18500477,-0.03526320,0.03472448,-0.09213480,0.11257601,-0.07410032,-0.02264507,0.08836893,-0.06902535,-0.09879854,-0.21053827,-0.04804067,-0.21021050,-0.06231432,-0.13505450,0.01968112,0.04951216,0.22791907,-0.09058066,-0.01999347,0.16798127,0.10109992,-0.00759868,-0.15747188,-0.15675013,-0.13275148,-0.08110911,-0.16704173],
 [-0.00666229,0.06119760,0.03515958,-0.20310451,0.23657143,-0.09443526,0.16234122,0.09063515,0.03306488,0.01371172,0.07114652,0.06139934,-0.10639099,-0.08453242,-0.21065673,-0.15181683,-0.08029930,0.11073237,-0.04813091,-0.09909324,0.07932115,-0.18665294,-0.10133033,-0.20430928,-0.03568733,0.08712895,-0.06371345,-0.22261508,0.12043626,-0.01975878,-0.19033721,-0.26134282,-0.06967328,-0.03037141,-0.08854766,0.15292129,-0.09739124],
 [0.17511824,0.00903072,-0.17203243,-0.10180822,0.23042576,0.03519910,0.24352771,0.08485600,0.15109776,-0.09361970,0.32955292,0.02358721,0.20235234,0.11105694,-0.11493060,0.19890337,-0.11119603,-0.14967223,0.11070750,0.00809956,-0.06028525,0.06167750,-0.11295659,-0.06153412,0.03564520,-0.06626603,0.05445991,0.01069852,0.00721182,0.04826923,-0.07035091,-0.19921236,-0.16547367,-0.07854868,0.10183727,-0.12015717,-0.10561067],
 [-0.04282425,0.12963389,0.18536875,0.10179912,0.19668652,0.12549742,0.03378598,0.25279447,-0.03651113,0.07569426,0.19497856,-0.02613857,0.19732915,-0.15125673,0.18163958,0.15486634,-0.02924135,0.08966643,0.24225318,0.01592315,0.17353249,0.08261948,0.20044565,0.06449630,0.08194871,-0.09775919,0.09032499,0.07540167,0.04900003,0.19735637,-0.00416940,0.20124143,0.11835537,0.24780822,0.01151368,0.18857853,0.23596276],
 [-0.05059724,0.14686035,-0.04980709,-0.05517247,0.25717485,-0.16734625,-0.04622943,-0.09514900,0.11261133,0.02153193,-0.13358465,0.00697459,-0.08521912,-0.02787122,-0.25773633,-0.10938265,0.02579378,0.05313262,0.05863813,-0.14166762,0.04729808,-0.24405457,-0.01086237,-0.20168416,0.01656821,-0.12729518,0.15958035,-0.13804647,-0.00520382,-0.07885070,-0.15346310,-0.11947055,-0.18550687,0.05640557,-0.14345038,-0.12698720,0.04820777]]

layer1.synapse.bias
[-0.02173080,0.16529146,-0.21918449,-0.08509464,0.04636524,0.04459061,0.20041591,-0.05068948,0.19876094,0.21020418,0.16662689,-0.15816097,0.28637201,0.06704541,0.21244329,-0.16320515,-0.04046177,-0.10118376,0.00553360,-0.17878976,-0.05780317,0.05269120,-0.10557575,-0.08122757,0.05932094,0.13085382,-0.13911170,0.06212124,-0.03451448,0.05922337,-0.16847438,-0.20441154,-0.18167627,0.19308348,-0.14257720,-0.15066279,-0.13344973,0.07379441,0.17231490,-0.20993684]

layer1.dendrite.weight
[[-0.03806566,0.09284881,0.00468270,0.13800615,-0.34997374,-0.05929932,0.07242023,-0.03687643,0.04905307,0.14979905,-0.30229706,-0.19620639,-0.14408201,0.00661227,-0.07200731,0.00171260,0.09005396,-0.07867038,-0.13915782,0.11140493,-0.04392037,0.12522173,0.18712358,-0.09962212,-0.03269618,0.06499175,-0.32202119,0.12342832,-0.26221958,0.02636858,0.07114449,0.25948641,0.03492017,-0.10115128,-0.02603927,-0.05546713,-0.01455178],
 [0.12951018,0.05266015,0.11629305,0.04564648,-0.14991292,0.15872838,0.15884711,0.11403390,0.18657094,0.00151959,0.06112162,-0.23128954,0.09175650,0.09797425,0.03414679,0.08888432,-0.03295434,0.06215234,0.10887434,0.23248371,0.11575865,0.00752432,0.05058556,-0.04642518,-0.10550534,-0.11345073,-0.12162352,0.10456696,-0.09688129,0.17147416,0.10799267,0.00842301,-0.02385250,0.24459606,0.14778760,0.00596784,0.24636507],
 [-0.05993910,-0.06368334,0.02707844,-0.13420312,0.30381688,-0.03369556,0.06072836,-0.16164908,0.10272535,-0.01826992,0.16800784,-0.11335396,0.03333710,-0.04910282,-0.06683249,-0.13397230,-0.11223548,-0.18028457,-0.05620249,-0.11561948,-0.03449521,-0.19146962,-0.11871351,-0.03920053,0.09644835,-0.06385016,0.23680352,-0.17132729,-0.05330056,0.11913183,-0.19971274,-0.12834376,-0.07097030,-0.10626414,-0.18910727,-0.07435904,0.05349693],
 [0.24523136,0.08182581,-0.00245289,0.12155910,0.04386576,0.09547782,0.22142923,0.12699214,0.14288041,0.08554838,0.01589293,0.14154778,-0.05959086,0.13746136,0.21254304,-0.10669578,-0.00506426,-0.01649328,0.09462018,0.09731319,0.20348643,0.04079439,0.19992284,0.07579415,0.24875744,0.22063443,0.25295112,-0.06142912,0.28524652,0.25046289,0.19278224,0.02303265,0.24242561,0.27876216,0.18857907,0.01444849,0.20341012],
 [-0.03322943,0.03214398,0.08569133,-0.02781649,-0.01359728,-0.07272878,0.01589415,-0.09125123,-0.11288166,-0.08061433,0.14780264,-0.16502377,-0.10252219,-0.01536621,-0.12921506,0.03994061,0.06994596,-0.15998612,-0.12480429,-0.15634541,-0.21512419,-0.17483070,-0.04442512,0.06204395,0.18603611,-0.04169808,0.04317439,0.08517574,0.16914193,-0.09475426,-0.09953666,-0.00359070,-0.10467360,-0.06907082,0.03835118,-0.02681467,-0.16886927],
 [-0.08040838,0.08514569,-0.06090473,0.07441767,-0.33070093,0.02847946,0.19418572,-0.05637293,0.10536876,-0.07792878,-0.08605314,0.07666001,-0.13563687,-0.24838984,0.12716287,0.15796769,0.07142550,-0.07168720,0.19671182,0.11354934,0.02681046,-0.05904271,0.21874446,0.07412715,-0.14076196,-0.03153633,-0.02425552,0.11860871,-0.18666030,-0.06366864,0.07426092,0.06529928,0.18837710,0.03443907,-0.06298655,-0.02824562,-0.09621365],
 [0.18640028,-0.13873376,0.16086191,0.23842826,-0.10148468,0.10783430,0.11307525,-0.06806428,-0.00720184,-0.00998592,-0.03506374,0.12595209,-0.07197776,-0.00326133,-0.02381198,0.01484108,-0.03050140,-0.08501528,0.07566974,0.18520305,-0.05935031,0.10295924,-0.01117807,0.07974751,-0.04936860,-0.04024558,-0.15678379,0.13011850,-0.11237363,0.01149288,-0.14068432,-0.02843021,-0.03599079,0.05369079,-0.05934484,0.12759151,0.14778879],
 [0.20732997,0.16533741,-0.09439448,0.08183405,0.07160164,0.19319861,0.04457324,-0.00166741,0.00555689,-0.08243392,0.22128174,-0.13466187,-0.11528645,0.12565470,0.16815323,-0.13430424,0.16917965,0.12152639,-0.08641951,0.12088241,0.10961522,-0.09448747,-0.10325021,-0.08637083,0.13727790,0.19255374,0.07640375,0.19247961,0.11021131,0.22621010,0.14333011,-0.09774139,0.12674423,0.06794105,0.14602491,0.10845206,0.01666864],
 [0.01915632,0.09592801,0.05438599,0.17576477,-0.30611262,-0.12819807,-0.03994314,-0.19943543,-0.14658017,-0.00017502,-0.24391584,0.00237010,0.14398009,-0.07654996,-0.08994834,-0.10326672,-0.11435843,0.14804144,-0.07172676,0.08633397,-0.13324901,0.11587252,0.09115111,-0.07817516,0.01186984,0.04661618,-0.13035293,0.07654054,-0.01457465,0.01855559,0.04264351,0.25646368,0.12624538,0.03009585,0.07422927,-0.09842266,-0.03176343],
 [-0.05652533,0.05018417,0.06903826,0.20323136,-0.07732482,-0.11105712,0.03556326,-0.19129233,-0.03975135,-0.08510455,-0.31485012,-0.04984452,0.12968624,-0.24170968,-0.13957037,-0.02823847,-0.02063816,-0.05344800,-0.11036237,0.11492463,0.14070202,0.21294412,-0.00783935,0.19220617,-0.10810236,-0.07026567,-0.15372743,0.13773766,0.00845195,0.01541873,0.06850752,-0.01823814,0.04899531,-0.04362850,-0.12712070,0.07021491,0.08785272],
 [-0.22063823,-0.23792207,-0.20777746,-0.14462657,0.20375505,-0.19922817,-0.13431615,-0.03587637,-0.03522648,-0.05157661,-0.07992160,-0.04940027,0.00942581,0.19022630,-0.20896137,0.09146412,-0.11980611,-0.01670370,-0.04918401,-0.00035778,-0.18089902,-0.11844311,-0.21148430,-0.20322011,0.09077133,-0.11022514,0.03628468,-0.06993011,-0.11137126,-0.12256764,-0.05988597,-0.29241508,-0.22584806,0.02982725,-0.18647812,-0.09333975,-0.05418010],
 [0.00192266,0.14262918,-0.03044194,-0.03891716,0.35135761,-0.12116857,0.06608101,-0.12578548,0.08886249,-0.00839898,-0.01457544,0.13437326,-0.10909923,-0.06688849,-0.07975509,0.07530457,0.15681085,-0.13673453,-0.17078732,-0.10244965,-0.02363306,-0.20326564,0.08716340,-0.22016700,0.14331643,-0.01128458,0.15765637,-0.09712301,-0.00442735,-0.06694511,-0.02329071,-0.03037034,-0.15750027,-0.18158254,-0.11488474,-0.09462742,-0.06509545],
 [0.03592673,0.03683449,-0.14195020,-0.04661619,0.28052366,0.14636414,-0.08471982,0.20294343,-0.00269432,-0.08482500,0.25691572,-0.15211238,0.16385910,0.01497762,0.03749573,0.11276457,0.08605830,-0.20761077,0.16367242,-0.20474021,0.05825709,-0.21986908,0.06175600,-0.11157344,0.16353956,-0.04007077,0.28098422,-0.08811998,0.18769899,-0.08979973,0.13937898,-0.25189519,-0.16258331,0.11009320,-0.12815203,0.09815743,0.18364301],
 [-0.09650852,-0.03930011,0.05540725,-0.02799794,-0.30157623,0.09881772,-0.03638780,0.10497076,-0.06637105,0.16656439,-0.32851496,0.02076815,-0.14986387,-0.19736871,0.14595884,0.02906233,-0.13780527,-0.01803274,-0.04929566,0.19058906,0.04952718,0.00695569,0.09168251,0.16701865,-0.11285339,-0.04237799,-0.12907660,0.04949855,-0.18651377,0.08519613,-0.09525877,0.10799535,0.19653355,-0.02012021,0.12452208,0.11156103,0.08251140],
 [-0.18846820,0.13908501,0.19989851,0.19920120,-0.18809077,0.09415868,-0.12544937,-0.06010691,-0.10343125,-0.09661641,-0.03929507,0.00491875,0.00162330,0.06713033,0.15132728,0.10884833,-0.02835833,0.15711275,0.00999890,0.14235310,0.01432352,0.14463569,0.04392198,0.10460283,0.05194841,-0.05715439,-0.10137632,0.19760342,0.02728811,-0.07383686,0.10950990,0.06253546,0.04464772,0.02672715,-0.11115211,-0.05538189,-0.14636523],
 [0.11636817,0.11651461,-0.08309716,-0.17784451,0.31676328,-0.06658450,-0.06689311,0.11841783,0.03538143,-0.08534300,0.07236863,-0.00562965,0.14800589,0.20152800,-0.02876064,-0.09533310,0.11374687,-0.09849927,-0.06876649,0.06704440,-0.20050775,0.00957312,-0.03814968,-0.04419483,-0.06864709,-0.14874396,0.16088939,-0.20488003,0.07077719,-0.13072607,0.01797521,-0.20436354,-0.07531796,-0.06583118,0.02764308,0.08981925,0.10097641],
 [0.01225722,0.16093467,-0.12218761,-0.02752134,0.29039088,-0.05634291,-0.00236255,-0.09471565,-0.08413592,-0.11818861,0.05549635,0.14677851,0.11161762,0.05827283,-0.16879602,0.01775546,0.07985718,-0.11084197,-0.03653523,-0.12263122,0.03965482,-0.25794607,-0.18956138,0.06723308,0.13128406,-0.07527292,0.20681994,-0.17239539,-0.07148052,-0.03497970,-0.12447263,-0.06760159,-0.01104413,-0.02666242,-0.06891908,0.05493736,-0.12519474],
 [0.01195977,-0.14219040,0.00935421,0.19779535,-0.20410709,-0.17009901,0.01710039,-0.12874755,-0.23922282,-0.04298099,-0.21622695,-0.10706758,0.06390099,-0.05355928,0.00716596,-0.16967674,0.07353263,-0.09250390,-0.05278420,0.14057311,-0.10517614,0.21287483,0.02032088,0.13649318,-0.11955477,-0.00670867,-0.30410570,0.10665841,-0.02560195,-0.03904331,-0.03502841,0.08987409,0.08515408,-0.20790085,-0.00167553,-0.05338663,-0.15812728],
 [-0.13691483,0.04156817,0.12751384,0.03786571,0.09005999,0.13429719,0.09317287,0.06955475,0.10622301,-0.03134452,0.27357993,0.03347916,0.23310386,0.20578764,-0.04944560,-0.05935641,-0.04054260,-0.11389159,0.01517488,0.13222206,-0.09168617,-0.13811292,0.08194317,0.06448544,0.20427251,-0.04583870,0.20367333,-0.13324472,0.05522453,-0.01866010,0.09445207,-0.16205326,-0.09115284,0.17372254,-0.07061730,-0.10716239,-0.00043217],
 [0.02487166,0.08413578,-0.00623049,-0.15217148,0.21754870,0.11925771,-0.04433057,0.04063242,-0.05570988,0.01177901,-0.01824282,0.07991831,-0.05138537,0.17164789,-0.21893239,-0.01070746,0.08391068,-0.08408102,0.05454480,-0.18888313,-0.19177243,-0.02386320,-0.00444298,-0.09824011,0.01900989,-0.11777310,-0.06870896,-0.02328923,0.17693673,0.11690652,0.01515254,-0.27231473,-0.14117007,-0.15758006,-0.09502830,0.15571624,0.02319498],
 [-0.13720289,-0.11630093,0.17136031,-0.07309911,-0.06502782,0.06474631,0.16286500,0.10319523,0.10551807,0.10185892,0.09444883,-0.06151066,-0.03411910,-0.26373035,0.06204456,0.22862071,0.08907978,0.07619116,0.04800617,0.01777625,0.18018885,0.15281531,0.08258513,0.14887348,-0.10661752,0.06423303,-0.01483845,-0.11018939,-0.00880069,0.07527127,0.14998759,0.24852164,0.01265001,0.02875150,0.05739912,0.07759185,0.00709979],
 [0.06385294,-0.07889520,-0.15048632,-0.23180827,0.06307185,-0.03826826,0.11500964,0.10800489,0.09489488,0.08882475,0.05457323,0.04716891,-0.15133512,0.08161184,0.03916088,-0.20196117,-0.07514414,-0.13953622,0.01680109,-0.23212245,0.07350124,-0.08390185,-0.22029805,-0.11933346,0.08269669,-0.04088469,0.24158137,0.03509281,0.13576390,0.15083796,-0.10842501,-0.15202743,-0.13976343,-0.15841414,-0.00886071,-0.01186736,0.06579971],
 [-0.18684493,-0.13470501,-0.08085845,-0.23733617,0.21401726,-0.10147522,0.13652997,-0.00362653,-0.05954039,-0.16456972,0.01794797,0.17092635,0.07763088,-0.00505381,-0.11061673,0.05478419,-0.11941228,0.05628085,0.08822872,0.02433479,-0.18077943,-0.15314555,-0.24167310,-0.11999857,0.04491370,-0.04192052,0.21593335,-0.17365286,0.04638202,-0.01049013,-0.14877093,-0.03521696,-0.14618091,0.11119089,-0.00483828,0.14899263,0.03658044],
 [0.19467275,0.17830801,-0.04227074,-0.02910388,-0.35163277,-0.01877428,0.19765346,0.08625106,0.05394297,0.21360159,0.08698281,0.04122183,-0.14503266,-0.07180155,-0.02559483,0.03549828,0.02363754,0.02412923,-0.07861443,0.08423132,0.13369119,0.07167002,0.04226560,0.19028293,-0.21608528,0.02326290,-0.03785196,0.22956769,0.05523892,0.00391708,0.14663726,0.13513117,0.16031815,0.19459650,0.02727210,-0.07475905,0.06804635],
 [0.01450588,-0.00684740,0.11589082,-0.07492205,-0.14985916,0.09407772,-0.07523350,-0.13744669,0.02206242,-0.03457104,-0.14045878,-0.18719377,0.00714396,0.00022079,0.01635957,0.13695705,0.04580759,-0.11068735,0.18499902,0.09415022,0.00459579,0.21259370,0.14834930,0.04230185,-0.10271052,0.11797293,-0.13210198,0.01402279,0.06058105,0.01655322,0.03277655,0.00724185,0.08648522,0.02485790,-0.04920883,0.03172005,0.10556365],
 [-0.09929542,0.20312516,0.12101910,0.05920126,-0.28216404,0.07818809,0.17405771,0.04443828,0.05488926,0.11051067,-0.06230609,-0.07258581,0.01658404,0.10087594,-0.00772249,0.08537707,0.02596695,-0.01297296,0.08868168,-0.06459989,-0.07856882,0.25830549,0.23538870,-0.04937327,0.09972077,0.09358736,-0.02454198,0.06062721,0.03839776,0.13094319,-0.03124909,0.29774922,0.20510907,0.12709588,0.08584443,0.10455590,0.14849293],
 [0.15319006,0.00830990,0.07349637,-0.01857691,-0.22626184,-0.06256688,0.00023501,0.10121058,0.20057178,0.03123600,0.20697701,-0.10599678,0.14788759,0.16521634,0.04842394,0.08455350,0.07148495,-0.05545850,0.20619835,0.07912825,0.22808270,-0.01156995,0.16128322,0.13009675,0.10475683,0.14771684,-0.07474881,0.17626818,-0.03664021,0.09888224,0.16364357,0.35124165,0.17810151,0.24229383,0.13908334,-0.05249360,0.22969340],
 [0.13551216,-0.10624693,-0.16018601,0.04308845,0.07164466,0.01207426,0.20881997,-0.14093186,0.11258142,-0.11554804,0.21628852,-0.12887166,0.18409419,-0.05521132,-0.06309037,0.08594521,0.18240251,-0.20250368,0.00705174,-0.10082620,0.06129408,-0.13789523,0.09718879,-0.07787026,-0.06369697,0.08763346,0.04337179,-0.09695732,0.02371906,-0.12498240,0.00803331,-0.03392192,-0.12115747,-0.15341030,-0.18870224,0.14155070,-0.11354152],
 [0.01284353,-0.09533374,0.15846106,-0.12803368,0.23879366,-0.10372905,0.01633390,0.13173071,0.14217670,-0.10985522,0.22689481,0.12356095,-0.07500553,-0.00689693,-0.11649677,0.11274774,0.06712072,0.08424161,0.08087711,0.14723988,0.12401728,-0.22118083,-0.12755451,-0.09765431,0.09985545,-0.02339616,0.17612772,-0.12543775,0.24039455,0.15912500,-0.13659799,0.04969461,-0.06877628,-0.00219926,-0.01877182,0.12670206,0.08560129],
 [0.04443812,-0.00843749,-0.09175379,-0.06621836,0.11525679,0.01427379,-0.14427944,-0.15064891,-0.19318545,-0.06023499,-0.02878441,0.18035021,-0.12322073,0.16000710,0.06473555,0.04726136,-0.01492549,-0.09402969,-0.00388570,-0.08945271,-0.17488964,0.03172018,-0.24476893,-0.05544300,0.12375524,-0.09198847,0.13635942,-0.17027539,0.05337110,-0.11588100,-0.03301343,-0.14331068,-0.16335377,-0.00534139,0.04131798,-0.06740895,-0.13056204],
 [-0.00417977,0.13040948,0.10838239,0.28517371,-0.35479790,0.10904445,-0.05155192,-0.10462873,-0.00577398,0.18936355,-0.02851580,0.07783060,-0.05581677,-0.05599573,0.22661169,0.13980277,0.03433989,0.23486193,0.20894744,0.20184377,-0.01370714,0.27079755,0.04648824,0.04682765,0.05007899,0.02531256,-0.10703983,-0.01541832,-0.10636344,0.05180114,0.13510534,0.21369858,0.07080654,-0.00599013,-0.04023686,-0.02177661,0.12807679],
 [-0.19176798,0.13068262,-0.08375809,-0.15944298,0.14652041,-0.09122570,-0.14117752,0.15867622,0.16966845,-0.20205389,0.27744615,0.04472115,0.16111854,-0.05810179,-0.06707647,0.01391487,0.15459736,-0.02919427,0.00585755,-0.01983998,-0.07127036,-0.20919020,0.08877825,-0.06234390,0.17008321,0.12842718,0.15286563,-0.21859097,0.23191813,-0.03431404,-0.06305760,-0.09704918,0.09924612,0.18470615,-0.15457810,0.06729778,0.02715935],
 [-0.07710660,0.20707996,-0.04797881,-0.00588187,-0.09116406,0.08571167,0.08262067,0.06885456,-0.18014961,0.12635484,-0.15493588,0.12329613,0.04766070,-0.06744978,-0.04157241,-0.01342918,-0.10206123,0.22175731,0.20089716,0.24947780,0.04493540,0.01639977,0.13267523,0.21241330,-0.16877100,-0.00862305,-0.05173557,-0.02228128,-0.14641149,-0.00928815,0.23170936,0.24543406,-0.01358824,0.21918674,-0.08053531,0.00575251,0.04312809],
 [-0.06128858,0.16923830,-0.13368949,0.10929760,0.37683257,0.04205547,-0.02399325,0.20538570,-0.09605768,0.03988737,0.32297024,0.10207341,-0.07620172,0.15996648,-0.02062627,0.00222572,0.15546814,-0.04755189,-0.08697388,0.00338057,-0.00619734,-0.19575636,-0.08974615,-0.10185755,0.06399070,0.02184613,0.34426117,-0.04961108,0.19005425,0.23166320,0.17747355,-0.21577035,0.12928474,0.20331247,0.06641892,0.07249969,0.03881066],
 [0.03527356,0.02341519,-0.18522699,0.00990687,0.05499007,-0.01065530,-0.07534354,0.08730938,-0.05886479,-0.04152522,-0.02927787,0.05961489,-0.08947078,0.15331650,-0.05778329,0.10313453,0.11007533,-0.05089125,0.04281561,-0.08606988,0.00744810,-0.19717033,0.04947275,-0.13048948,-0.03647549,-0.01140568,-0.02840840,-0.13809249,-0.04466255,0.01765308,0.00949753,0.00713801,-0.00494412,0.02908817,-0.04798776,0.02595445,-0.09423903],
 [0.19318724,-0.03017300,0.15820286,0.15659687,-0.18036477,0.17398791,-0.04532505,0.00635469,0.05166413,-0.01283690,0.02650845,0.05737079,-0.13697900,-0.07299406,-0.07416528,0.06819060,0.11380521,0.02792348,0.02253180,0.13320035,0.05747987,0.12706715,0.10302150,-0.02819853,0.07186354,-0.13580348,-0.16313675,-0.07291768,-0.09211493,-0.05086287,-0.07372274,0.03981783,0.10514858,0.06252586,0.17911868,0.07285211,-0.02066564],
 [0.12282398,0.12709355,0.04781388,-0.00795430,-0.10041190,-0.01643099,-0.10068671,0.05748423,0.04605249,0.15534271,0.07133424,-0.05805738,0.06210920,-0.07122014,0.20418139,0.13714194,0.09747570,0.17424136,0.17606582,0.02937995,-0.05341365,0.21206060,0.22680254,0.19743523,-0.14452115,-0.12738784,0.04730524,-0.04678810,0.11252511,0.14132585,-0.00609909,0.27621949,0.17372993,0.20962623,0.06912098,0.01660828,0.03264038],
 [-0.14892372,-0.02322963,0.14550726,0.09481445,0.12668398,-0.04860651,-0.01786431,0.12692280,-0.02922165,0.20198640,0.26504052,0.29584444,-0.09331486,-0.01244402,-0.06470842,0.18649386,-0.08959897,0.14250915,0.07920736,-0.00522671,0.00365141,-0.00113630,0.18007095,0.09245416,-0.02468457,-0.06558944,0.05252763,-0.04470073,0.21400522,0.19798011,0.06002682,-0.03134104,-0.02475007,-0.17415860,-0.03495284,0.19168548,0.09194750],
 [0.21828100,0.02741679,0.21730560,0.09429815,0.14163207,0.04073441,-0.04906221,0.20736986,0.17966549,0.01773401,0.19505149,-0.11323966,0.08273583,0.10690179,0.07428814,-0.01079265,-0.06662745,0.04375500,-0.00924324,0.12155092,0.09055863,0.03162935,0.15360942,0.20441069,-0.03743915,0.02334656,-0.07477120,-0.03813788,0.09665208,0.06513809,0.07889589,-0.03906047,0.20046470,0.06123186,-0.05141763,0.09540320,0.11076197],
 [0.18752557,-0.01240802,0.05459096,0.05697352,-0.23268610,-0.01881179,0.09542183,0.17317165,0.12128849,-0.07114153,0.05918406,-0.04893572,0.03749114,0.00530768,0.22013378,-0.09048426,0.03899582,-0.06624815,-0.00027658,-0.00017210,0.01694903,0.16782667,0.01681746,0.15424310,0.07096896,-0.07928023,-0.27477235,-0.04740448,-0.02929552,-0.09234156,-0.03152812,0.20955238,0.19097057,0.03618303,0.18996474,-0.14275961,0.19739489]]

layer1.dendrite.bias
[-0.05230653,0.05253839,-0.11348841,0.16271898,0.04266154,0.08320169,0.10980560,-0.11209019,-0.07886395,0.00116691,-0.25409710,0.00319092,0.08837789,0.01603081,0.04110618,-0.16884506,-0.10407449,0.11598618,-0.02966658,-0.16129436,0.12772550,-0.16912581,0.03831754,0.05469492,0.00447223,-0.03216692,0.06536663,-0.12050010,0.08121479,-0.22891727,0.03781564,-0.05452781,0.14871593,0.14800017,-0.12794763,0.17073789,0.01499327,0.18154265,0.03646859,0.16603860]

layer2.synapse.weight
[[0.10689554,-0.14792350,-0.22479522,-0.00363457,-0.17230216,0.11575522,-0.04588566,-0.15732461,-0.19062744,-0.19208804,0.10752904,0.02800228,0.17089222,-0.05312047,-0.09435406,-0.18310241,-0.04701272,0.04492859,0.13249765,-0.16267675,-0.00533314,0.02248691,-0.20096728,-0.09799594,0.01961974,-0.12189013,0.15480465,0.13771196,-0.22126478,0.02885827,-0.01452920,-0.18489286,0.10449857,0.28683957,-0.11386684,0.06864676,0.07456619,0.09239803,-0.11992597,0.17173079],
 [-0.01650444,0.00195885,0.13640392,0.00955137,-0.01985856,-0.02271911,0.16099128,0.14223133,0.08126246,0.23083054,-0.20003945,0.09008846,-0.00865239,0.06711357,0.05793557,0.22340816,-0.02492912,0.01805743,0.06181754,0.05075765,0.15715820,0.16743100,0.09238722,0.18231769,-0.19679670,-0.01543380,-0.10106484,0.00512412,0.01308108,-0.20193055,-0.09218895,0.21001837,0.02594621,-0.33257434,0.01699553,-0.14350507,-0.07425397,-0.12797832,0.01236359,-0.15679342],
 [-0.25880650,0.14324149,0.10700136,-0.10184661,0.08607098,-0.14822513,0.00020127,0.16055728,0.18329073,-0.00075066,-0.09807636,-0.08096068,-0.08671318,0.10703363,0.17353261,0.21657641,-0.01715316,-0.05622548,0.07931557,0.16694254,0.04078844,0.17712691,0.03166355,0.13240151,-0.21575664,-0.06034442,0.04392808,0.01492317,0.16090931,-0.01315873,-0.21479945,0.17743252,0.04721336,-0.09670770,0.09348658,-0.19251131,0.06584384,0.04933328,0.11219934,0.02142801],
 [0.21087761,0.13419589,-0.08014204,0.23269543,-0.10547038,0.06310396,-0.01411017,-0.04451266,-0.01656097,-0.16981593,-0.08156271,-0.04332854,0.04598907,-0.03018658,0.06391922,-0.06019188,0.05558082,0.29299906,-0.03383925,0.08336126,-0.15984258,0.07227053,-0.20031023,0.07425999,-0.06402755,0.04809767,-0.13489722,0.01044909,-0.15701896,-0.04622483,0.12067389,-0.07270678,0.16979538,0.33238974,-0.16059387,0.15727247,-0.00954360,0.20053358,-0.06511842,0.03622986],
 [0.21654959,-0.02402130,0.06217021,-0.03984834,0.02420164,0.08479549,-0.11315265,-0.20293628,-0.12308562,-0.03206111,-0.08599713,-0.08209838,0.21802853,0.05648480,-0.05415408,-0.19606000,-0.21299385,0.21022280,-0.00810404,0.00117685,-0.00870441,-0.08511552,-0.17745161,-0.07408889,0.14922878,0.10337000,-0.11226632,0.18773924,-0.11911079,0.09298897,0.14786887,-0.25025454,0.18160778,0.21501485,-0.12168229,0.01567692,0.14268836,0.14425309,0.09341753,0.10730139],
 [0.11537246,0.16116741,0.10391297,0.09012911,-0.08145620,-0.13332213,0.00371765,-0.20674865,-0.08832039,-0.08507475,0.00857203,-0.08198429,0.21343596,-0.09420411,0.11721259,-0.09515655,0.15287706,0.20415185,0.10893547,0.15818791,0.13289922,-0.07445765,-0.05883294,0.02028087,-0.13354447,0.02604841,0.06410411,-0.01291977,-0.12087732,-0.13224570,0.13025577,-0.20912315,0.12533104,0.20235610,-0.04032002,0.04596440,0.12770034,0.12169662,0.07449694,0.11968381],
 [-0.11912946,0.08382315,0.02263157,-0.18887125,-0.02453375,0.03645561,0.06075988,-0.03367139,0.03539443,0.06802994,-0.19297004,-0.04230218,-0.06499819,0.03992857,0.17948525,0.15727511,0.14424933,-0.01983294,-0.01455515,0.14425139,-0.10544864,-0.10527592,-0.06831889,0.05148461,-0.10518381,0.04201521,-0.22421552,-0.02089050,-0.02630893,0.05441943,-0.03985795,-0.02811295,0.00111284,-0.10409977,0.09078628,-0.02598249,0.01083078,-0.16038369,0.06846599,-0.17069654],
 [0.19884057,0.09422031,-0.02756496,0.08192969,-0.08772121,-0.07809016,-0.15583070,-0.04033888,-0.11665918,-0.19567879,0.05623894,-0.04478409,0.18247387,-0.16930065,-0.17076074,-0.13406225,-0.08426829,-0.04459430,-0.12685364,-0.18894221,0.07305989,-0.14374511,-0.18920682,-0.20788607,0.08136428,-0.06006891,-0.00227750,0.07047046,-0.11636128,0.00298910,0.01091014,-0.10869543,0.08559616,0.18990891,-0.19935654,0.03401035,0.19079356,0.23202787,-0.06355044,0.02702518],
 [-0.09999765,-0.11830206,-0.09457642,-0.18099630,-0.08887517,-0.10924070,0.02456808,-0.01968502,0.24368866,0.13493574,0.01248033,0.17829366,-0.16140552,0.11682495,0.22194472,-0.09081904,0.13315004,-0.00615250,-0.02597330,-0.09735066,0.13087748,-0.01412888,0.11845446,0.15437895,-0.09288672,-0.02097471,0.19543399,-0.00735834,0.19571365,0.11425138,-0.17123882,0.01522389,-0.04306284,-0.38225999,0.09228083,0.07405111,0.02439646,-0.16259217,-0.12412306,-0.15904146],
 [-0.09829001,-0.02396272,-0.05106460,-0.19671597,0.23479487,-0.07708976,0.09211784,-0.12354132,0.07384704,0.10079905,-0.01483868,-0.11349568,-0.33560759,0.10194508,0.13295005,0.13159239,0.09285398,-0.01988351,-0.13445884,0.05669694,0.05836976,0.01048509,0.13198115,0.02920022,0.04062637,-0.10080375,-0.08451837,0.05550233,0.27518731,-0.10497087,-0.05869017,0.20369548,-0.10634897,-0.24385649,-0.06763802,-0.13816048,0.06235952,-0.15503937,-0.26525000,-0.09433019],
 [-0.01872555,-0.07341724,0.06263256,-0.01271684,0.05530216,-0.10184827,0.01576299,-0.04024862,0.04672612,-0.24791037,0.00571413,-0.10054382,-0.06028336,0.07821339,-0.12824006,-0.07030400,-0.17437229,-0.02354812,0.12606189,-0.05160341,-0.16720590,-0.09021281,-0.17014267,-0.13439626,0.07330409,0.08454629,-0.05639224,0.02703635,-0.16795072,0.07669526,-0.03602323,-0.10870144,0.00567195,0.17756869,-0.15959071,-0.05209498,0.09406257,0.18997501,0.12740833,0.04471199],
 [-0.09562019,-0.02276618,0.02671850,-0.13597977,0.05093066,0.12488878,-0.04871794,0.00686005,0.21047388,0.13189530,0.05716443,-0.10532810,-0.16462956,-0.15294899,-0.13598213,-0.20464575,-0.09822901,-0.16706471,-0.17579769,-0.00085670,0.09236310,-0.18547311,-0.10302205,-0.10907122,0.17788777,-0.12637165,-0.02185052,-0.03123620,0.11437790,0.02790340,0.22604333,-0.10565516,0.26283881,-0.17220116,-0.08564441,0.16247353,0.18257649,-0.20108981,-0.10004601,0.03121995],
 [0.05201653,0.00482827,-0.23501655,0.18513983,0.03862175,0.01839974,-0.01521373,-0.08806156,-0.12432188,-0.12246184,0.13790129,-0.22668023,0.04751013,-0.06568902,-0.06800003,-0.19607089,0.00732812,0.14455022,0.20829256,0.05658994,-0.18873294,-0.21116500,0.00642312,-0.08780719,-0.04632960,0.00938093,0.10381264,0.09106045,-0.16990586,0.21543829,0.10532000,-0.06754363,0.15886880,0.08969463,-0.20280129,0.00354243,-0.00094669,0.16978467,-0.03054504,0.11076269],
 [-0.02499827,-0.02840772,0.01897878,0.31619483,-0.16504776,-0.11742061,-0.03395865,0.00203868,0.04926585,-0.02487686,-0.13612877,-0.02676286,0.16765720,-0.05304507,-0.11608128,-0.11319572,0.10068730,0.24439777,0.15257922,0.03794969,0.05973040,0.09532151,-0.00670733,0.00725952,-0.06037958,0.05839757,-0.08001571,0.18536927,-0.06529526,-0.14867097,0.08097461,-0.19853120,0.16620979,0.31979820,0.11702190,0.12282525,0.08731021,0.15727195,0.20990419,0.11670605],
 [-0.31031650,0.19247398,0.06993829,0.11410537,0.09360956,-0.26612201,0.17277257,-0.05892899,0.15824617,0.15315214,-0.01300210,0.22250505,-0.02158136,0.08221529,-0.05018581,0.06345249,0.23121458,0.03400222,-0.14901529,0.12783927,0.19218038,-0.02058897,0.25965756,0.23856664,-0.07881062,0.03228654,-0.32182106,-0.14656012,0.05792607,-0.11978248,-0.06032871,-0.00187964,-0.04183232,0.03975581,0.17872991,-0.03074542,-0.17791536,-0.18471248,0.09022969,-0.26040897],
 [0.15558679,0.10429589,-0.04417427,0.16013284,-0.14789025,-0.03268585,0.00424303,-0.00471787,-0.22750491,-0.05238054,0.19246244,-0.02613625,0.11878410,-0.17661238,-0.04160631,-0.18780440,-0.16359518,0.26480180,0.15947528,-0.06205358,-0.13061105,-0.21715842,-0.01581896,-0.13955201,0.19421107,-0.07014721,0.10374911,0.19147581,-0.17410885,-0.10631121,0.06767841,-0.02474717,0.22004768,0.18096122,0.06856517,0.08545828,0.02265169,-0.01235206,0.17739113,0.16395879]]

layer2.synapse.bias
[-0.22206579,0.11699696,0.00816156,-0.10422685,-0.07104069,-0.05383276,0.10057015,-0.15682416,0.12803173,-0.06149707,-0.13983420,-0.28208572,-0.05101630,-0.10343886,0.01931527,-0.10416894]

layer2.dendrite.weight
[[0.11252551,-0.10930707,-0.14754757,0.16408256,-0.19364932,0.19520250,-0.05223057,-0.23924151,0.01044885,-0.09922878,0.10044184,-0.16797447,-0.01973276,-0.13026941,-0.01476758,-0.05286730,-0.20294727,0.14458075,-0.04092571,-0.24402148,-0.19435617,0.00550653,-0.09446414,-0.14492249,0.16839939,-0.16574901,0.04786828,0.19043571,-0.05619195,-0.01839292,0.24726675,-0.11953056,0.16736242,0.31502008,0.01589411,0.08260551,0.18807453,0.22814919,0.03469444,-0.01698865],
 [-0.19288854,0.15913856,0.11889458,-0.20953114,0.03412943,0.03924786,0.14892125,0.17699115,0.24496211,0.05713989,-0.09452628,0.19282292,-0.10154662,0.21632993,0.19553593,0.07689056,0.10452520,-0.06981090,-0.11719354,0.20595515,0.09244255,0.18645658,0.12948707,-0.09043654,-0.11063839,0.17247620,-0.11285586,-0.03382888,0.03173470,-0.21085931,-0.21271655,0.05947997,-0.12515582,-0.33837467,0.08951244,-0.21709806,-0.04610355,-0.22681041,0.10345232,-0.07061400],
 [-0.15880071,-0.04216529,0.13706958,-0.14717466,0.12634271,0.07537810,0.14141299,0.17718948,0.12031956,0.11909083,-0.14628103,0.17598779,0.02580151,-0.08119921,0.06065884,0.08634430,-0.00552781,-0.03082252,0.02733587,0.20359319,0.10163704,-0.04557466,0.14120342,0.10105556,-0.06818397,0.10399389,-0.15261516,-0.07082348,0.11603957,0.04886040,0.06168240,-0.00578316,-0.14835089,-0.15880148,0.11695033,-0.14683576,0.01755641,-0.11801137,-0.06513449,0.06862583],
 [-0.05284471,-0.17805927,-0.05489138,-0.11330189,-0.01142754,0.12064505,-0.11565454,-0.03823937,0.11488964,0.06000508,0.00447968,-0.21498111,-0.08811670,-0.10503736,-0.10067242,-0.06318823,-0.06173057,-0.02647734,-0.07641882,-0.26328176,0.08334139,0.03124838,-0.20191470,0.04995574,-0.01476728,-0.23342073,0.12135257,0.25243369,-0.08452211,0.13616487,0.07902179,-0.06200734,0.20834729,-0.00480166,-0.20952235,-0.06955669,0.18203546,0.08660760,0.01181480,0.21208888],
 [-0.07032236,0.10266401,0.13592352,0.02517042,0.01641657,-0.17648323,-0.04113691,0.05538989,0.23047596,0.23333398,-0.14832303,0.12842518,-0.18091580,0.22350268,0.24589917,0.05959198,0.11546048,-0.26325870,-0.07241391,-0.02572318,0.22273923,0.18990900,-0.07147695,-0.04212178,-0.19018489,0.07250952,-0.11850514,-0.08426729,0.07094786,-0.17667691,-0.23742974,-0.02111734,-0.11393784,-0.03160664,-0.06438734,0.03975086,-0.08374511,-0.16618730,-0.04288703,-0.07265322],
 [0.15910771,-0.17012608,-0.18413092,-0.12227007,0.12195428,0.00053523,0.06788737,0.01400548,0.14596182,0.14158373,0.13871305,0.04451917,0.06325839,0.02405007,-0.02055198,-0.15901479,-0.21605869,-0.10895173,-0.11096358,0.02898611,-0.00641890,-0.13043267,-0.19501087,-0.10424332,0.15194060,0.01312793,-0.10161275,-0.00851288,0.18756062,-0.03197620,0.21749002,-0.03558430,0.16814902,0.01156032,-0.11030849,0.21046734,-0.01006263,-0.13740891,0.00937145,0.09214390],
 [-0.01492503,-0.17399897,-0.10724922,0.25335538,0.02083885,0.10031139,-0.18488432,-0.03073533,-0.13778658,-0.18780886,0.07559334,-0.05728373,0.13859741,0.07467295,-0.06854171,-0.02436795,-0.01519383,-0.00309189,0.15007086,-0.13618961,-0.13606073,-0.12504758,-0.06108770,0.04747196,0.06684677,-0.14270133,-0.00311843,-0.06949136,-0.00115275,0.18389642,0.18106334,-0.11667404,0.16502042,0.33867529,-0.02952487,0.09189717,0.08897897,0.05602015,-0.07075723,0.07942136],
 [-0.01507506,-0.00548017,0.20240150,0.01939219,-0.01696229,-0.14719935,-0.02169254,0.19515260,0.02796650,0.24809471,-0.14246361,-0.02202027,-0.25514930,0.07501724,0.00306102,0.09271260,0.02872345,-0.16218074,-0.05770049,0.16039374,-0.04102249,0.19862990,-0.03971696,0.07601736,-0.18544653,0.06979754,-0.01917447,0.02876991,0.17202021,0.03711269,-0.14441262,0.19776469,-0.21527301,-0.15566747,0.01196473,-0.01180621,-0.11989627,0.01736996,-0.16862957,-0.09739198],
 [-0.12675522,0.04248337,0.02489023,0.10417362,-0.07640366,-0.21991140,-0.04437520,-0.05353421,-0.04481814,0.22199437,-0.22582950,0.11172534,-0.08587845,0.00805943,0.22588056,0.16652849,0.10259657,-0.09138277,-0.11491395,0.13956216,0.07860924,-0.06826302,-0.07701737,0.02019821,-0.16607705,0.12426663,-0.08484515,0.01429028,-0.13431199,-0.21514973,-0.18335402,-0.04474063,-0.07461281,-0.17970048,0.09257609,-0.15951343,-0.16911992,-0.03839839,0.09540019,-0.22059190],
 [-0.25910041,-0.20377581,-0.06536531,-0.16599114,0.20977543,-0.05011274,-0.14918497,0.26088393,0.01287012,-0.04073818,0.15439871,0.09279712,-0.11775401,0.12091072,0.13214849,0.18442650,0.12479427,-0.18964624,-0.23129997,-0.05073042,-0.00170004,-0.15471688,-0.08356073,-0.00266595,-0.13079087,-0.10379569,-0.04989195,-0.13246126,0.20356232,-0.01244780,-0.02630242,0.14884081,0.07212687,-0.26974091,-0.17834389,0.14601238,-0.09446701,-0.19146776,-0.08308507,0.10188416],
 [-0.09572563,0.09851163,0.14274718,0.03066090,-0.11556548,0.06826582,0.12482151,0.22118565,0.12896544,0.02890107,0.03602520,0.04729057,-0.25107372,0.10296633,0.05834484,-0.01287653,0.17987339,-0.16918360,0.04035988,0.11464994,0.17668845,0.10728783,-0.03796703,0.11997177,0.02855811,0.10281262,-0.03694410,0.03338208,-0.07678186,-0.02658568,0.02233383,0.12348215,-0.13737999,-0.32947382,0.14882171,-0.12329777,-0.04723776,0.02139338,0.09687702,-0.12665875],
 [0.11865519,0.11801110,0.07912212,0.17355055,0.01035328,-0.05847450,0.10986432,-0.01738036,-0.18431368,-0.19128460,-0.07832304,0.04024470,0.21574128,-0.06573179,0.05449345,0.06275813,-0.03065221,0.22855888,-0.15221281,0.09310073,-0.06860018,0.03298066,0.06374354,-0.04754550,-0.15718831,0.14310850,0.08298030,0.04337188,-0.09534308,0.06332041,0.08721597,-0.20433240,-0.05712587,0.09955163,0.04560975,0.09934291,-0.07162297,0.22828647,0.16511287,-0.17538956],
 [-0.22348152,0.06631877,0.17452666,-0.15152495,0.12818167,-0.01702543,0.15571007,0.02259124,-0.03812465,0.00198691,-0.11146826,0.20131142,-0.18590331,0.17892678,-0.00198158,0.10860763,0.03886934,-0.17936675,-0.13859922,-0.05934725,-0.00097164,-0.01649834,-0.08342887,0.09159653,0.06400827,-0.08782537,-0.11308984,-0.20182206,-0.04690772,-0.08172886,-0.09080950,-0.03416434,-0.20702074,-0.16814581,0.17607799,0.11481975,-0.06917258,-0.16509016,0.01908059,-0.16270459],
 [-0.03370187,0.04978445,-0.00093421,-0.16750035,0.12689142,0.20578521,0.07894668,0.03686256,0.03495712,-0.12272495,0.28786001,-0.03396405,0.14983891,-0.05223726,-0.02898566,0.01294155,-0.09884720,0.07914116,0.05974110,-0.22742978,0.01177449,-0.07220266,-0.25415465,-0.14148092,0.07679701,0.01561474,-0.11766150,0.19140947,-0.02517677,0.24332565,0.27798709,-0.12645350,0.27641279,0.01771264,-0.01108782,0.22035322,0.27784950,-0.10651902,0.01372373,0.15289457],
 [0.17898750,0.00557292,0.09685501,0.25402102,-0.01520225,0.14006646,-0.01299285,-0.23436396,-0.06864224,-0.08230746,-0.11652404,0.10089830,-0.03970101,-0.02441623,-0.09050659,-0.11120838,-0.08664372,0.09220823,-0.00066903,-0.11217933,-0.10975756,-0.06909008,-0.14158395,0.00340850,-0.04587676,0.01607844,-0.08828481,-0.09664983,-0.01435027,-0.02400801,-0.03573260,-0.18115592,-0.01360040,0.16819568,0.01998468,-0.06925068,0.11364636,0.14602600,0.12097783,0.04790921],
 [-0.10507225,0.04352622,0.01633791,0.00142186,0.02367674,-0.07734577,-0.08760781,0.03408091,0.20618886,0.10139278,-0.13462915,0.13574974,-0.23406658,0.13555321,0.25217891,0.19664483,0.07796763,-0.11168481,0.12363997,0.12091792,-0.08273353,0.14320824,-0.00075246,-0.02720327,-0.00334948,-0.03880993,0.11198986,-0.10044777,-0.06246447,-0.13228056,-0.15749362,0.09998555,-0.09680491,-0.11827405,-0.10240810,0.01855405,-0.03020265,-0.05731756,-0.00841528,-0.00548239]]

layer2.dendrite.bias
[-0.18214905,0.10843660,0.23374680,-0.18560374,0.11243420,-0.22671777,0.02700971,0.07978845,0.19503449,-0.10951032,0.04103628,0.11874131,0.19218649,-0.30566615,0.00831907,0.18604970]

layer3.synapse.weight
[[-0.12545039,-0.29221055,-0.02300183,-0.25686684,0.27304301,-0.17012341,0.24722134,0.30566433,-0.19732866,0.21360394,0.23043554,-0.34823674,0.24248116,-0.25848463,0.01115280,0.17324904],
 [-0.30362171,-0.20503248,-0.16309175,-0.07518392,0.32590494,0.03947315,-0.04937604,-0.13747396,0.03231743,-0.21242605,0.13356619,0.20387651,0.27838719,0.16255595,0.10092475,-0.10492481]]

layer3.synapse.bias
[0.05108688,-0.18658708]

layer3.dendrite.weight
[[-0.25083029,-0.17112237,-0.32556072,0.12304091,-0.08044659,0.16135740,0.29403624,0.10042430,0.11561899,-0.37132400,0.04391348,0.10929278,0.16262443,-0.01286096,0.13966237,0.06460253],
 [0.19834432,0.09078616,0.21755083,0.07220346,0.01030056,0.30506089,0.16343883,-0.02218708,0.29211220,-0.07206109,0.05776541,0.35339630,0.08532376,0.32710528,-0.32126394,-0.29722390]]

layer3.dendrite.bias
[-0.28333908,0.02906340]

