[[-0.03806566,0.09284881,0.00468270,0.13800615,-0.34997374,-0.05929932,0.07242023,-0.03687643,0.04905307,0.14979905,-0.30229706,-0.19620639,-0.14408201,0.00661227,-0.07200731,0.00171260,0.09005396,-0.07867038,-0.13915782,0.11140493,-0.04392037,0.12522173,0.18712358,-0.09962212,-0.03269618,0.06499175,-0.32202119,0.12342832,-0.26221958,0.02636858,0.07114449,0.25948641,0.03492017,-0.10115128,-0.02603927,-0.05546713,-0.01455178],
 [0.12951018,0.05266015,0.11629305,0.04564648,-0.14991292,0.15872838,0.15884711,0.11403390,0.18657094,0.00151959,0.06112162,-0.23128954,0.09175650,0.09797425,0.03414679,0.08888432,-0.03295434,0.06215234,0.10887434,0.23248371,0.11575865,0.00752432,0.05058556,-0.04642518,-0.10550534,-0.11345073,-0.12162352,0.10456696,-0.09688129,0.17147416,0.10799267,0.00842301,-0.02385250,0.24459606,0.14778760,0.00596784,0.24636507],
 [-0.05993910,-0.06368334,0.02707844,-0.13420312,0.30381688,-0.03369556,0.06072836,-0.16164908,0.10272535,-0.01826992,0.16800784,-0.11335396,0.03333710,-0.04910282,-0.06683249,-0.13397230,-0.11223548,-0.18028457,-0.05620249,-0.11561948,-0.03449521,-0.19146962,-0.11871351,-0.03920053,0.09644835,-0.06385016,0.23680352,-0.17132729,-0.05330056,0.11913183,-0.19971274,-0.12834376,-0.07097030,-0.10626414,-0.18910727,-0.07435904,0.05349693],
 [0.24523136,0.08182581,-0.00245289,0.12155910,0.04386576,0.09547782,0.22142923,0.12699214,0.14288041,0.08554838,0.01589293,0.14154778,-0.05959086,0.13746136,0.21254304,-0.10669578,-0.00506426,-0.01649328,0.09462018,0.09731319,0.20348643,0.04079439,0.19992284,0.07579415,0.24875744,0.22063443,0.25295112,-0.06142912,0.28524652,0.25046289,0.19278224,0.02303265,0.24242561,0.27876216,0.18857907,0.01444849,0.20341012],
 [-0.03322943,0.03214398,0.08569133,-0.02781649,-0.01359728,-0.07272878,0.01589415,-0.09125123,-0.11288166,-0.08061433,0.14780264,-0.16502377,-0.10252219,-0.01536621,-0.12921506,0.03994061,0.06994596,-0.15998612,-0.12480429,-0.15634541,-0.21512419,-0.17483070,-0.04442512,0.06204395,0.18603611,-0.04169808,0.04317439,0.08517574,0.16914193,-0.09475426,-0.09953666,-0.00359070,-0.10467360,-0.06907082,0.03835118,-0.02681467,-0.16886927],
 [-0.08040838,0.08514569,-0.06090473,0.07441767,-0.33070093,0.02847946,0.19418572,-0.05637293,0.10536876,-0.07792878,-0.08605314,0.07666001,-0.13563687,-0.24838984,0.12716287,0.15796769,0.07142550,-0.07168720,0.19671182,0.11354934,0.02681046,-0.05904271,0.21874446,0.07412715,-0.14076196,-0.03153633,-0.02425552,0.11860871,-0.18666030,-0.06366864,0.07426092,0.06529928,0.18837710,0.03443907,-0.06298655,-0.02824562,-0.09621365],
 [0.18640028,-0.13873376,0.16086191,0.23842826,-0.10148468,0.10783430,0.11307525,-0.06806428,-0.00720184,-0.00998592,-0.03506374,0.12595209,-0.07197776,-0.00326133,-0.02381198,0.01484108,-0.03050140,-0.08501528,0.07566974,0.18520305,-0.05935031,0.10295924,-0.01117807,0.07974751,-0.04936860,-0.04024558,-0.15678379,0.13011850,-0.11237363,0.01149288,-0.14068432,-0.02843021,-0.03599079,0.05369079,-0.05934484,0.12759151,0.14778879],
 [0.20732997,0.16533741,-0.09439448,0.08183405,0.07160164,0.19319861,0.04457324,-0.00166741,0.00555689,-0.08243392,0.22128174,-0.13466187,-0.11528645,0.12565470,0.16815323,-0.13430424,0.16917965,0.12152639,-0.08641951,0.12088241,0.10961522,-0.09448747,-0.10325021,-0.08637083,0.13727790,0.19255374,0.07640375,0.19247961,0.11021131,0.22621010,0.14333011,-0.09774139,0.12674423,0.06794105,0.14602491,0.10845206,0.01666864],
 [0.01915632,0.09592801,0.05438599,0.17576477,-0.30611262,-0.12819807,-0.03994314,-0.19943543,-0.14658017,-0.00017502,-0.24391584,0.00237010,0.14398009,-0.07654996,-0.08994834,-0.10326672,-0.11435843,0.14804144,-0.07172676,0.08633397,-0.13324901,0.11587252,0.09115111,-0.07817516,0.01186984,0.04661618,-0.13035293,0.07654054,-0.01457465,0.01855559,0.04264351,0.25646368,0.12624538,0.03009585,0.07422927,-0.09842266,-0.03176343],
 [-0.05652533,0.05018417,0.06903826,0.20323136,-0.07732482,-0.11105712,0.03556326,-0.19129233,-0.03975135,-0.08510455,-0.31485012,-0.04984452,0.12968624,-0.24170968,-0.13957037,-0.02823847,-0.02063816,-0.05344800,-0.11036237,0.11492463,0.14070202,0.21294412,-0.00783935,0.19220617,-0.10810236,-0.07026567,-0.15372743,0.13773766,0.00845195,0.01541873,0.06850752,-0.01823814,0.04899531,-0.04362850,-0.12712070,0.07021491,0.08785272],
 [-0.22063823,-0.23792207,-0.20777746,-0.14462657,0.20375505,-0.19922817,-0.13431615,-0.03587637,-0.03522648,-0.05157661,-0.07992160,-0.04940027,0.00942581,0.19022630,-0.20896137,0.09146412,-0.11980611,-0.01670370,-0.04918401,-0.00035778,-0.18089902,-0.11844311,-0.21148430,-0.20322011,0.09077133,-0.11022514,0.03628468,-0.06993011,-0.11137126,-0.12256764,-0.05988597,-0.29241508,-0.22584806,0.02982725,-0.18647812,-0.09333975,-0.05418010],
 [0.00192266,0.14262918,-0.03044194,-0.03891716,0.35135761,-0.12116857,0.06608101,-0.12578548,0.08886249,-0.00839898,-0.01457544,0.13437326,-0.10909923,-0.06688849,-0.07975509,0.07530457,0.15681085,-0.13673453,-0.17078732,-0.10244965,-0.02363306,-0.20326564,0.08716340,-0.22016700,0.14331643,-0.01128458,0.15765637,-0.09712301,-0.00442735,-0.06694511,-0.02329071,-0.03037034,-0.15750027,-0.18158254,-0.11488474,-0.09462742,-0.06509545],
 [0.03592673,0.03683449,-0.14195020,-0.04661619,0.28052366,0.14636414,-0.08471982,0.20294343,-0.00269432,-0.08482500,0.25691572,-0.15211238,0.16385910,0.01497762,0.03749573,0.11276457,0.08605830,-0.20761077,0.16367242,-0.20474021,0.05825709,-0.21986908,0.06175600,-0.11157344,0.16353956,-0.04007077,0.28098422,-0.08811998,0.18769899,-0.08979973,0.13937898,-0.25189519,-0.16258331,0.11009320,-0.12815203,0.09815743,0.18364301],
 [-0.09650852,-0.03930011,0.05540725,-0.02799794,-0.30157623,0.09881772,-0.03638780,0.10497076,-0.06637105,0.16656439,-0.32851496,0.02076815,-0.14986387,-0.19736871,0.14595884,0.02906233,-0.13780527,-0.01803274,-0.04929566,0.19058906,0.04952718,0.00695569,0.09168251,0.16701865,-0.11285339,-0.04237799,-0.12907660,0.04949855,-0.18651377,0.08519613,-0.09525877,0.10799535,0.19653355,-0.02012021,0.12452208,0.11156103,0.08251140],
 [-0.18846820,0.13908501,0.19989851,0.19920120,-0.18809077,0.09415868,-0.12544937,-0.06010691,-0.10343125,-0.09661641,-0.03929507,0.00491875,0.00162330,0.06713033,0.15132728,0.10884833,-0.02835833,0.15711275,0.00999890,0.14235310,0.01432352,0.14463569,0.04392198,0.10460283,0.05194841,-0.05715439,-0.10137632,0.19760342,0.02728811,-0.07383686,0.10950990,0.06253546,0.04464772,0.02672715,-0.11115211,-0.05538189,-0.14636523],
 [0.11636817,0.11651461,-0.08309716,-0.17784451,0.31676328,-0.06658450,-0.06689311,0.11841783,0.03538143,-0.08534300,0.07236863,-0.00562965,0.14800589,0.20152800,-0.02876064,-0.09533310,0.11374687,-0.09849927,-0.06876649,0.06704440,-0.20050775,0.00957312,-0.03814968,-0.04419483,-0.06864709,-0.14874396,0.16088939,-0.20488003,0.07077719,-0.13072607,0.01797521,-0.20436354,-0.07531796,-0.06583118,0.02764308,0.08981925,0.10097641],
 [0.01225722,0.16093467,-0.12218761,-0.02752134,0.29039088,-0.05634291,-0.00236255,-0.09471565,-0.08413592,-0.11818861,0.05549635,0.14677851,0.11161762,0.05827283,-0.16879602,0.01775546,0.07985718,-0.11084197,-0.03653523,-0.12263122,0.03965482,-0.25794607,-0.18956138,0.06723308,0.13128406,-0.07527292,0.20681994,-0.17239539,-0.07148052,-0.03497970,-0.12447263,-0.06760159,-0.01104413,-0.02666242,-0.06891908,0.05493736,-0.12519474],
 [0.01195977,-0.14219040,0.00935421,0.19779535,-0.20410709,-0.17009901,0.01710039,-0.12874755,-0.23922282,-0.04298099,-0.21622695,-0.10706758,0.06390099,-0.05355928,0.00716596,-0.16967674,0.07353263,-0.09250390,-0.05278420,0.14057311,-0.10517614,0.21287483,0.02032088,0.13649318,-0.11955477,-0.00670867,-0.30410570,0.10665841,-0.02560195,-0.03904331,-0.03502841,0.08987409,0.08515408,-0.20790085,-0.00167553,-0.05338663,-0.15812728],
 [-0.13691483,0.04156817,0.12751384,0.03786571,0.09005999,0.13429719,0.09317287,0.06955475,0.10622301,-0.03134452,0.27357993,0.03347916,0.23310386,0.20578764,-0.04944560,-0.05935641,-0.04054260,-0.11389159,0.01517488,0.13222206,-0.09168617,-0.13811292,0.08194317,0.06448544,0.20427251,-0.04583870,0.20367333,-0.13324472,0.05522453,-0.01866010,0.09445207,-0.16205326,-0.09115284,0.17372254,-0.07061730,-0.10716239,-0.00043217],
 [0.02487166,0.08413578,-0.00623049,-0.15217148,0.21754870,0.11925771,-0.04433057,0.04063242,-0.05570988,0.01177901,-0.01824282,0.07991831,-0.05138537,0.17164789,-0.21893239,-0.01070746,0.08391068,-0.08408102,0.05454480,-0.18888313,-0.19177243,-0.02386320,-0.00444298,-0.09824011,0.01900989,-0.11777310,-0.06870896,-0.02328923,0.17693673,0.11690652,0.01515254,-0.27231473,-0.14117007,-0.15758006,-0.09502830,0.15571624,0.02319498],
 [-0.13720289,-0.11630093,0.17136031,-0.07309911,-0.06502782,0.06474631,0.16286500,0.10319523,0.10551807,0.10185892,0.09444883,-0.06151066,-0.03411910,-0.26373035,0.06204456,0.22862071,0.08907978,0.07619116,0.04800617,0.01777625,0.18018885,0.15281531,0.08258513,0.14887348,-0.10661752,0.06423303,-0.01483845,-0.11018939,-0.00880069,0.07527127,0.14998759,0.24852164,0.01265001,0.02875150,0.05739912,0.07759185,0.00709979],
 [0.06385294,-0.07889520,-0.15048632,-0.23180827,0.06307185,-0.03826826,0.11500964,0.10800489,0.09489488,0.08882475,0.05457323,0.04716891,-0.15133512,0.08161184,0.03916088,-0.20196117,-0.07514414,-0.13953622,0.01680109,-0.23212245,0.07350124,-0.08390185,-0.22029805,-0.11933346,0.08269669,-0.04088469,0.24158137,0.03509281,0.13576390,0.15083796,-0.10842501,-0.15202743,-0.13976343,-0.15841414,-0.00886071,-0.01186736,0.06579971],
 [-0.18684493,-0.13470501,-0.08085845,-0.23733617,0.21401726,-0.10147522,0.13652997,-0.00362653,-0.05954039,-0.16456972,0.01794797,0.17092635,0.07763088,-0.00505381,-0.11061673,0.05478419,-0.11941228,0.05628085,0.08822872,0.02433479,-0.18077943,-0.15314555,-0.24167310,-0.11999857,0.04491370,-0.04192052,0.21593335,-0.17365286,0.04638202,-0.01049013,-0.14877093,-0.03521696,-0.14618091,0.11119089,-0.00483828,0.14899263,0.03658044],
 [0.19467275,0.17830801,-0.04227074,-0.02910388,-0.35163277,-0.01877428,0.19765346,0.08625106,0.05394297,0.21360159,0.08698281,0.04122183,-0.14503266,-0.07180155,-0.02559483,0.03549828,0.02363754,0.02412923,-0.07861443,0.08423132,0.13369119,0.07167002,0.04226560,0.19028293,-0.21608528,0.02326290,-0.03785196,0.22956769,0.05523892,0.00391708,0.14663726,0.13513117,0.16031815,0.19459650,0.02727210,-0.07475905,0.06804635],
 [0.01450588,-0.00684740,0.11589082,-0.07492205,-0.14985916,0.09407772,-0.07523350,-0.13744669,0.02206242,-0.03457104,-0.14045878,-0.18719377,0.00714396,0.00022079,0.01635957,0.13695705,0.04580759,-0.11068735,0.18499902,0.09415022,0.00459579,0.21259370,0.14834930,0.04230185,-0.10271052,0.11797293,-0.13210198,0.01402279,0.06058105,0.01655322,0.03277655,0.00724185,0.08648522,0.02485790,-0.04920883,0.03172005,0.10556365],
 [-0.09929542,0.20312516,0.12101910,0.05920126,-0.28216404,0.07818809,0.17405771,0.04443828,0.05488926,0.11051067,-0.06230609,-0.07258581,0.01658404,0.10087594,-0.00772249,0.08537707,0.02596695,-0.01297296,0.08868168,-0.06459989,-0.07856882,0.25830549,0.23538870,-0.04937327,0.09972077,0.09358736,-0.02454198,0.06062721,0.03839776,0.13094319,-0.03124909,0.29774922,0.20510907,0.12709588,0.08584443,0.10455590,0.14849293],
 [0.15319006,0.00830990,0.07349637,-0.01857691,-0.22626184,-0.06256688,0.00023501,0.10121058,0.20057178,0.03123600,0.20697701,-0.10599678,0.14788759,0.16521634,0.04842394,0.08455350,0.07148495,-0.05545850,0.20619835,0.07912825,0.22808270,-0.01156995,0.16128322,0.13009675,0.10475683,0.14771684,-0.07474881,0.17626818,-0.03664021,0.09888224,0.16364357,0.35124165,0.17810151,0.24229383,0.13908334,-0.05249360,0.22969340],
 [0.13551216,-0.10624693,-0.16018601,0.04308845,0.07164466,0.01207426,0.20881997,-0.14093186,0.11258142,-0.11554804,0.21628852,-0.12887166,0.18409419,-0.05521132,-0.06309037,0.08594521,0.18240251,-0.20250368,0.00705174,-0.10082620,0.06129408,-0.13789523,0.09718879,-0.07787026,-0.06369697,0.08763346,0.04337179,-0.09695732,0.02371906,-0.12498240,0.00803331,-0.03392192,-0.12115747,-0.15341030,-0.18870224,0.14155070,-0.11354152],
 [0.01284353,-0.09533374,0.15846106,-0.12803368,0.23879366,-0.10372905,0.01633390,0.13173071,0.14217670,-0.10985522,0.22689481,0.12356095,-0.07500553,-0.00689693,-0.11649677,0.11274774,0.06712072,0.08424161,0.08087711,0.14723988,0.12401728,-0.22118083,-0.12755451,-0.09765431,0.09985545,-0.02339616,0.17612772,-0.12543775,0.24039455,0.15912500,-0.13659799,0.04969461,-0.06877628,-0.00219926,-0.01877182,0.12670206,0.08560129],
 [0.04443812,-0.00843749,-0.09175379,-0.06621836,0.11525679,0.01427379,-0.14427944,-0.15064891,-0.19318545,-0.06023499,-0.02878441,0.18035021,-0.12322073,0.16000710,0.06473555,0.04726136,-0.01492549,-0.09402969,-0.00388570,-0.08945271,-0.17488964,0.03172018,-0.24476893,-0.05544300,0.12375524,-0.09198847,0.13635942,-0.17027539,0.05337110,-0.11588100,-0.03301343,-0.14331068,-0.16335377,-0.00534139,0.04131798,-0.06740895,-0.13056204],
 [-0.00417977,0.13040948,0.10838239,0.28517371,-0.35479790,0.10904445,-0.05155192,-0.10462873,-0.00577398,0.18936355,-0.02851580,0.07783060,-0.05581677,-0.05599573,0.22661169,0.13980277,0.03433989,0.23486193,0.20894744,0.20184377,-0.01370714,0.27079755,0.04648824,0.04682765,0.05007899,0.02531256,-0.10703983,-0.01541832,-0.10636344,0.05180114,0.13510534,0.21369858,0.07080654,-0.00599013,-0.04023686,-0.02177661,0.12807679],
 [-0.19176798,0.13068262,-0.08375809,-0.15944298,0.14652041,-0.09122570,-0.14117752,0.15867622,0.16966845,-0.20205389,0.27744615,0.04472115,0.16111854,-0.05810179,-0.06707647,0.01391487,0.15459736,-0.02919427,0.00585755,-0.01983998,-0.07127036,-0.20919020,0.08877825,-0.06234390,0.17008321,0.12842718,0.15286563,-0.21859097,0.23191813,-0.03431404,-0.06305760,-0.09704918,0.09924612,0.18470615,-0.15457810,0.06729778,0.02715935],
 [-0.07710660,0.20707996,-0.04797881,-0.00588187,-0.09116406,0.08571167,0.08262067,0.06885456,-0.18014961,0.12635484,-0.15493588,0.12329613,0.04766070,-0.06744978,-0.04157241,-0.01342918,-0.10206123,0.22175731,0.20089716,0.24947780,0.04493540,0.01639977,0.13267523,0.21241330,-0.16877100,-0.00862305,-0.05173557,-0.02228128,-0.14641149,-0.00928815,0.23170936,0.24543406,-0.01358824,0.21918674,-0.08053531,0.00575251,0.04312809],
 [-0.06128858,0.16923830,-0.13368949,0.10929760,0.37683257,0.04205547,-0.02399325,0.20538570,-0.09605768,0.03988737,0.32297024,0.10207341,-0.07620172,0.15996648,-0.02062627,0.00222572,0.15546814,-0.04755189,-0.08697388,0.00338057,-0.00619734,-0.19575636,-0.08974615,-0.10185755,0.06399070,0.02184613,0.34426117,-0.04961108,0.19005425,0.23166320,0.17747355,-0.21577035,0.12928474,0.20331247,0.06641892,0.07249969,0.03881066],
 [0.03527356,0.02341519,-0.18522699,0.00990687,0.05499007,-0.01065530,-0.07534354,0.08730938,-0.05886479,-0.04152522,-0.02927787,0.05961489,-0.08947078,0.15331650,-0.05778329,0.10313453,0.11007533,-0.05089125,0.04281561,-0.08606988,0.00744810,-0.19717033,0.04947275,-0.13048948,-0.03647549,-0.01140568,-0.02840840,-0.13809249,-0.04466255,0.01765308,0.00949753,0.00713801,-0.00494412,0.02908817,-0.04798776,0.02595445,-0.09423903],
 [0.19318724,-0.03017300,0.15820286,0.15659687,-0.18036477,0.17398791,-0.04532505,0.00635469,0.05166413,-0.01283690,0.02650845,0.05737079,-0.13697900,-0.07299406,-0.07416528,0.06819060,0.11380521,0.02792348,0.02253180,0.13320035,0.05747987,0.12706715,0.10302150,-0.02819853,0.07186354,-0.13580348,-0.16313675,-0.07291768,-0.09211493,-0.05086287,-0.07372274,0.03981783,0.10514858,0.06252586,0.17911868,0.07285211,-0.02066564],
 [0.12282398,0.12709355,0.04781388,-0.00795430,-0.10041190,-0.01643099,-0.10068671,0.05748423,0.04605249,0.15534271,0.07133424,-0.05805738,0.06210920,-0.07122014,0.20418139,0.13714194,0.09747570,0.17424136,0.17606582,0.02937995,-0.05341365,0.21206060,0.22680254,0.19743523,-0.14452115,-0.12738784,0.04730524,-0.04678810,0.11252511,0.14132585,-0.00609909,0.27621949,0.17372993,0.20962623,0.06912098,0.01660828,0.03264038],
 [-0.14892372,-0.02322963,0.14550726,0.09481445,0.12668398,-0.04860651,-0.01786431,0.12692280,-0.02922165,0.20198640,0.26504052,0.29584444,-0.09331486,-0.01244402,-0.06470842,0.18649386,-0.08959897,0.14250915,0.07920736,-0.00522671,0.00365141,-0.00113630,0.18007095,0.09245416,-0.02468457,-0.06558944,0.05252763,-0.04470073,0.21400522,0.19798011,0.06002682,-0.03134104,-0.02475007,-0.17415860,-0.03495284,0.19168548,0.09194750],
 [0.21828100,0.02741679,0.21730560,0.09429815,0.14163207,0.04073441,-0.04906221,0.20736986,0.17966549,0.01773401,0.19505149,-0.11323966,0.08273583,0.10690179,0.07428814,-0.01079265,-0.06662745,0.04375500,-0.00924324,0.12155092,0.09055863,0.03162935,0.15360942,0.20441069,-0.03743915,0.02334656,-0.07477120,-0.03813788,0.09665208,0.06513809,0.07889589,-0.03906047,0.20046470,0.06123186,-0.05141763,0.09540320,0.11076197],
 [0.18752557,-0.01240802,0.05459096,0.05697352,-0.23268610,-0.01881179,0.09542183,0.17317165,0.12128849,-0.07114153,0.05918406,-0.04893572,0.03749114,0.00530768,0.22013378,-0.09048426,0.03899582,-0.06624815,-0.00027658,-0.00017210,0.01694903,0.16782667,0.01681746,0.15424310,0.07096896,-0.07928023,-0.27477235,-0.04740448,-0.02929552,-0.09234156,-0.03152812,0.20955238,0.19097057,0.03618303,0.18996474,-0.14275961,0.19739489]]